https://www.delish.com/
0:  0 1 0 0 2 2 3 4 5 6 7 8 9 10 11 12 13 14 15 16 17 18 19 20 21 22 23 24 25 26 27 28 29 30 15 31 32 33 34 35 36 37 35 38 39 40 41 42 43 0 0 44 45 46 47 0 0 44 0 0 0 2 48 48 48 0 49 49 50 50 51 51 52 52 53 53 54 54 54 55 55 55 56 56 56 57 57 57 58 59 59 60 60 61 61 62 62 63 63 64 64 65 65 66 66 67 67 68 68 69 70 70 71 71 72 72 73 73 74 74 75 75 76 76 77 77 78 78 79 79 80 80 81 81 82 82 83 83 84 84 85 85 86 86 87 87 88 88 89 89 90 90 91 91 92 92 93 93 94 94 95 95 96 96 97 97 0 38 39 98 99 42 2 100 101 102 103 104 105 106 46 46 46 47 107 45
https://www.delish.com/cooking/recipe-ideas/a36008356/taiwanese-popcorn-chicken-recipe/
1:  1 1 2 2 3 4 5 6 7 8 9 10 11 12 13 14 15 16 17 18 19 20 21 22 23 24 25 26 27 28 29 30 15 31 32 33 34 35 36 37 35 38 39 40 41 42 43 0 0 44 45 46 47 1 0 44 1 1 0 2 48 48 48 1 68 108 109 110 111 112 113 114 1 113 115 116 116 112 117 118 63 119 120 121 122 123 124 125 126 117 5 4 127 128 129 130 131 132 0 38 39 98 99 42 2 100 101 102 103 104 105 106 46 46 46 47 107 45
https://www.delish.com/cooking/recipe-ideas/a35396705/chicken-yakisoba-recipe/
128:  128 128 2 2 3 4 5 6 7 8 9 10 11 12 13 14 15 16 17 18 19 20 21 22 23 24 25 26 27 28 29 30 15 31 32 33 34 35 36 37 35 38 39 40 41 42 43 0 0 44 45 46 47 128 0 44 128 128 0 2 48 48 48 128 68 108 109 110 111 133 113 114 128 113 134 133 5 1 135 136 94 137 138 139 140 141 142 5 4 129 143 144 131 1 145 0 38 39 98 99 42 2 100 101 102 103 104 105 106 46 46 46 47 107 45
https://www.delish.com/author/225118/justin-sullivan/
133:  133 133 2 2 3 4 5 6 7 8 9 10 11 12 13 14 15 16 17 18 19 20 21 22 23 24 25 26 27 28 29 30 15 31 32 33 34 35 36 37 35 38 39 40 41 42 43 0 0 44 45 46 47 133 0 44 133 133 0 2 48 48 48 133 146 138 147 148 149 131 150 151 152 153 154 155 156 157 158 84 85 128 159 160 161 162 163 164 165 166 167 168 169 170 171 0 38 39 98 99 42 2 100 101 102 103 104 105 106 46 46 46 47 107 45
https://www.delish.com/cooking/recipe-ideas/a32766753/classic-paloma-cocktail/
147:  147 147 2 2 3 4 5 6 7 8 9 10 11 12 13 14 15 16 17 18 19 20 21 22 23 24 25 26 27 28 29 30 15 31 32 33 34 35 36 37 35 38 39 40 41 42 43 0 0 44 45 46 47 147 0 44 147 147 0 2 48 48 48 147 68 108 109 110 111 133 113 114 147 113 172 173 113 113 116 133 5 1 135 136 94 137 138 139 140 141 142 5 4 174 175 176 177 178 179 0 38 39 98 99 42 2 100 101 102 103 104 105 106 46 46 46 47 107 45
https://www.delish.com/cooking/g4132/best-margarita-recipes/
172:  172 172 2 2 3 4 5 6 7 8 9 10 11 12 13 14 15 16 17 18 19 20 21 22 23 24 25 26 27 28 29 30 15 31 32 33 34 35 36 37 35 38 39 40 41 42 43 0 0 44 45 46 47 172 0 44 172 172 0 2 48 48 48 172 68 108 109 110 111 180 181 182 113 183 113 184 113 185 113 186 186 113 187 113 188 113 189 113 190 113 191 113 192 113 193 113 194 113 195 113 196 113 197 113 198 113 199 113 200 113 201 113 202 113 203 113 204 113 205 206 180 207 208 209 210 211 212 213 214 215 216 217 207 4 218 219 220 210 221 222 0 38 39 98 99 42 2 100 101 102 103 104 105 106 46 46 46 47 107 45
https://www.delish.com/author/10328/sienna-fantozzi/
180:  180 180 2 2 3 4 5 6 7 8 9 10 11 12 13 14 15 16 17 18 19 20 21 22 23 24 25 26 27 28 29 30 15 31 32 33 34 35 36 37 35 38 39 40 41 42 43 0 0 44 45 46 47 180 0 44 180 180 0 2 48 48 48 180 223 224 225 226 141 227 228 210 229 230 231 232 233 234 235 236 237 238 239 240 241 242 243 244 245 110 246 247 248 249 250 251 252 253 0 38 39 98 99 42 2 100 101 102 103 104 105 106 46 46 46 47 107 45
https://www.delish.com/cooking/g4601/italian-sausage-recipes/
226:  226 226 2 2 3 4 5 6 7 8 9 10 11 12 13 14 15 16 17 18 19 20 21 22 23 24 25 26 27 28 29 30 15 31 32 33 34 35 36 37 35 38 39 40 41 42 43 0 0 44 45 46 47 226 0 44 226 226 0 2 48 48 48 226 68 108 109 110 111 180 113 254 113 255 113 256 113 256 113 257 113 258 113 259 113 260 113 261 113 262 113 263 264 113 265 266 113 267 113 268 269 113 270 113 271 113 272 113 273 113 274 275 113 276 113 277 113 278 113 279 113 280 113 281 282 180 4 1 135 136 94 137 138 283 284 139 140 4 285 286 287 288 256 262 0 38 39 98 99 42 2 100 101 102 103 104 105 106 46 46 46 47 107 45
https://www.delish.com/cooking/recipe-ideas/recipes/a52928/italian-sausage-stuffed-peppers-recipe/
256:  256 256 2 2 3 4 5 6 7 8 9 10 11 12 13 14 15 16 17 18 19 20 21 22 23 24 25 26 27 28 29 30 15 31 32 33 34 35 36 37 35 38 39 40 41 42 43 0 0 44 45 46 47 256 0 44 256 256 0 2 48 48 48 256 68 108 109 110 111 289 113 114 256 113 113 5 1 135 136 94 137 138 139 140 141 142 5 4 290 254 291 272 292 293 0 38 39 98 99 42 2 100 101 102 103 104 105 106 46 46 46 47 107 45
https://www.delish.com/author/17384/tiffany-azure/
289:  289 289 2 2 3 4 5 6 7 8 9 10 11 12 13 14 15 16 17 18 19 20 21 22 23 24 25 26 27 28 29 30 15 31 32 33 34 35 36 37 35 38 39 40 41 42 43 0 0 44 45 46 47 289 0 44 289 289 0 2 48 48 48 289 294 295 296 297 298 299 300 301 302 303 304 256 305 306 307 308 309 310 0 38 39 98 99 42 2 100 101 102 103 104 105 106 46 46 46 47 107 45
https://www.delish.com/cooking/recipe-ideas/a53594/grilled-bruschetta-chicken-recipe/
295:  295 295 2 2 3 4 5 6 7 8 9 10 11 12 13 14 15 16 17 18 19 20 21 22 23 24 25 26 27 28 29 30 15 31 32 33 34 35 36 37 35 38 39 40 41 42 43 0 0 44 45 46 47 295 0 44 295 295 0 2 48 48 48 295 295 0 311 295 312 289 113 114 295 313 113 314 5 1 135 136 94 137 138 139 140 141 142 315 5 4 316 317 318 319 320 321 0 38 39 98 99 42 2 100 101 102 103 104 105 106 46 46 46 47 107 45
https://www.delish.com/cooking/recipe-ideas/recipes/a53158/california-grilled-chicken-recipe/
320:  320 320 2 2 3 4 5 6 7 8 9 10 11 12 13 14 15 16 17 18 19 20 21 22 23 24 25 26 27 28 29 30 15 31 32 33 34 35 36 37 35 38 39 40 41 42 43 0 0 44 45 46 47 320 0 44 320 320 0 2 48 48 48 320 68 108 109 110 111 113 114 320 322 113 323 324 325 326 327 328 329 330 331 332 333 323 334 5 4 295 335 336 337 338 339 0 38 39 98 99 42 2 100 101 102 103 104 105 106 46 46 46 47 107 45
https://www.delish.com/keepin-it-real-chicken-recipes/
323:  323 323 2 2 3 4 5 6 7 8 9 10 11 12 13 14 15 16 17 18 19 20 21 22 23 24 25 26 27 28 29 30 15 31 32 33 34 35 36 37 35 38 39 40 41 42 43 0 0 44 45 46 47 323 0 44 323 323 0 2 48 48 48 323 323 0 340 323 324 324 325 325 326 326 327 327 328 328 329 329 330 330 331 331 332 332 333 333 341 341 342 342 343 343 344 344 345 345 346 346 347 347 348 348 349 349 350 350 351 351 352 352 353 353 354 354 355 355 356 356 357 357 358 358 359 359 360 360 361 361 362 362 363 363 364 364 365 365 366 366 367 367 368 368 369 369 370 370 371 371 372 372 373 373 374 374 0 38 39 98 99 42 2 100 101 102 103 104 105 106 46 46 46 47 107 45
https://www.delish.com/cooking/recipe-ideas/a27169627/air-fryer-chicken-wings-recipe/
342:  342 342 2 2 3 4 5 6 7 8 9 10 11 12 13 14 15 16 17 18 19 20 21 22 23 24 25 26 27 28 29 30 15 31 32 33 34 35 36 37 35 38 39 40 41 42 43 0 0 44 45 46 47 342 0 44 342 342 0 2 48 48 48 342 68 108 109 110 111 375 113 114 342 376 377 378 379 113 375 380 119 324 381 325 382 247 383 127 384 385 380 323 386 5 4 387 388 389 371 390 391 0 38 39 98 99 42 2 100 101 102 103 104 105 106 46 46 46 47 107 45
https://www.delish.com/cooking/g1419/healthy-slow-cooker-recipes/
385:  385 385 2 2 3 4 5 6 7 8 9 10 11 12 13 14 15 16 17 18 19 20 21 22 23 24 25 26 27 28 29 30 15 31 32 33 34 35 36 37 35 38 39 40 41 42 43 0 0 44 45 46 47 385 0 44 385 385 0 2 48 48 48 385 68 108 109 110 111 392 393 113 394 113 395 113 396 113 397 113 398 113 399 113 400 113 265 113 341 113 401 113 402 113 403 113 404 113 405 113 406 113 407 113 408 113 347 113 409 113 410 113 411 113 412 113 413 113 414 113 415 113 416 113 417 113 418 113 419 420 392 380 119 324 381 325 382 247 383 127 384 421 380 422 4 423 424 425 426 427 428 0 38 39 98 99 42 2 100 101 102 103 104 105 106 46 46 46 47 107 45
https://www.delish.com/author/218940/Madison-Flager/
392:  392 392 2 2 3 4 5 6 7 8 9 10 11 12 13 14 15 16 17 18 19 20 21 22 23 24 25 26 27 28 29 30 15 31 32 33 34 35 36 37 35 38 39 40 41 42 43 0 0 44 45 46 47 392 0 44 392 392 0 2 48 48 48 392 429 430 282 227 431 432 230 231 433 434 435 237 436 437 438 248 83 439 440 441 442 443 444 445 446 447 448 449 450 451 452 453 454 0 38 39 98 99 42 2 100 101 102 103 104 105 106 46 46 46 47 107 45
https://www.delish.com/holiday-recipes/cinco-de-mayo/g27152343/mexican-chicken-recipes/
431:  431 431 2 2 3 4 5 6 7 8 9 10 11 12 13 14 15 16 17 18 19 20 21 22 23 24 25 26 27 28 29 30 15 31 32 33 34 35 36 37 35 38 39 40 41 42 43 0 0 44 45 46 47 431 0 44 431 431 0 2 48 48 48 431 68 108 109 110 111 392 455 113 456 113 457 113 458 113 459 113 460 113 461 113 462 113 463 113 464 465 113 459 113 349 113 466 113 467 113 143 113 468 113 469 113 461 113 470 113 471 113 457 113 472 113 473 113 474 113 394 113 475 113 476 113 477 113 478 113 479 113 480 221 392 24 481 482 483 484 485 486 487 488 489 490 24 16 482 481 491 221 492 493 0 38 39 98 99 42 2 100 101 102 103 104 105 106 46 46 46 47 107 45
https://www.delish.com/cooking/g4568/mexican-side-dishes/
455:  455 455 2 2 3 4 5 6 7 8 9 10 11 12 13 14 15 16 17 18 19 20 21 22 23 24 25 26 27 28 29 30 15 31 32 33 34 35 36 37 35 38 39 40 41 42 43 0 0 44 45 46 47 455 0 44 455 455 0 2 48 48 48 455 68 108 109 110 111 180 481 113 494 113 495 113 496 113 497 113 498 113 499 113 500 113 501 113 502 113 503 113 467 113 504 113 505 113 469 113 70 113 506 113 473 113 507 113 508 113 509 113 510 113 511 113 512 113 513 113 514 113 515 113 516 451 180 4 1 135 136 94 137 138 283 284 139 226 4 492 517 483 482 518 519 0 38 39 98 99 42 2 100 101 102 103 104 105 106 46 46 46 47 107 45
https://www.delish.com/cooking/g1970/side-dishes/
517:  517 517 2 2 3 4 5 6 7 8 9 10 11 12 13 14 15 16 17 18 19 20 21 22 23 24 25 26 27 28 29 30 15 31 32 33 34 35 36 37 35 38 39 40 41 42 43 0 0 44 45 46 47 517 0 44 517 517 0 2 48 48 48 517 68 108 109 110 111 180 392 520 519 113 521 113 522 113 523 113 524 113 525 113 526 113 527 113 528 113 529 113 530 113 531 113 532 113 533 113 534 113 535 113 536 113 537 113 538 113 539 113 540 113 541 113 542 113 543 113 544 113 81 113 545 113 546 113 547 113 548 113 549 550 180 392 4 1 135 136 94 137 138 283 284 139 226 4 551 552 553 554 520 232 0 38 39 98 99 42 2 100 101 102 103 104 105 106 46 46 46 47 107 45
