https://www.cookstr.com/
0:  1 2 3 4 0 0 5 6 7 8 9 10 11 12 12 13 13 14 14 15 15 16 16 17 17 18 18 12 12 13 13 14 14 15 15 16 16 17 17 18 18 0 0 19 19 19 20 21 22 23 24 25 25 25 26 27 28 29 24 30 30 30 31 32 33 34 35 36 36 36 37 38 39 40 41 42 42 42 43 44 45 46 47 48 48 49 50 49 6 51 52 53 54 55 56 57 58 59 60 61 62 63 64 65 66 67 68 69 70 71 72 73 74 75 76 77 78 79 6 80 81 82 83 84 85 86 87 88 89 90 91 92 93 94 95 96 97 98 99 100 101 102 103 104 105 106 107 108 109 110 111 112 113 114 115 116 117 118 119 120 121 122 123 124 125 126 127 128 129 130 131 132 133 134 135 136 137 138 139 140 141 142 143 144 145 146 147 148 149 150 151 152 153 154 155 156 157 158 1 2 3 4 12 12 12 159 160 161 162 163 164 11 165 166 167 1 1 3 3 168 168 169 170 171 2 172 173 173 174 175 176 177 178 179 180 181 182 183 184 5 185 186 187 188 189 188 190 191 192 168 168 3 168 3 168
https://www.cookstr.com/section/mybox/action/view
1:  1 2 3 4 0 1 5 6 7 8 9 10 11 0 3 6 51 52 53 54 55 56 57 58 59 60 61 62 63 64 65 66 67 68 69 70 71 72 73 74 75 76 77 78 79 6 80 81 82 83 84 85 86 87 88 89 90 91 92 93 94 95 96 97 98 99 100 101 102 103 104 105 106 107 108 109 110 111 112 113 114 115 116 117 118 119 120 121 122 123 124 125 126 127 128 129 130 131 132 133 134 135 136 137 138 139 140 141 142 143 144 145 146 147 148 149 150 151 152 153 154 155 156 157 158 1 2 3 4 12 12 12 159 160 161 162 163 164 11 165 166 167 1 1 3 3 168 168 169 170 171 2 172 173 173 174 175 176 177 178 179 180 181 182 183 184 5 185 186 187 188 189 188 190 191 192 168 168 3 168 3 168
https://www.cookstr.com/section/subctr
2:  1 2 3 4 0 2 5 6 7 8 9 10 11 0 2 193 188 6 51 52 53 54 55 56 57 58 59 60 61 62 63 64 65 66 67 68 69 70 71 72 73 74 75 76 77 78 79 6 80 81 82 83 84 85 86 87 88 89 90 91 92 93 94 95 96 97 98 99 100 101 102 103 104 105 106 107 108 109 110 111 112 113 114 115 116 117 118 119 120 121 122 123 124 125 126 127 128 129 130 131 132 133 134 135 136 137 138 139 140 141 142 143 144 145 146 147 148 149 150 151 152 153 154 155 156 157 158 1 2 3 4 12 12 12 159 160 161 162 163 164 11 165 166 167 1 1 3 3 168 168 169 170 171 2 172 173 173 174 175 176 177 178 179 180 181 182 183 184 5 185 186 187 188 189 188 190 191 192 168 168 3 168 3 168
https://www.cookstr.com/section/update-email
193:  1 2 3 4 0 193 5 6 7 8 9 10 11 0 6 51 52 53 54 55 56 57 58 59 60 61 62 63 64 65 66 67 68 69 70 71 72 73 74 75 76 77 78 79 6 80 81 82 83 84 85 86 87 88 89 90 91 92 93 94 95 96 97 98 99 100 101 102 103 104 105 106 107 108 109 110 111 112 113 114 115 116 117 118 119 120 121 122 123 124 125 126 127 128 129 130 131 132 133 134 135 136 137 138 139 140 141 142 143 144 145 146 147 148 149 150 151 152 153 154 155 156 157 158 1 2 3 4 12 12 12 159 160 161 162 163 164 11 165 166 167 1 1 3 3 168 168 169 170 171 2 172 173 173 174 175 176 177 178 179 180 181 182 183 184 5 185 186 187 188 189 188 190 191 192 168 168 3 168 3 168
https://www.cookstr.com/section/account/action/login
3:  1 2 3 4 0 3 5 6 7 8 9 10 11 0 3 6 51 52 53 54 55 56 57 58 59 60 61 62 63 64 65 66 67 68 69 70 71 72 73 74 75 76 77 78 79 6 80 81 82 83 84 85 86 87 88 89 90 91 92 93 94 95 96 97 98 99 100 101 102 103 104 105 106 107 108 109 110 111 112 113 114 115 116 117 118 119 120 121 122 123 124 125 126 127 128 129 130 131 132 133 134 135 136 137 138 139 140 141 142 143 144 145 146 147 148 149 150 151 152 153 154 155 156 157 158 1 2 3 4 12 12 12 159 160 161 162 163 164 11 165 166 167 1 1 3 3 168 168 169 170 171 2 172 173 173 174 175 176 177 178 179 180 181 182 183 184 5 185 186 187 188 189 188 190 191 192 168 168 3 168 3 168
https://www.cookstr.com/section/account/action/register
4:  1 2 3 4 0 4 5 6 7 8 9 10 11 0 4 6 51 52 53 54 55 56 57 58 59 60 61 62 63 64 65 66 67 68 69 70 71 72 73 74 75 76 77 78 79 6 80 81 82 83 84 85 86 87 88 89 90 91 92 93 94 95 96 97 98 99 100 101 102 103 104 105 106 107 108 109 110 111 112 113 114 115 116 117 118 119 120 121 122 123 124 125 126 127 128 129 130 131 132 133 134 135 136 137 138 139 140 141 142 143 144 145 146 147 148 149 150 151 152 153 154 155 156 157 158 1 2 3 4 12 12 12 159 160 161 162 163 164 11 165 166 167 1 1 3 3 168 168 169 170 171 2 172 173 173 174 175 176 177 178 179 180 181 182 183 184 5 185 186 187 188 189 188 190 191 192 168 168 3 168 3 168
https://www.cookstr.com/index.php/hct/about_us
5:  1 2 3 4 0 5 5 6 7 8 9 10 11 169 171 170 2 186 187 194 6 51 52 53 54 55 56 57 58 59 60 61 62 63 64 65 66 67 68 69 70 71 72 73 74 75 76 77 78 79 6 80 81 82 83 84 85 86 87 88 89 90 91 92 93 94 95 96 97 98 99 100 101 102 103 104 105 106 107 108 109 110 111 112 113 114 115 116 117 118 119 120 121 122 123 124 125 126 127 128 129 130 131 132 133 134 135 136 137 138 139 140 141 142 143 144 145 146 147 148 149 150 151 152 153 154 155 156 157 158 1 2 3 4 12 12 12 159 160 161 162 163 164 11 165 166 167 1 1 3 3 168 168 169 170 171 2 172 173 173 174 175 176 177 178 179 180 181 182 183 184 5 185 186 187 188 189 188 190 191 192 168 168 3 168 3 168
https://www.cookstr.com/recipes
6:  1 2 3 4 0 6 5 6 7 8 9 10 11 0 195 195 195 196 197 198 199 196 200 200 200 201 201 201 202 202 202 203 203 203 204 204 204 205 205 205 206 206 206 207 207 207 208 208 208 209 209 209 210 210 210 211 211 211 212 212 212 213 213 213 214 214 214 196 197 198 199 196 6 6 51 52 53 54 55 56 57 58 59 60 61 62 63 64 65 66 67 68 69 70 71 72 73 74 75 76 77 78 79 80 81 82 83 84 85 86 87 88 89 90 91 92 93 94 95 96 97 98 99 100 101 102 103 104 105 106 107 108 109 110 111 112 113 114 115 116 117 118 119 120 121 122 123 124 125 126 127 128 129 130 131 132 133 134 135 136 137 138 139 140 141 142 143 144 145 146 147 148 149 150 151 152 153 154 155 156 157 158 1 2 3 4 12 12 12 215 175 216 200 217 213 218 219 220 221 1 1 3 3 168 168 169 170 171 2 172 173 173 174 175 176 177 178 179 180 181 182 183 184 5 185 186 187 188 189 188 190 191 192 168 168 3 168 3 168
https://www.cookstr.com/recipes/
195:  1 2 3 4 0 195 5 6 7 8 9 10 11 0 195 195 195 196 197 198 199 196 200 200 200 201 201 201 202 202 202 203 203 203 204 204 204 205 205 205 206 206 206 207 207 207 208 208 208 209 209 209 210 210 210 211 211 211 212 212 212 213 213 213 214 214 214 196 197 198 199 196 6 6 51 52 53 54 55 56 57 58 59 60 61 62 63 64 65 66 67 68 69 70 71 72 73 74 75 76 77 78 79 80 81 82 83 84 85 86 87 88 89 90 91 92 93 94 95 96 97 98 99 100 101 102 103 104 105 106 107 108 109 110 111 112 113 114 115 116 117 118 119 120 121 122 123 124 125 126 127 128 129 130 131 132 133 134 135 136 137 138 139 140 141 142 143 144 145 146 147 148 149 150 151 152 153 154 155 156 157 158 1 2 3 4 12 12 12 215 175 216 200 217 213 218 219 220 221 1 1 3 3 168 168 169 170 171 2 172 173 173 174 175 176 177 178 179 180 181 182 183 184 5 185 186 187 188 189 188 190 191 192 168 168 3 168 3 168
https://www.cookstr.com/recipes/page/2
196:  1 2 3 4 0 196 5 6 7 8 9 10 11 0 195 195 195 222 222 197 198 223 199 197 224 224 224 225 225 225 226 226 226 227 227 227 228 228 228 229 229 229 230 230 230 231 231 231 232 232 232 233 233 233 234 234 234 235 235 235 236 236 236 237 237 237 238 238 238 222 222 197 198 223 199 197 6 6 51 52 53 54 55 56 57 58 59 60 61 62 63 64 65 66 67 68 69 70 71 72 73 74 75 76 77 78 79 80 81 82 83 84 85 86 87 88 89 90 91 92 93 94 95 96 97 98 99 100 101 102 103 104 105 106 107 108 109 110 111 112 113 114 115 116 117 118 119 120 121 122 123 124 125 126 127 128 129 130 131 132 133 134 135 136 137 138 139 140 141 142 143 144 145 146 147 148 149 150 151 152 153 154 155 156 157 158 1 2 3 4 12 12 12 215 175 216 200 217 213 218 219 220 221 1 1 3 3 168 168 169 170 171 2 172 173 173 174 175 176 177 178 179 180 181 182 183 184 5 185 186 187 188 189 188 190 191 192 168 168 3 168 3 168
https://www.cookstr.com/recipes/fontina-and-asparagus-soup
224:  1 2 3 4 0 224 5 6 7 8 9 10 11 0 6 239 240 241 241 241 242 243 243 244 245 246 247 224 224 245 246 247 224 6 6 51 52 53 54 55 56 57 58 59 60 61 62 63 64 65 66 67 68 69 70 71 72 73 74 75 76 77 78 79 80 81 82 83 84 85 86 87 88 89 90 91 92 93 94 95 96 97 98 99 100 101 102 103 104 105 106 107 108 109 110 111 112 113 114 115 116 117 118 119 120 121 122 123 124 125 126 127 128 129 130 131 132 133 134 135 136 137 138 139 140 141 142 143 144 145 146 147 148 149 150 151 152 153 154 155 156 157 158 1 2 3 4 12 12 12 215 175 216 200 217 213 218 219 220 221 1 1 3 3 168 168 173 173 174 175 176 177 178 179 180 181 182 183 184 5 185 186 187 188 189 188 190 191 192 168 168 3 168 3 168
https://www.cookstr.com/users/meredith-deeds
240:  1 2 3 4 0 240 5 6 7 8 9 10 11 248 248 248 248 241 241 240 249 250 251 252 252 240 253 250 254 255 255 240 256 250 257 6 51 52 53 54 55 56 57 58 59 60 61 62 63 64 65 66 67 68 69 70 71 72 73 74 75 76 77 78 79 6 80 81 82 83 84 85 86 87 88 89 90 91 92 93 94 95 96 97 98 99 100 101 102 103 104 105 106 107 108 109 110 111 112 113 114 115 116 117 118 119 120 121 122 123 124 125 126 127 128 129 130 131 132 133 134 135 136 137 138 139 140 141 142 143 144 145 146 147 148 149 150 151 152 153 154 155 156 157 158 1 2 3 4 12 12 12 159 160 161 162 163 164 11 165 166 167 1 1 3 3 168 168 169 170 171 2 172 173 173 174 175 176 177 178 179 180 181 182 183 184 5 185 186 187 188 189 188 190 191 192 168 168 3 168 3 168
https://www.cookstr.com/recipes/chicken-fingers-with-honey-mustard-dipping-sauce
248:  1 2 3 4 0 248 5 6 7 8 9 10 11 0 6 248 239 240 252 252 252 242 243 243 258 245 246 247 248 248 245 246 247 248 248 248 6 6 51 52 53 54 55 56 57 58 59 60 61 62 63 64 65 66 67 68 69 70 71 72 73 74 75 76 77 78 79 80 81 82 83 84 85 86 87 88 89 90 91 92 93 94 95 96 97 98 99 100 101 102 103 104 105 106 107 108 109 110 111 112 113 114 115 116 117 118 119 120 121 122 123 124 125 126 127 128 129 130 131 132 133 134 135 136 137 138 139 140 141 142 143 144 145 146 147 148 149 150 151 152 153 154 155 156 157 158 1 2 3 4 12 12 12 215 175 216 200 217 213 218 219 220 221 1 1 3 3 168 168 173 173 174 175 176 177 178 179 180 181 182 183 184 5 185 186 187 188 189 188 190 191 192 168 168 3 168 3 168
https://www.cookstr.com/cookbooks/the-big-book-of-appetizers
252:  1 2 3 4 0 252 5 6 7 8 9 10 11 253 250 254 239 239 240 240 259 259 260 260 261 261 262 262 263 263 264 264 265 265 248 248 266 266 267 267 268 268 269 269 270 270 255 255 241 241 252 252 6 51 52 53 54 55 56 57 58 59 60 61 62 63 64 65 66 67 68 69 70 71 72 73 74 75 76 77 78 79 6 80 81 82 83 84 85 86 87 88 89 90 91 92 93 94 95 96 97 98 99 100 101 102 103 104 105 106 107 108 109 110 111 112 113 114 115 116 117 118 119 120 121 122 123 124 125 126 127 128 129 130 131 132 133 134 135 136 137 138 139 140 141 142 143 144 145 146 147 148 149 150 151 152 153 154 155 156 157 158 1 2 3 4 12 12 12 159 160 161 162 163 164 11 165 166 167 1 1 3 3 168 168 169 170 171 2 172 173 173 174 175 176 177 178 179 180 181 182 183 184 5 185 186 187 188 189 188 190 191 192 168 168 3 168 3 168
https://www.cookstr.com/recipes/homemade-potato-chips-with-blue-cheese
259:  1 2 3 4 0 259 5 6 7 8 9 10 11 0 6 239 240 252 252 252 242 243 243 245 246 247 259 259 245 246 247 259 6 6 51 52 53 54 55 56 57 58 59 60 61 62 63 64 65 66 67 68 69 70 71 72 73 74 75 76 77 78 79 80 81 82 83 84 85 86 87 88 89 90 91 92 93 94 95 96 97 98 99 100 101 102 103 104 105 106 107 108 109 110 111 112 113 114 115 116 117 118 119 120 121 122 123 124 125 126 127 128 129 130 131 132 133 134 135 136 137 138 139 140 141 142 143 144 145 146 147 148 149 150 151 152 153 154 155 156 157 158 1 2 3 4 12 12 12 215 175 216 200 217 213 218 219 220 221 1 1 3 3 168 168 173 173 174 175 176 177 178 179 180 181 182 183 184 5 185 186 187 188 189 188 190 191 192 168 168 3 168 3 168
https://www.cookstr.com/recipes/grape-leaves-with-lamb-and-dill
260:  1 2 3 4 0 260 5 6 7 8 9 10 11 0 6 239 240 252 252 252 242 243 243 245 246 247 260 260 245 246 247 260 6 6 51 52 53 54 55 56 57 58 59 60 61 62 63 64 65 66 67 68 69 70 71 72 73 74 75 76 77 78 79 80 81 82 83 84 85 86 87 88 89 90 91 92 93 94 95 96 97 98 99 100 101 102 103 104 105 106 107 108 109 110 111 112 113 114 115 116 117 118 119 120 121 122 123 124 125 126 127 128 129 130 131 132 133 134 135 136 137 138 139 140 141 142 143 144 145 146 147 148 149 150 151 152 153 154 155 156 157 158 1 2 3 4 12 12 12 215 175 216 200 217 213 218 219 220 221 1 1 3 3 168 168 173 173 174 175 176 177 178 179 180 181 182 183 184 5 185 186 187 188 189 188 190 191 192 168 168 3 168 3 168
https://www.cookstr.com/recipes/herbed-shrimp-with-snow-peas
261:  1 2 3 4 0 261 5 6 7 8 9 10 11 0 6 239 240 252 252 252 242 243 243 245 246 247 261 261 245 246 247 261 6 6 51 52 53 54 55 56 57 58 59 60 61 62 63 64 65 66 67 68 69 70 71 72 73 74 75 76 77 78 79 80 81 82 83 84 85 86 87 88 89 90 91 92 93 94 95 96 97 98 99 100 101 102 103 104 105 106 107 108 109 110 111 112 113 114 115 116 117 118 119 120 121 122 123 124 125 126 127 128 129 130 131 132 133 134 135 136 137 138 139 140 141 142 143 144 145 146 147 148 149 150 151 152 153 154 155 156 157 158 1 2 3 4 12 12 12 215 175 216 200 217 213 218 219 220 221 1 1 3 3 168 168 173 173 174 175 176 177 178 179 180 181 182 183 184 5 185 186 187 188 189 188 190 191 192 168 168 3 168 3 168
https://www.cookstr.com/recipes/spicy-red-curry-beef-summer-rolls
262:  1 2 3 4 0 262 5 6 7 8 9 10 11 0 6 239 240 252 252 252 242 243 243 271 245 246 247 262 262 245 246 247 262 6 6 51 52 53 54 55 56 57 58 59 60 61 62 63 64 65 66 67 68 69 70 71 72 73 74 75 76 77 78 79 80 81 82 83 84 85 86 87 88 89 90 91 92 93 94 95 96 97 98 99 100 101 102 103 104 105 106 107 108 109 110 111 112 113 114 115 116 117 118 119 120 121 122 123 124 125 126 127 128 129 130 131 132 133 134 135 136 137 138 139 140 141 142 143 144 145 146 147 148 149 150 151 152 153 154 155 156 157 158 1 2 3 4 12 12 12 215 175 216 200 217 213 218 219 220 221 1 1 3 3 168 168 173 173 174 175 176 177 178 179 180 181 182 183 184 5 185 186 187 188 189 188 190 191 192 168 168 3 168 3 168
https://www.cookstr.com/recipes/spicy-thai-dipping-sauce
263:  1 2 3 4 0 263 5 6 7 8 9 10 11 0 6 239 240 252 252 252 242 243 243 245 246 247 263 263 245 246 247 263 6 6 51 52 53 54 55 56 57 58 59 60 61 62 63 64 65 66 67 68 69 70 71 72 73 74 75 76 77 78 79 80 81 82 83 84 85 86 87 88 89 90 91 92 93 94 95 96 97 98 99 100 101 102 103 104 105 106 107 108 109 110 111 112 113 114 115 116 117 118 119 120 121 122 123 124 125 126 127 128 129 130 131 132 133 134 135 136 137 138 139 140 141 142 143 144 145 146 147 148 149 150 151 152 153 154 155 156 157 158 1 2 3 4 12 12 12 215 175 216 200 217 213 218 219 220 221 1 1 3 3 168 168 173 173 174 175 176 177 178 179 180 181 182 183 184 5 185 186 187 188 189 188 190 191 192 168 168 3 168 3 168
https://www.cookstr.com/recipes/phyllo-purses-with-brie-pistachios-and-apricots
264:  1 2 3 4 0 264 5 6 7 8 9 10 11 0 6 239 239 239 252 252 252 242 243 243 245 246 247 264 264 245 246 247 264 6 6 51 52 53 54 55 56 57 58 59 60 61 62 63 64 65 66 67 68 69 70 71 72 73 74 75 76 77 78 79 80 81 82 83 84 85 86 87 88 89 90 91 92 93 94 95 96 97 98 99 100 101 102 103 104 105 106 107 108 109 110 111 112 113 114 115 116 117 118 119 120 121 122 123 124 125 126 127 128 129 130 131 132 133 134 135 136 137 138 139 140 141 142 143 144 145 146 147 148 149 150 151 152 153 154 155 156 157 158 1 2 3 4 12 12 12 215 175 216 200 217 213 218 219 220 221 1 1 3 3 168 168 173 173 174 175 176 177 178 179 180 181 182 183 184 5 185 186 187 188 189 188 190 191 192 168 168 3 168 3 168
https://www.cookstr.com/recipes/cornmeal-grissini-with-fennel
265:  1 2 3 4 0 265 5 6 7 8 9 10 11 0 6 239 240 252 252 252 242 243 243 245 246 247 265 265 245 246 247 265 6 6 51 52 53 54 55 56 57 58 59 60 61 62 63 64 65 66 67 68 69 70 71 72 73 74 75 76 77 78 79 80 81 82 83 84 85 86 87 88 89 90 91 92 93 94 95 96 97 98 99 100 101 102 103 104 105 106 107 108 109 110 111 112 113 114 115 116 117 118 119 120 121 122 123 124 125 126 127 128 129 130 131 132 133 134 135 136 137 138 139 140 141 142 143 144 145 146 147 148 149 150 151 152 153 154 155 156 157 158 1 2 3 4 12 12 12 215 175 216 200 217 213 218 219 220 221 1 1 3 3 168 168 173 173 174 175 176 177 178 179 180 181 182 183 184 5 185 186 187 188 189 188 190 191 192 168 168 3 168 3 168
https://www.cookstr.com/recipes/honey-mustard-dipping-sauce-meredith-deeds
266:  1 2 3 4 0 266 5 6 7 8 9 10 11 0 6 266 239 240 252 252 252 242 243 243 248 245 246 247 266 266 245 246 247 266 266 6 6 51 52 53 54 55 56 57 58 59 60 61 62 63 64 65 66 67 68 69 70 71 72 73 74 75 76 77 78 79 80 81 82 83 84 85 86 87 88 89 90 91 92 93 94 95 96 97 98 99 100 101 102 103 104 105 106 107 108 109 110 111 112 113 114 115 116 117 118 119 120 121 122 123 124 125 126 127 128 129 130 131 132 133 134 135 136 137 138 139 140 141 142 143 144 145 146 147 148 149 150 151 152 153 154 155 156 157 158 1 2 3 4 12 12 12 215 175 216 200 217 213 218 219 220 221 1 1 3 3 168 168 173 173 174 175 176 177 178 179 180 181 182 183 184 5 185 186 187 188 189 188 190 191 192 168 168 3 168 3 168
https://www.cookstr.com/recipes/sweet-and-spicy-sesame-lamb-meatballs
267:  1 2 3 4 0 267 5 6 7 8 9 10 11 0 6 239 240 252 252 252 242 243 243 272 245 246 247 267 267 245 246 247 267 6 6 51 52 53 54 55 56 57 58 59 60 61 62 63 64 65 66 67 68 69 70 71 72 73 74 75 76 77 78 79 80 81 82 83 84 85 86 87 88 89 90 91 92 93 94 95 96 97 98 99 100 101 102 103 104 105 106 107 108 109 110 111 112 113 114 115 116 117 118 119 120 121 122 123 124 125 126 127 128 129 130 131 132 133 134 135 136 137 138 139 140 141 142 143 144 145 146 147 148 149 150 151 152 153 154 155 156 157 158 1 2 3 4 12 12 12 215 175 216 200 217 213 218 219 220 221 1 1 3 3 168 168 173 173 174 175 176 177 178 179 180 181 182 183 184 5 185 186 187 188 189 188 190 191 192 168 168 3 168 3 168
https://www.cookstr.com/recipes/cucumber-and-cilantro-yogurt-dip
268:  1 2 3 4 0 268 5 6 7 8 9 10 11 0 6 239 240 252 252 252 242 243 243 245 246 247 268 268 245 246 247 268 6 6 51 52 53 54 55 56 57 58 59 60 61 62 63 64 65 66 67 68 69 70 71 72 73 74 75 76 77 78 79 80 81 82 83 84 85 86 87 88 89 90 91 92 93 94 95 96 97 98 99 100 101 102 103 104 105 106 107 108 109 110 111 112 113 114 115 116 117 118 119 120 121 122 123 124 125 126 127 128 129 130 131 132 133 134 135 136 137 138 139 140 141 142 143 144 145 146 147 148 149 150 151 152 153 154 155 156 157 158 1 2 3 4 12 12 12 215 175 216 200 217 213 218 219 220 221 1 1 3 3 168 168 173 173 174 175 176 177 178 179 180 181 182 183 184 5 185 186 187 188 189 188 190 191 192 168 168 3 168 3 168
https://www.cookstr.com/recipes/grilled-apples-with-herbes-de-provence-and-micro-greens
269:  1 2 3 4 0 269 5 6 7 8 9 10 11 0 6 239 240 252 252 252 242 243 243 245 246 247 269 269 245 246 247 269 6 6 51 52 53 54 55 56 57 58 59 60 61 62 63 64 65 66 67 68 69 70 71 72 73 74 75 76 77 78 79 80 81 82 83 84 85 86 87 88 89 90 91 92 93 94 95 96 97 98 99 100 101 102 103 104 105 106 107 108 109 110 111 112 113 114 115 116 117 118 119 120 121 122 123 124 125 126 127 128 129 130 131 132 133 134 135 136 137 138 139 140 141 142 143 144 145 146 147 148 149 150 151 152 153 154 155 156 157 158 1 2 3 4 12 12 12 215 175 216 200 217 213 218 219 220 221 1 1 3 3 168 168 173 173 174 175 176 177 178 179 180 181 182 183 184 5 185 186 187 188 189 188 190 191 192 168 168 3 168 3 168
https://www.cookstr.com/recipes/chilled-shrimp-with-bloody-mary-cocktail-sauce
270:  1 2 3 4 0 270 5 6 7 8 9 10 11 0 6 239 240 252 252 252 242 243 243 245 246 247 270 270 245 246 247 270 6 6 51 52 53 54 55 56 57 58 59 60 61 62 63 64 65 66 67 68 69 70 71 72 73 74 75 76 77 78 79 80 81 82 83 84 85 86 87 88 89 90 91 92 93 94 95 96 97 98 99 100 101 102 103 104 105 106 107 108 109 110 111 112 113 114 115 116 117 118 119 120 121 122 123 124 125 126 127 128 129 130 131 132 133 134 135 136 137 138 139 140 141 142 143 144 145 146 147 148 149 150 151 152 153 154 155 156 157 158 1 2 3 4 12 12 12 215 175 216 200 217 213 218 219 220 221 1 1 3 3 168 168 173 173 174 175 176 177 178 179 180 181 182 183 184 5 185 186 187 188 189 188 190 191 192 168 168 3 168 3 168
https://www.cookstr.com/cookbooks/the-mixer-bible-over-300-recipes-for-your-stand-mixer
255:  1 2 3 4 0 255 5 6 7 8 9 10 11 256 250 257 239 239 240 240 273 273 274 274 275 275 276 276 277 277 278 278 279 279 280 280 281 281 282 282 283 283 284 284 285 285 286 286 287 287 288 288 289 289 290 290 291 291 292 292 255 255 241 241 252 252 6 51 52 53 54 55 56 57 58 59 60 61 62 63 64 65 66 67 68 69 70 71 72 73 74 75 76 77 78 79 6 80 81 82 83 84 85 86 87 88 89 90 91 92 93 94 95 96 97 98 99 100 101 102 103 104 105 106 107 108 109 110 111 112 113 114 115 116 117 118 119 120 121 122 123 124 125 126 127 128 129 130 131 132 133 134 135 136 137 138 139 140 141 142 143 144 145 146 147 148 149 150 151 152 153 154 155 156 157 158 1 2 3 4 12 12 12 159 160 161 162 163 164 11 165 166 167 1 1 3 3 168 168 169 170 171 2 172 173 173 174 175 176 177 178 179 180 181 182 183 184 5 185 186 187 188 189 188 190 191 192 168 168 3 168 3 168
https://www.cookstr.com/recipes/thai-beef-meatballs-with-peanut-dipping-sauce
273:  1 2 3 4 0 273 5 6 7 8 9 10 11 0 6 239 240 255 255 255 242 243 243 245 246 247 273 273 245 246 247 273 6 6 51 52 53 54 55 56 57 58 59 60 61 62 63 64 65 66 67 68 69 70 71 72 73 74 75 76 77 78 79 80 81 82 83 84 85 86 87 88 89 90 91 92 93 94 95 96 97 98 99 100 101 102 103 104 105 106 107 108 109 110 111 112 113 114 115 116 117 118 119 120 121 122 123 124 125 126 127 128 129 130 131 132 133 134 135 136 137 138 139 140 141 142 143 144 145 146 147 148 149 150 151 152 153 154 155 156 157 158 1 2 3 4 12 12 12 215 175 216 200 217 213 218 219 220 221 1 1 3 3 168 168 173 173 174 175 176 177 178 179 180 181 182 183 184 5 185 186 187 188 189 188 190 191 192 168 168 3 168 3 168
https://www.cookstr.com/recipes/white-bean-rosemary-and-pancetta-bruschetta
274:  1 2 3 4 0 274 5 6 7 8 9 10 11 0 6 239 240 255 255 255 242 243 243 245 246 247 274 274 245 246 247 274 6 6 51 52 53 54 55 56 57 58 59 60 61 62 63 64 65 66 67 68 69 70 71 72 73 74 75 76 77 78 79 80 81 82 83 84 85 86 87 88 89 90 91 92 93 94 95 96 97 98 99 100 101 102 103 104 105 106 107 108 109 110 111 112 113 114 115 116 117 118 119 120 121 122 123 124 125 126 127 128 129 130 131 132 133 134 135 136 137 138 139 140 141 142 143 144 145 146 147 148 149 150 151 152 153 154 155 156 157 158 1 2 3 4 12 12 12 215 175 216 200 217 213 218 219 220 221 1 1 3 3 168 168 173 173 174 175 176 177 178 179 180 181 182 183 184 5 185 186 187 188 189 188 190 191 192 168 168 3 168 3 168
https://www.cookstr.com/recipes/smashed-potatoes-carla-snyder
275:  1 2 3 4 0 275 5 6 7 8 9 10 11 0 6 239 240 255 255 255 242 243 243 245 246 247 275 275 245 246 247 275 6 6 51 52 53 54 55 56 57 58 59 60 61 62 63 64 65 66 67 68 69 70 71 72 73 74 75 76 77 78 79 80 81 82 83 84 85 86 87 88 89 90 91 92 93 94 95 96 97 98 99 100 101 102 103 104 105 106 107 108 109 110 111 112 113 114 115 116 117 118 119 120 121 122 123 124 125 126 127 128 129 130 131 132 133 134 135 136 137 138 139 140 141 142 143 144 145 146 147 148 149 150 151 152 153 154 155 156 157 158 1 2 3 4 12 12 12 215 175 216 200 217 213 218 219 220 221 1 1 3 3 168 168 173 173 174 175 176 177 178 179 180 181 182 183 184 5 185 186 187 188 189 188 190 191 192 168 168 3 168 3 168
https://www.cookstr.com/recipes/lemon-thyme-turkey-burgers
276:  1 2 3 4 0 276 5 6 7 8 9 10 11 0 6 239 240 255 255 255 242 243 243 293 245 246 247 276 276 245 246 247 276 6 6 51 52 53 54 55 56 57 58 59 60 61 62 63 64 65 66 67 68 69 70 71 72 73 74 75 76 77 78 79 80 81 82 83 84 85 86 87 88 89 90 91 92 93 94 95 96 97 98 99 100 101 102 103 104 105 106 107 108 109 110 111 112 113 114 115 116 117 118 119 120 121 122 123 124 125 126 127 128 129 130 131 132 133 134 135 136 137 138 139 140 141 142 143 144 145 146 147 148 149 150 151 152 153 154 155 156 157 158 1 2 3 4 12 12 12 215 175 216 200 217 213 218 219 220 221 1 1 3 3 168 168 173 173 174 175 176 177 178 179 180 181 182 183 184 5 185 186 187 188 189 188 190 191 192 168 168 3 168 3 168
https://www.cookstr.com/recipes/sandwich-buns
277:  1 2 3 4 0 277 5 6 7 8 9 10 11 0 6 239 240 255 255 255 242 243 243 245 246 247 277 277 245 246 247 277 6 6 51 52 53 54 55 56 57 58 59 60 61 62 63 64 65 66 67 68 69 70 71 72 73 74 75 76 77 78 79 80 81 82 83 84 85 86 87 88 89 90 91 92 93 94 95 96 97 98 99 100 101 102 103 104 105 106 107 108 109 110 111 112 113 114 115 116 117 118 119 120 121 122 123 124 125 126 127 128 129 130 131 132 133 134 135 136 137 138 139 140 141 142 143 144 145 146 147 148 149 150 151 152 153 154 155 156 157 158 1 2 3 4 12 12 12 215 175 216 200 217 213 218 219 220 221 1 1 3 3 168 168 173 173 174 175 176 177 178 179 180 181 182 183 184 5 185 186 187 188 189 188 190 191 192 168 168 3 168 3 168
https://www.cookstr.com/recipes/summer-pasta-with-fresh-tomatoes-and-basil
278:  1 2 3 4 0 278 5 6 7 8 9 10 11 0 6 239 240 255 255 255 242 243 243 294 245 246 247 278 278 245 246 247 278 6 6 51 52 53 54 55 56 57 58 59 60 61 62 63 64 65 66 67 68 69 70 71 72 73 74 75 76 77 78 79 80 81 82 83 84 85 86 87 88 89 90 91 92 93 94 95 96 97 98 99 100 101 102 103 104 105 106 107 108 109 110 111 112 113 114 115 116 117 118 119 120 121 122 123 124 125 126 127 128 129 130 131 132 133 134 135 136 137 138 139 140 141 142 143 144 145 146 147 148 149 150 151 152 153 154 155 156 157 158 1 2 3 4 12 12 12 215 175 216 200 217 213 218 219 220 221 1 1 3 3 168 168 173 173 174 175 176 177 178 179 180 181 182 183 184 5 185 186 187 188 189 188 190 191 192 168 168 3 168 3 168
https://www.cookstr.com/recipes/basic-egg-pasta
279:  1 2 3 4 0 279 5 6 7 8 9 10 11 0 6 239 240 255 255 255 242 243 243 245 246 247 279 279 245 246 247 279 6 6 51 52 53 54 55 56 57 58 59 60 61 62 63 64 65 66 67 68 69 70 71 72 73 74 75 76 77 78 79 80 81 82 83 84 85 86 87 88 89 90 91 92 93 94 95 96 97 98 99 100 101 102 103 104 105 106 107 108 109 110 111 112 113 114 115 116 117 118 119 120 121 122 123 124 125 126 127 128 129 130 131 132 133 134 135 136 137 138 139 140 141 142 143 144 145 146 147 148 149 150 151 152 153 154 155 156 157 158 1 2 3 4 12 12 12 215 175 216 200 217 213 218 219 220 221 1 1 3 3 168 168 173 173 174 175 176 177 178 179 180 181 182 183 184 5 185 186 187 188 189 188 190 191 192 168 168 3 168 3 168
https://www.cookstr.com/recipes/maple-mashed-sweet-potatoes-with-toasted-pecans
280:  1 2 3 4 0 280 5 6 7 8 9 10 11 0 6 239 240 255 255 255 242 243 243 245 246 247 280 280 245 246 247 280 6 6 51 52 53 54 55 56 57 58 59 60 61 62 63 64 65 66 67 68 69 70 71 72 73 74 75 76 77 78 79 80 81 82 83 84 85 86 87 88 89 90 91 92 93 94 95 96 97 98 99 100 101 102 103 104 105 106 107 108 109 110 111 112 113 114 115 116 117 118 119 120 121 122 123 124 125 126 127 128 129 130 131 132 133 134 135 136 137 138 139 140 141 142 143 144 145 146 147 148 149 150 151 152 153 154 155 156 157 158 1 2 3 4 12 12 12 215 175 216 200 217 213 218 219 220 221 1 1 3 3 168 168 173 173 174 175 176 177 178 179 180 181 182 183 184 5 185 186 187 188 189 188 190 191 192 168 168 3 168 3 168
https://www.cookstr.com/recipes/focaccia-with-caramelized-onions
281:  1 2 3 4 0 281 5 6 7 8 9 10 11 0 6 239 240 255 255 255 242 243 243 245 246 247 281 281 245 246 247 281 6 6 51 52 53 54 55 56 57 58 59 60 61 62 63 64 65 66 67 68 69 70 71 72 73 74 75 76 77 78 79 80 81 82 83 84 85 86 87 88 89 90 91 92 93 94 95 96 97 98 99 100 101 102 103 104 105 106 107 108 109 110 111 112 113 114 115 116 117 118 119 120 121 122 123 124 125 126 127 128 129 130 131 132 133 134 135 136 137 138 139 140 141 142 143 144 145 146 147 148 149 150 151 152 153 154 155 156 157 158 1 2 3 4 12 12 12 215 175 216 200 217 213 218 219 220 221 1 1 3 3 168 168 173 173 174 175 176 177 178 179 180 181 182 183 184 5 185 186 187 188 189 188 190 191 192 168 168 3 168 3 168
https://www.cookstr.com/recipes/cinnamon-rolls-carla-snyder
282:  1 2 3 4 0 282 5 6 7 8 9 10 11 0 6 239 240 255 255 255 242 243 243 245 246 247 282 282 245 246 247 282 282 282 6 6 51 52 53 54 55 56 57 58 59 60 61 62 63 64 65 66 67 68 69 70 71 72 73 74 75 76 77 78 79 80 81 82 83 84 85 86 87 88 89 90 91 92 93 94 95 96 97 98 99 100 101 102 103 104 105 106 107 108 109 110 111 112 113 114 115 116 117 118 119 120 121 122 123 124 125 126 127 128 129 130 131 132 133 134 135 136 137 138 139 140 141 142 143 144 145 146 147 148 149 150 151 152 153 154 155 156 157 158 1 2 3 4 12 12 12 215 175 216 200 217 213 218 219 220 221 1 1 3 3 168 168 173 173 174 175 176 177 178 179 180 181 182 183 184 5 185 186 187 188 189 188 190 191 192 168 168 3 168 3 168
https://www.cookstr.com/recipes/blue-cheese-and-walnut-mini-muffins
283:  1 2 3 4 0 283 5 6 7 8 9 10 11 0 6 239 240 255 255 255 242 243 243 245 246 247 283 283 245 246 247 283 6 6 51 52 53 54 55 56 57 58 59 60 61 62 63 64 65 66 67 68 69 70 71 72 73 74 75 76 77 78 79 80 81 82 83 84 85 86 87 88 89 90 91 92 93 94 95 96 97 98 99 100 101 102 103 104 105 106 107 108 109 110 111 112 113 114 115 116 117 118 119 120 121 122 123 124 125 126 127 128 129 130 131 132 133 134 135 136 137 138 139 140 141 142 143 144 145 146 147 148 149 150 151 152 153 154 155 156 157 158 1 2 3 4 12 12 12 215 175 216 200 217 213 218 219 220 221 1 1 3 3 168 168 173 173 174 175 176 177 178 179 180 181 182 183 184 5 185 186 187 188 189 188 190 191 192 168 168 3 168 3 168
https://www.cookstr.com/recipes/linzertorte-cookies-with-raspberry-filling
284:  1 2 3 4 0 284 5 6 7 8 9 10 11 0 6 239 240 255 255 255 242 243 243 245 246 247 284 284 245 246 247 284 6 6 51 52 53 54 55 56 57 58 59 60 61 62 63 64 65 66 67 68 69 70 71 72 73 74 75 76 77 78 79 80 81 82 83 84 85 86 87 88 89 90 91 92 93 94 95 96 97 98 99 100 101 102 103 104 105 106 107 108 109 110 111 112 113 114 115 116 117 118 119 120 121 122 123 124 125 126 127 128 129 130 131 132 133 134 135 136 137 138 139 140 141 142 143 144 145 146 147 148 149 150 151 152 153 154 155 156 157 158 1 2 3 4 12 12 12 215 175 216 200 217 213 218 219 220 221 1 1 3 3 168 168 173 173 174 175 176 177 178 179 180 181 182 183 184 5 185 186 187 188 189 188 190 191 192 168 168 3 168 3 168
https://www.cookstr.com/recipes/grandma-rersquos-rugalach
285:  1 2 3 4 0 285 5 6 7 8 9 10 11 0 6 239 240 255 255 255 242 243 243 245 246 247 285 285 245 246 247 285 6 6 51 52 53 54 55 56 57 58 59 60 61 62 63 64 65 66 67 68 69 70 71 72 73 74 75 76 77 78 79 80 81 82 83 84 85 86 87 88 89 90 91 92 93 94 95 96 97 98 99 100 101 102 103 104 105 106 107 108 109 110 111 112 113 114 115 116 117 118 119 120 121 122 123 124 125 126 127 128 129 130 131 132 133 134 135 136 137 138 139 140 141 142 143 144 145 146 147 148 149 150 151 152 153 154 155 156 157 158 1 2 3 4 12 12 12 215 175 216 200 217 213 218 219 220 221 1 1 3 3 168 168 173 173 174 175 176 177 178 179 180 181 182 183 184 5 185 186 187 188 189 188 190 191 192 168 168 3 168 3 168
https://www.cookstr.com/recipes/cranberry-maple-squares
286:  1 2 3 4 0 286 5 6 7 8 9 10 11 0 6 239 240 255 255 255 242 243 243 245 246 247 286 286 245 246 247 286 6 6 51 52 53 54 55 56 57 58 59 60 61 62 63 64 65 66 67 68 69 70 71 72 73 74 75 76 77 78 79 80 81 82 83 84 85 86 87 88 89 90 91 92 93 94 95 96 97 98 99 100 101 102 103 104 105 106 107 108 109 110 111 112 113 114 115 116 117 118 119 120 121 122 123 124 125 126 127 128 129 130 131 132 133 134 135 136 137 138 139 140 141 142 143 144 145 146 147 148 149 150 151 152 153 154 155 156 157 158 1 2 3 4 12 12 12 215 175 216 200 217 213 218 219 220 221 1 1 3 3 168 168 173 173 174 175 176 177 178 179 180 181 182 183 184 5 185 186 187 188 189 188 190 191 192 168 168 3 168 3 168
https://www.cookstr.com/recipes/easy-chocolate-hazelnut-turnovers
287:  1 2 3 4 0 287 5 6 7 8 9 10 11 0 6 239 240 255 255 255 242 243 243 295 245 246 247 287 287 245 246 247 287 6 6 51 52 53 54 55 56 57 58 59 60 61 62 63 64 65 66 67 68 69 70 71 72 73 74 75 76 77 78 79 80 81 82 83 84 85 86 87 88 89 90 91 92 93 94 95 96 97 98 99 100 101 102 103 104 105 106 107 108 109 110 111 112 113 114 115 116 117 118 119 120 121 122 123 124 125 126 127 128 129 130 131 132 133 134 135 136 137 138 139 140 141 142 143 144 145 146 147 148 149 150 151 152 153 154 155 156 157 158 1 2 3 4 12 12 12 215 175 216 200 217 213 218 219 220 221 1 1 3 3 168 168 173 173 174 175 176 177 178 179 180 181 182 183 184 5 185 186 187 188 189 188 190 191 192 168 168 3 168 3 168
https://www.cookstr.com/recipes/puff-pastry-carla-snyder
288:  1 2 3 4 0 288 5 6 7 8 9 10 11 0 6 239 240 255 255 255 242 243 243 245 246 247 288 288 245 246 247 288 6 6 51 52 53 54 55 56 57 58 59 60 61 62 63 64 65 66 67 68 69 70 71 72 73 74 75 76 77 78 79 80 81 82 83 84 85 86 87 88 89 90 91 92 93 94 95 96 97 98 99 100 101 102 103 104 105 106 107 108 109 110 111 112 113 114 115 116 117 118 119 120 121 122 123 124 125 126 127 128 129 130 131 132 133 134 135 136 137 138 139 140 141 142 143 144 145 146 147 148 149 150 151 152 153 154 155 156 157 158 1 2 3 4 12 12 12 215 175 216 200 217 213 218 219 220 221 1 1 3 3 168 168 173 173 174 175 176 177 178 179 180 181 182 183 184 5 185 186 187 188 189 188 190 191 192 168 168 3 168 3 168
https://www.cookstr.com/recipes/plum-upside-down-cake-2
289:  1 2 3 4 0 289 5 6 7 8 9 10 11 0 6 239 240 255 255 255 242 243 243 296 245 246 247 289 289 245 246 247 289 6 6 51 52 53 54 55 56 57 58 59 60 61 62 63 64 65 66 67 68 69 70 71 72 73 74 75 76 77 78 79 80 81 82 83 84 85 86 87 88 89 90 91 92 93 94 95 96 97 98 99 100 101 102 103 104 105 106 107 108 109 110 111 112 113 114 115 116 117 118 119 120 121 122 123 124 125 126 127 128 129 130 131 132 133 134 135 136 137 138 139 140 141 142 143 144 145 146 147 148 149 150 151 152 153 154 155 156 157 158 1 2 3 4 12 12 12 215 175 216 200 217 213 218 219 220 221 1 1 3 3 168 168 173 173 174 175 176 177 178 179 180 181 182 183 184 5 185 186 187 188 189 188 190 191 192 168 168 3 168 3 168
https://www.cookstr.com/recipes/sweetened-whipped-cream-cregraveme-chantilly
290:  1 2 3 4 0 290 5 6 7 8 9 10 11 0 6 239 240 255 255 255 242 243 243 245 246 247 290 290 245 246 247 290 6 6 51 52 53 54 55 56 57 58 59 60 61 62 63 64 65 66 67 68 69 70 71 72 73 74 75 76 77 78 79 80 81 82 83 84 85 86 87 88 89 90 91 92 93 94 95 96 97 98 99 100 101 102 103 104 105 106 107 108 109 110 111 112 113 114 115 116 117 118 119 120 121 122 123 124 125 126 127 128 129 130 131 132 133 134 135 136 137 138 139 140 141 142 143 144 145 146 147 148 149 150 151 152 153 154 155 156 157 158 1 2 3 4 12 12 12 215 175 216 200 217 213 218 219 220 221 1 1 3 3 168 168 173 173 174 175 176 177 178 179 180 181 182 183 184 5 185 186 187 188 189 188 190 191 192 168 168 3 168 3 168
https://www.cookstr.com/recipes/homemade-wasabi-mayonnaise
291:  1 2 3 4 0 291 5 6 7 8 9 10 11 0 6 239 240 255 255 255 242 243 243 245 246 247 291 291 245 246 247 291 6 6 51 52 53 54 55 56 57 58 59 60 61 62 63 64 65 66 67 68 69 70 71 72 73 74 75 76 77 78 79 80 81 82 83 84 85 86 87 88 89 90 91 92 93 94 95 96 97 98 99 100 101 102 103 104 105 106 107 108 109 110 111 112 113 114 115 116 117 118 119 120 121 122 123 124 125 126 127 128 129 130 131 132 133 134 135 136 137 138 139 140 141 142 143 144 145 146 147 148 149 150 151 152 153 154 155 156 157 158 1 2 3 4 12 12 12 215 175 216 200 217 213 218 219 220 221 1 1 3 3 168 168 173 173 174 175 176 177 178 179 180 181 182 183 184 5 185 186 187 188 189 188 190 191 192 168 168 3 168 3 168
https://www.cookstr.com/recipes/tomatillo-salsa-2-carla-snyder
292:  1 2 3 4 0 292 5 6 7 8 9 10 11 0 6 239 240 255 255 255 242 243 243 245 246 247 292 292 245 246 247 292 6 6 51 52 53 54 55 56 57 58 59 60 61 62 63 64 65 66 67 68 69 70 71 72 73 74 75 76 77 78 79 80 81 82 83 84 85 86 87 88 89 90 91 92 93 94 95 96 97 98 99 100 101 102 103 104 105 106 107 108 109 110 111 112 113 114 115 116 117 118 119 120 121 122 123 124 125 126 127 128 129 130 131 132 133 134 135 136 137 138 139 140 141 142 143 144 145 146 147 148 149 150 151 152 153 154 155 156 157 158 1 2 3 4 12 12 12 215 175 216 200 217 213 218 219 220 221 1 1 3 3 168 168 173 173 174 175 176 177 178 179 180 181 182 183 184 5 185 186 187 188 189 188 190 191 192 168 168 3 168 3 168
https://www.cookstr.com/cookbooks/300-sensational-soups
241:  1 2 3 4 0 241 5 6 7 8 9 10 11 249 250 251 239 239 240 240 297 297 298 298 299 299 300 300 230 230 301 301 224 224 302 302 303 303 304 304 305 305 306 306 229 229 307 307 308 308 255 255 241 241 252 252 6 51 52 53 54 55 56 57 58 59 60 61 62 63 64 65 66 67 68 69 70 71 72 73 74 75 76 77 78 79 6 80 81 82 83 84 85 86 87 88 89 90 91 92 93 94 95 96 97 98 99 100 101 102 103 104 105 106 107 108 109 110 111 112 113 114 115 116 117 118 119 120 121 122 123 124 125 126 127 128 129 130 131 132 133 134 135 136 137 138 139 140 141 142 143 144 145 146 147 148 149 150 151 152 153 154 155 156 157 158 1 2 3 4 12 12 12 159 160 161 162 163 164 11 165 166 167 1 1 3 3 168 168 169 170 171 2 172 173 173 174 175 176 177 178 179 180 181 182 183 184 5 185 186 187 188 189 188 190 191 192 168 168 3 168 3 168
https://www.cookstr.com/recipes/chilled-curried-pear-soup
297:  1 2 3 4 0 297 5 6 7 8 9 10 11 0 6 239 240 241 241 241 242 243 243 245 246 247 297 297 245 246 247 297 6 6 51 52 53 54 55 56 57 58 59 60 61 62 63 64 65 66 67 68 69 70 71 72 73 74 75 76 77 78 79 80 81 82 83 84 85 86 87 88 89 90 91 92 93 94 95 96 97 98 99 100 101 102 103 104 105 106 107 108 109 110 111 112 113 114 115 116 117 118 119 120 121 122 123 124 125 126 127 128 129 130 131 132 133 134 135 136 137 138 139 140 141 142 143 144 145 146 147 148 149 150 151 152 153 154 155 156 157 158 1 2 3 4 12 12 12 215 175 216 200 217 213 218 219 220 221 1 1 3 3 168 168 173 173 174 175 176 177 178 179 180 181 182 183 184 5 185 186 187 188 189 188 190 191 192 168 168 3 168 3 168
https://www.cookstr.com/Slow-Cooker-Soup/Cold-Thai-Style-Mango-Coconut-Soup-with-Mango-Relish
298:  1 2 3 4 0 298 5 6 7 8 9 10 11 0 155 239 240 241 241 241 242 243 243 245 246 247 298 298 245 246 247 298 298 298 298 6 152 153 154 155 51 52 53 54 55 56 57 58 59 60 61 62 63 64 65 66 67 68 69 70 71 72 73 74 75 76 77 78 79 6 80 81 82 83 84 85 86 87 88 89 90 91 92 93 94 95 96 97 98 99 100 101 102 103 104 105 106 107 108 109 110 111 112 113 114 115 116 117 118 119 120 121 122 123 124 125 126 127 128 129 130 131 132 133 134 135 136 137 138 139 140 141 142 143 144 145 146 147 148 149 150 151 156 157 158 1 2 3 4 12 12 12 298 309 310 311 1 1 3 3 168 168 173 173 174 175 176 177 178 179 180 181 182 183 184 5 185 186 187 188 189 188 190 191 192 168 168 3 168 3 168
https://www.cookstr.com/Slow-Cooker-Soup/Turkey-and-Wild-Rice-Soup-Recipe
309:  1 2 3 4 0 309 5 6 7 8 9 10 11 0 155 312 312 312 313 313 313 242 243 243 314 245 246 247 309 309 245 246 247 309 6 152 153 154 155 51 52 53 54 55 56 57 58 59 60 61 62 63 64 65 66 67 68 69 70 71 72 73 74 75 76 77 78 79 6 80 81 82 83 84 85 86 87 88 89 90 91 92 93 94 95 96 97 98 99 100 101 102 103 104 105 106 107 108 109 110 111 112 113 114 115 116 117 118 119 120 121 122 123 124 125 126 127 128 129 130 131 132 133 134 135 136 137 138 139 140 141 142 143 144 145 146 147 148 149 150 151 156 157 158 1 2 3 4 12 12 12 298 309 310 311 1 1 3 3 168 168 173 173 174 175 176 177 178 179 180 181 182 183 184 5 185 186 187 188 189 188 190 191 192 168 168 3 168 3 168
https://www.cookstr.com/users/stephanie-o-dea
312:  1 2 3 4 0 312 5 6 7 8 9 10 11 315 313 313 312 316 250 317 6 51 52 53 54 55 56 57 58 59 60 61 62 63 64 65 66 67 68 69 70 71 72 73 74 75 76 77 78 79 6 80 81 82 83 84 85 86 87 88 89 90 91 92 93 94 95 96 97 98 99 100 101 102 103 104 105 106 107 108 109 110 111 112 113 114 115 116 117 118 119 120 121 122 123 124 125 126 127 128 129 130 131 132 133 134 135 136 137 138 139 140 141 142 143 144 145 146 147 148 149 150 151 152 153 154 155 156 157 158 1 2 3 4 12 12 12 159 160 161 162 163 164 11 165 166 167 1 1 3 3 168 168 169 170 171 2 172 173 173 174 175 176 177 178 179 180 181 182 183 184 5 185 186 187 188 189 188 190 191 192 168 168 3 168 3 168
https://www.cookstr.com/cookbooks/make-it-fast-cook-it-slow
313:  1 2 3 4 0 313 5 6 7 8 9 10 11 316 250 317 312 312 318 318 319 319 320 320 321 321 309 309 322 322 323 323 324 324 325 325 326 326 327 327 328 328 313 313 6 51 52 53 54 55 56 57 58 59 60 61 62 63 64 65 66 67 68 69 70 71 72 73 74 75 76 77 78 79 6 80 81 82 83 84 85 86 87 88 89 90 91 92 93 94 95 96 97 98 99 100 101 102 103 104 105 106 107 108 109 110 111 112 113 114 115 116 117 118 119 120 121 122 123 124 125 126 127 128 129 130 131 132 133 134 135 136 137 138 139 140 141 142 143 144 145 146 147 148 149 150 151 152 153 154 155 156 157 158 1 2 3 4 12 12 12 159 160 161 162 163 164 11 165 166 167 1 1 3 3 168 168 169 170 171 2 172 173 173 174 175 176 177 178 179 180 181 182 183 184 5 185 186 187 188 189 188 190 191 192 168 168 3 168 3 168
https://www.cookstr.com/recipes/quinoa-casserole
320:  1 2 3 4 0 320 5 6 7 8 9 10 11 0 6 312 312 312 313 313 313 242 243 243 245 246 247 320 320 245 246 247 320 6 6 51 52 53 54 55 56 57 58 59 60 61 62 63 64 65 66 67 68 69 70 71 72 73 74 75 76 77 78 79 80 81 82 83 84 85 86 87 88 89 90 91 92 93 94 95 96 97 98 99 100 101 102 103 104 105 106 107 108 109 110 111 112 113 114 115 116 117 118 119 120 121 122 123 124 125 126 127 128 129 130 131 132 133 134 135 136 137 138 139 140 141 142 143 144 145 146 147 148 149 150 151 152 153 154 155 156 157 158 1 2 3 4 12 12 12 215 175 216 200 217 213 218 219 220 221 1 1 3 3 168 168 173 173 174 175 176 177 178 179 180 181 182 183 184 5 185 186 187 188 189 188 190 191 192 168 168 3 168 3 168
https://www.cookstr.com/Pasta-Recipes/Pasta-E-Fagioli-Stephanie-O-Dea
321:  1 2 3 4 0 321 5 6 7 8 9 10 11 0 128 312 312 312 313 313 313 242 243 243 245 246 247 321 321 245 246 247 321 6 128 51 52 53 54 55 56 57 58 59 60 61 62 63 64 65 66 67 68 69 70 71 72 73 74 75 76 77 78 79 6 80 81 82 83 84 85 86 87 88 89 90 91 92 93 94 95 96 97 98 99 100 101 102 103 104 105 106 107 108 109 110 111 112 113 114 115 116 117 118 119 120 121 122 123 124 125 126 127 129 130 131 132 133 134 135 136 137 138 139 140 141 142 143 144 145 146 147 148 149 150 151 152 153 154 155 156 157 158 1 2 3 4 12 12 12 159 329 330 331 332 333 334 335 336 337 1 1 3 3 168 168 173 173 174 175 176 177 178 179 180 181 182 183 184 5 185 186 187 188 189 188 190 191 192 168 168 3 168 3 168
https://www.cookstr.com/Pasta-Recipes/Slow-Baked-Macaroni-and-Cheese
329:  1 2 3 4 0 329 5 6 7 8 9 10 11 0 128 329 338 339 340 340 340 242 243 243 245 246 247 329 329 245 246 247 329 329 6 128 51 52 53 54 55 56 57 58 59 60 61 62 63 64 65 66 67 68 69 70 71 72 73 74 75 76 77 78 79 6 80 81 82 83 84 85 86 87 88 89 90 91 92 93 94 95 96 97 98 99 100 101 102 103 104 105 106 107 108 109 110 111 112 113 114 115 116 117 118 119 120 121 122 123 124 125 126 127 129 130 131 132 133 134 135 136 137 138 139 140 141 142 143 144 145 146 147 148 149 150 151 152 153 154 155 156 157 158 1 2 3 4 12 12 12 159 329 330 331 332 333 334 335 336 337 1 1 3 3 168 168 173 173 174 175 176 177 178 179 180 181 182 183 184 5 185 186 187 188 189 188 190 191 192 168 168 3 168 3 168
https://www.cookstr.com/users/beth-hensperger
338:  1 2 3 4 0 338 5 6 7 8 9 10 11 329 329 341 329 329 342 342 338 343 250 344 340 340 338 345 250 346 347 347 338 348 250 349 350 350 338 351 250 352 6 51 52 53 54 55 56 57 58 59 60 61 62 63 64 65 66 67 68 69 70 71 72 73 74 75 76 77 78 79 6 80 81 82 83 84 85 86 87 88 89 90 91 92 93 94 95 96 97 98 99 100 101 102 103 104 105 106 107 108 109 110 111 112 113 114 115 116 117 118 119 120 121 122 123 124 125 126 127 128 129 130 131 132 133 134 135 136 137 138 139 140 141 142 143 144 145 146 147 148 149 150 151 152 153 154 155 156 157 158 1 2 3 4 12 12 12 159 160 161 162 163 164 11 165 166 167 1 1 3 3 168 168 169 170 171 2 172 173 173 174 175 176 177 178 179 180 181 182 183 184 5 185 186 187 188 189 188 190 191 192 168 168 3 168 3 168
https://www.cookstr.com/cookbooks/the-bread-lovers-bread-machine-cookbook
350:  1 2 3 4 0 350 5 6 7 8 9 10 11 351 250 352 338 338 353 353 354 354 355 355 356 356 357 357 358 358 359 359 360 360 361 361 362 362 347 347 340 340 342 342 350 350 6 51 52 53 54 55 56 57 58 59 60 61 62 63 64 65 66 67 68 69 70 71 72 73 74 75 76 77 78 79 6 80 81 82 83 84 85 86 87 88 89 90 91 92 93 94 95 96 97 98 99 100 101 102 103 104 105 106 107 108 109 110 111 112 113 114 115 116 117 118 119 120 121 122 123 124 125 126 127 128 129 130 131 132 133 134 135 136 137 138 139 140 141 142 143 144 145 146 147 148 149 150 151 152 153 154 155 156 157 158 1 2 3 4 12 12 12 159 160 161 162 163 164 11 165 166 167 1 1 3 3 168 168 169 170 171 2 172 173 173 174 175 176 177 178 179 180 181 182 183 184 5 185 186 187 188 189 188 190 191 192 168 168 3 168 3 168
https://www.cookstr.com/recipes/english-muffins-2
353:  1 2 3 4 0 353 5 6 7 8 9 10 11 0 6 338 338 338 350 350 350 242 243 243 245 246 247 353 353 245 246 247 353 6 6 51 52 53 54 55 56 57 58 59 60 61 62 63 64 65 66 67 68 69 70 71 72 73 74 75 76 77 78 79 80 81 82 83 84 85 86 87 88 89 90 91 92 93 94 95 96 97 98 99 100 101 102 103 104 105 106 107 108 109 110 111 112 113 114 115 116 117 118 119 120 121 122 123 124 125 126 127 128 129 130 131 132 133 134 135 136 137 138 139 140 141 142 143 144 145 146 147 148 149 150 151 152 153 154 155 156 157 158 1 2 3 4 12 12 12 215 175 216 200 217 213 218 219 220 221 1 1 3 3 168 168 173 173 174 175 176 177 178 179 180 181 182 183 184 5 185 186 187 188 189 188 190 191 192 168 168 3 168 3 168
https://www.cookstr.com/recipes/egg-pasta
354:  1 2 3 4 0 354 5 6 7 8 9 10 11 0 6 338 338 338 350 350 350 242 243 243 245 246 247 354 354 245 246 247 354 6 6 51 52 53 54 55 56 57 58 59 60 61 62 63 64 65 66 67 68 69 70 71 72 73 74 75 76 77 78 79 80 81 82 83 84 85 86 87 88 89 90 91 92 93 94 95 96 97 98 99 100 101 102 103 104 105 106 107 108 109 110 111 112 113 114 115 116 117 118 119 120 121 122 123 124 125 126 127 128 129 130 131 132 133 134 135 136 137 138 139 140 141 142 143 144 145 146 147 148 149 150 151 152 153 154 155 156 157 158 1 2 3 4 12 12 12 215 175 216 200 217 213 218 219 220 221 1 1 3 3 168 168 173 173 174 175 176 177 178 179 180 181 182 183 184 5 185 186 187 188 189 188 190 191 192 168 168 3 168 3 168
https://www.cookstr.com/Bread-Machine-Recipes/Spelt-Bread-Beth-Hensperger
355:  1 2 3 4 0 355 5 6 7 8 9 10 11 0 54 338 338 338 350 350 350 242 243 243 245 246 247 355 355 245 246 247 355 6 53 54 55 56 57 51 52 58 59 60 61 62 63 64 65 66 67 68 69 70 71 72 73 74 75 76 77 78 79 6 80 81 82 83 84 85 86 87 88 89 90 91 92 93 94 95 96 97 98 99 100 101 102 103 104 105 106 107 108 109 110 111 112 113 114 115 116 117 118 119 120 121 122 123 124 125 126 127 128 129 130 131 132 133 134 135 136 137 138 139 140 141 142 143 144 145 146 147 148 149 150 151 152 153 154 155 156 157 158 1 2 3 4 12 12 12 360 362 358 363 355 357 1 1 3 3 168 168 173 173 174 175 176 177 178 179 180 181 182 183 184 5 185 186 187 188 189 188 190 191 192 168 168 3 168 3 168
https://www.cookstr.com/Bread-Machine-Recipes/Banana-Seed-Bread
363:  1 2 3 4 0 363 5 6 7 8 9 10 11 0 54 364 365 366 366 366 242 243 243 245 246 247 363 363 245 246 247 363 6 53 54 55 56 57 51 52 58 59 60 61 62 63 64 65 66 67 68 69 70 71 72 73 74 75 76 77 78 79 6 80 81 82 83 84 85 86 87 88 89 90 91 92 93 94 95 96 97 98 99 100 101 102 103 104 105 106 107 108 109 110 111 112 113 114 115 116 117 118 119 120 121 122 123 124 125 126 127 128 129 130 131 132 133 134 135 136 137 138 139 140 141 142 143 144 145 146 147 148 149 150 151 152 153 154 155 156 157 158 1 2 3 4 12 12 12 360 362 358 363 355 357 1 1 3 3 168 168 173 173 174 175 176 177 178 179 180 181 182 183 184 5 185 186 187 188 189 188 190 191 192 168 168 3 168 3 168
https://www.cookstr.com/users/donna-washburn
364:  1 2 3 4 0 364 5 6 7 8 9 10 11 367 367 367 367 366 366 364 368 250 369 6 51 52 53 54 55 56 57 58 59 60 61 62 63 64 65 66 67 68 69 70 71 72 73 74 75 76 77 78 79 6 80 81 82 83 84 85 86 87 88 89 90 91 92 93 94 95 96 97 98 99 100 101 102 103 104 105 106 107 108 109 110 111 112 113 114 115 116 117 118 119 120 121 122 123 124 125 126 127 128 129 130 131 132 133 134 135 136 137 138 139 140 141 142 143 144 145 146 147 148 149 150 151 152 153 154 155 156 157 158 1 2 3 4 12 12 12 159 160 161 162 163 164 11 165 166 167 1 1 3 3 168 168 169 170 171 2 172 173 173 174 175 176 177 178 179 180 181 182 183 184 5 185 186 187 188 189 188 190 191 192 168 168 3 168 3 168
https://www.cookstr.com/recipes/fresh-peach-dessert-sauce
367:  1 2 3 4 0 367 5 6 7 8 9 10 11 0 6 367 364 365 366 366 366 242 243 243 245 246 247 367 367 245 246 247 367 367 367 6 6 51 52 53 54 55 56 57 58 59 60 61 62 63 64 65 66 67 68 69 70 71 72 73 74 75 76 77 78 79 80 81 82 83 84 85 86 87 88 89 90 91 92 93 94 95 96 97 98 99 100 101 102 103 104 105 106 107 108 109 110 111 112 113 114 115 116 117 118 119 120 121 122 123 124 125 126 127 128 129 130 131 132 133 134 135 136 137 138 139 140 141 142 143 144 145 146 147 148 149 150 151 152 153 154 155 156 157 158 1 2 3 4 12 12 12 215 175 216 200 217 213 218 219 220 221 1 1 3 3 168 168 173 173 174 175 176 177 178 179 180 181 182 183 184 5 185 186 187 188 189 188 190 191 192 168 168 3 168 3 168
https://www.cookstr.com/users/heather-butt
365:  1 2 3 4 0 365 5 6 7 8 9 10 11 366 366 365 368 250 369 6 51 52 53 54 55 56 57 58 59 60 61 62 63 64 65 66 67 68 69 70 71 72 73 74 75 76 77 78 79 6 80 81 82 83 84 85 86 87 88 89 90 91 92 93 94 95 96 97 98 99 100 101 102 103 104 105 106 107 108 109 110 111 112 113 114 115 116 117 118 119 120 121 122 123 124 125 126 127 128 129 130 131 132 133 134 135 136 137 138 139 140 141 142 143 144 145 146 147 148 149 150 151 152 153 154 155 156 157 158 1 2 3 4 12 12 12 159 160 161 162 163 164 11 165 166 167 1 1 3 3 168 168 169 170 171 2 172 173 173 174 175 176 177 178 179 180 181 182 183 184 5 185 186 187 188 189 188 190 191 192 168 168 3 168 3 168
https://www.cookstr.com/cookbooks/125-best-gluten-free-recipes
366:  1 2 3 4 0 366 5 6 7 8 9 10 11 368 250 369 364 364 365 365 370 370 371 371 372 372 373 373 374 374 375 375 376 376 363 363 367 367 377 377 378 378 379 379 380 380 381 381 366 366 6 51 52 53 54 55 56 57 58 59 60 61 62 63 64 65 66 67 68 69 70 71 72 73 74 75 76 77 78 79 6 80 81 82 83 84 85 86 87 88 89 90 91 92 93 94 95 96 97 98 99 100 101 102 103 104 105 106 107 108 109 110 111 112 113 114 115 116 117 118 119 120 121 122 123 124 125 126 127 128 129 130 131 132 133 134 135 136 137 138 139 140 141 142 143 144 145 146 147 148 149 150 151 152 153 154 155 156 157 158 1 2 3 4 12 12 12 159 160 161 162 163 164 11 165 166 167 1 1 3 3 168 168 169 170 171 2 172 173 173 174 175 176 177 178 179 180 181 182 183 184 5 185 186 187 188 189 188 190 191 192 168 168 3 168 3 168
https://www.cookstr.com/Salad/Grilled-Chicken-Mandarin-Salad-with-Sweet-and-Sour-Dressing
370:  1 2 3 4 0 370 5 6 7 8 9 10 11 0 138 364 365 366 366 366 242 243 243 382 245 246 247 370 370 245 246 247 370 6 138 139 140 141 51 52 53 54 55 56 57 58 59 60 61 62 63 64 65 66 67 68 69 70 71 72 73 74 75 76 77 78 79 6 80 81 82 83 84 85 86 87 88 89 90 91 92 93 94 95 96 97 98 99 100 101 102 103 104 105 106 107 108 109 110 111 112 113 114 115 116 117 118 119 120 121 122 123 124 125 126 127 128 129 130 131 132 133 134 135 136 137 142 143 144 145 146 147 148 149 150 151 152 153 154 155 156 157 158 1 2 3 4 12 12 12 383 384 385 386 387 388 389 390 391 392 1 1 3 3 168 168 173 173 174 175 176 177 178 179 180 181 182 183 184 5 185 186 187 188 189 188 190 191 192 168 168 3 168 3 168
https://www.cookstr.com/Salad/Marinated-Lettuce-Free-Greek-Salad
384:  1 2 3 4 0 384 5 6 7 8 9 10 11 0 138 393 393 393 394 394 394 242 243 243 245 246 247 384 384 245 246 247 384 6 138 139 140 141 51 52 53 54 55 56 57 58 59 60 61 62 63 64 65 66 67 68 69 70 71 72 73 74 75 76 77 78 79 6 80 81 82 83 84 85 86 87 88 89 90 91 92 93 94 95 96 97 98 99 100 101 102 103 104 105 106 107 108 109 110 111 112 113 114 115 116 117 118 119 120 121 122 123 124 125 126 127 128 129 130 131 132 133 134 135 136 137 142 143 144 145 146 147 148 149 150 151 152 153 154 155 156 157 158 1 2 3 4 12 12 12 383 384 385 386 387 388 389 390 391 392 1 1 3 3 168 168 173 173 174 175 176 177 178 179 180 181 182 183 184 5 185 186 187 188 189 188 190 191 192 168 168 3 168 3 168
https://www.cookstr.com/users/Caitlin-Greene
393:  1 2 3 4 0 393 5 6 7 8 9 10 11 394 394 393 250 395 6 51 52 53 54 55 56 57 58 59 60 61 62 63 64 65 66 67 68 69 70 71 72 73 74 75 76 77 78 79 6 80 81 82 83 84 85 86 87 88 89 90 91 92 93 94 95 96 97 98 99 100 101 102 103 104 105 106 107 108 109 110 111 112 113 114 115 116 117 118 119 120 121 122 123 124 125 126 127 128 129 130 131 132 133 134 135 136 137 138 139 140 141 142 143 144 145 146 147 148 149 150 151 152 153 154 155 156 157 158 1 2 3 4 12 12 12 159 160 161 162 163 164 11 165 166 167 1 1 3 3 168 168 169 170 171 2 172 173 173 174 175 176 177 178 179 180 181 182 183 184 5 185 186 187 188 189 188 190 191 192 168 168 3 168 3 168
https://www.cookstr.com/cookbooks/Just-Eat-Real-Food
394:  1 2 3 4 0 394 5 6 7 8 9 10 11 396 250 395 393 393 384 384 394 394 6 51 52 53 54 55 56 57 58 59 60 61 62 63 64 65 66 67 68 69 70 71 72 73 74 75 76 77 78 79 6 80 81 82 83 84 85 86 87 88 89 90 91 92 93 94 95 96 97 98 99 100 101 102 103 104 105 106 107 108 109 110 111 112 113 114 115 116 117 118 119 120 121 122 123 124 125 126 127 128 129 130 131 132 133 134 135 136 137 138 139 140 141 142 143 144 145 146 147 148 149 150 151 152 153 154 155 156 157 158 1 2 3 4 12 12 12 159 160 161 162 163 164 11 165 166 167 1 1 3 3 168 168 169 170 171 2 172 173 173 174 175 176 177 178 179 180 181 182 183 184 5 185 186 187 188 189 188 190 191 192 168 168 3 168 3 168
https://www.cookstr.com/Salad/Feta-and-Avocado-Salad-with-Red-Onions-Pomegranate-and-Nigella-Seeds
385:  1 2 3 4 0 385 5 6 7 8 9 10 11 0 138 397 397 397 398 398 398 242 243 243 399 400 401 245 246 247 385 385 245 246 247 385 6 138 139 140 141 51 52 53 54 55 56 57 58 59 60 61 62 63 64 65 66 67 68 69 70 71 72 73 74 75 76 77 78 79 6 80 81 82 83 84 85 86 87 88 89 90 91 92 93 94 95 96 97 98 99 100 101 102 103 104 105 106 107 108 109 110 111 112 113 114 115 116 117 118 119 120 121 122 123 124 125 126 127 128 129 130 131 132 133 134 135 136 137 142 143 144 145 146 147 148 149 150 151 152 153 154 155 156 157 158 1 2 3 4 12 12 12 383 384 385 386 387 388 389 390 391 392 1 1 3 3 168 168 173 173 174 175 176 177 178 179 180 181 182 183 184 5 185 186 187 188 189 188 190 191 192 168 168 3 168 3 168
https://www.cookstr.com/users/nigella-lawson
397:  1 2 3 4 0 397 5 6 7 8 9 10 11 402 402 403 402 402 404 404 397 405 250 406 407 407 397 408 250 409 410 410 397 411 250 412 413 413 397 414 250 415 416 416 397 417 250 418 419 419 397 420 250 421 398 398 397 250 422 6 51 52 53 54 55 56 57 58 59 60 61 62 63 64 65 66 67 68 69 70 71 72 73 74 75 76 77 78 79 6 80 81 82 83 84 85 86 87 88 89 90 91 92 93 94 95 96 97 98 99 100 101 102 103 104 105 106 107 108 109 110 111 112 113 114 115 116 117 118 119 120 121 122 123 124 125 126 127 128 129 130 131 132 133 134 135 136 137 138 139 140 141 142 143 144 145 146 147 148 149 150 151 152 153 154 155 156 157 158 1 2 3 4 12 12 12 159 160 161 162 163 164 11 165 166 167 1 1 3 3 168 168 169 170 171 2 172 173 173 174 175 176 177 178 179 180 181 182 183 184 5 185 186 187 188 189 188 190 191 192 168 168 3 168 3 168
https://www.cookstr.com/cookbooks/nigella-christmas
416:  1 2 3 4 0 416 5 6 7 8 9 10 11 417 250 418 397 397 236 236 423 423 424 424 425 425 426 426 427 427 428 428 429 429 430 430 431 431 432 432 404 404 407 407 410 410 413 413 419 419 416 416 398 398 6 51 52 53 54 55 56 57 58 59 60 61 62 63 64 65 66 67 68 69 70 71 72 73 74 75 76 77 78 79 6 80 81 82 83 84 85 86 87 88 89 90 91 92 93 94 95 96 97 98 99 100 101 102 103 104 105 106 107 108 109 110 111 112 113 114 115 116 117 118 119 120 121 122 123 124 125 126 127 128 129 130 131 132 133 134 135 136 137 138 139 140 141 142 143 144 145 146 147 148 149 150 151 152 153 154 155 156 157 158 1 2 3 4 12 12 12 159 160 161 162 163 164 11 165 166 167 1 1 3 3 168 168 169 170 171 2 172 173 173 174 175 176 177 178 179 180 181 182 183 184 5 185 186 187 188 189 188 190 191 192 168 168 3 168 3 168
https://www.cookstr.com/recipes/aromatic-christmas-ham
423:  1 2 3 4 0 423 5 6 7 8 9 10 11 0 6 397 397 397 416 416 416 242 243 243 245 246 247 423 423 245 246 247 423 423 423 6 6 51 52 53 54 55 56 57 58 59 60 61 62 63 64 65 66 67 68 69 70 71 72 73 74 75 76 77 78 79 80 81 82 83 84 85 86 87 88 89 90 91 92 93 94 95 96 97 98 99 100 101 102 103 104 105 106 107 108 109 110 111 112 113 114 115 116 117 118 119 120 121 122 123 124 125 126 127 128 129 130 131 132 133 134 135 136 137 138 139 140 141 142 143 144 145 146 147 148 149 150 151 152 153 154 155 156 157 158 1 2 3 4 12 12 12 215 175 216 200 217 213 218 219 220 221 1 1 3 3 168 168 173 173 174 175 176 177 178 179 180 181 182 183 184 5 185 186 187 188 189 188 190 191 192 168 168 3 168 3 168
https://www.cookstr.com/Pasta-Recipes/Pumpkin-and-Goats-Cheese-Lasagne
424:  1 2 3 4 0 424 5 6 7 8 9 10 11 0 128 397 397 397 416 416 416 242 243 243 245 246 247 424 424 245 246 247 424 6 128 51 52 53 54 55 56 57 58 59 60 61 62 63 64 65 66 67 68 69 70 71 72 73 74 75 76 77 78 79 6 80 81 82 83 84 85 86 87 88 89 90 91 92 93 94 95 96 97 98 99 100 101 102 103 104 105 106 107 108 109 110 111 112 113 114 115 116 117 118 119 120 121 122 123 124 125 126 127 129 130 131 132 133 134 135 136 137 138 139 140 141 142 143 144 145 146 147 148 149 150 151 152 153 154 155 156 157 158 1 2 3 4 12 12 12 159 329 330 331 332 333 334 335 336 337 1 1 3 3 168 168 173 173 174 175 176 177 178 179 180 181 182 183 184 5 185 186 187 188 189 188 190 191 192 168 168 3 168 3 168
https://www.cookstr.com/recipes/gleaming-maple-cheesecake
425:  1 2 3 4 0 425 5 6 7 8 9 10 11 0 6 397 397 397 416 416 416 242 243 243 245 246 247 425 425 245 246 247 425 6 6 51 52 53 54 55 56 57 58 59 60 61 62 63 64 65 66 67 68 69 70 71 72 73 74 75 76 77 78 79 80 81 82 83 84 85 86 87 88 89 90 91 92 93 94 95 96 97 98 99 100 101 102 103 104 105 106 107 108 109 110 111 112 113 114 115 116 117 118 119 120 121 122 123 124 125 126 127 128 129 130 131 132 133 134 135 136 137 138 139 140 141 142 143 144 145 146 147 148 149 150 151 152 153 154 155 156 157 158 1 2 3 4 12 12 12 215 175 216 200 217 213 218 219 220 221 1 1 3 3 168 168 173 173 174 175 176 177 178 179 180 181 182 183 184 5 185 186 187 188 189 188 190 191 192 168 168 3 168 3 168
https://www.cookstr.com/Holidays/Panettone-and-Italian-Sausage-Stuffing
426:  1 2 3 4 0 426 5 6 7 8 9 10 11 0 114 397 397 397 416 416 416 242 243 243 245 246 247 426 426 245 246 247 426 6 114 115 116 117 118 119 51 52 53 54 55 56 57 58 59 60 61 62 63 64 65 66 67 68 69 70 71 72 73 74 75 76 77 78 79 6 80 81 82 83 84 85 86 87 88 89 90 91 92 93 94 95 96 97 98 99 100 101 102 103 104 105 106 107 108 109 110 111 112 113 120 121 122 123 124 125 126 127 128 129 130 131 132 133 134 135 136 137 138 139 140 141 142 143 144 145 146 147 148 149 150 151 152 153 154 155 156 157 158 1 2 3 4 12 12 12 433 434 435 436 437 438 439 440 441 442 1 1 3 3 168 168 173 173 174 175 176 177 178 179 180 181 182 183 184 5 185 186 187 188 189 188 190 191 192 168 168 3 168 3 168
https://www.cookstr.com/Holidays/Easy-Weeknight-Dinners-Dinner-Ideas-for-Any-Night
433:  1 2 3 4 0 433 5 6 7 8 9 10 11 0 114 433 443 443 243 243 444 444 444 445 446 447 448 245 246 247 433 433 245 246 247 433 433 433 433 433 433 6 114 115 116 117 118 119 51 52 53 54 55 56 57 58 59 60 61 62 63 64 65 66 67 68 69 70 71 72 73 74 75 76 77 78 79 6 80 81 82 83 84 85 86 87 88 89 90 91 92 93 94 95 96 97 98 99 100 101 102 103 104 105 106 107 108 109 110 111 112 113 120 121 122 123 124 125 126 127 128 129 130 131 132 133 134 135 136 137 138 139 140 141 142 143 144 145 146 147 148 149 150 151 152 153 154 155 156 157 158 1 2 3 4 12 12 12 433 434 435 436 437 438 439 440 441 442 1 1 3 3 168 168 173 173 174 175 176 177 178 179 180 181 182 183 184 5 185 186 187 188 189 188 190 191 192 168 168 3 168 3 168
https://www.cookstr.com/Dessert/Easy-Dessert-Recipes-Dessert-Ideas
448:  1 2 3 4 0 448 5 6 7 8 9 10 11 0 80 448 443 443 243 243 444 444 445 446 447 433 245 246 247 448 448 245 246 247 448 448 6 80 81 82 83 84 85 51 52 53 54 55 56 57 58 59 60 61 62 63 64 65 66 67 68 69 70 71 72 73 74 75 76 77 78 79 6 86 87 88 89 90 91 92 93 94 95 96 97 98 99 100 101 102 103 104 105 106 107 108 109 110 111 112 113 114 115 116 117 118 119 120 121 122 123 124 125 126 127 128 129 130 131 132 133 134 135 136 137 138 139 140 141 142 143 144 145 146 147 148 149 150 151 152 153 154 155 156 157 158 1 2 3 4 12 12 12 449 450 451 180 452 453 182 454 35 455 1 1 3 3 168 168 173 173 174 175 176 177 178 179 180 181 182 183 184 5 185 186 187 188 189 188 190 191 192 168 168 3 168 3 168
https://www.cookstr.com/Dessert/No-Bake-Crispy-Peanut-Butter-Squares
449:  1 2 3 4 0 449 5 6 7 8 9 10 11 0 80 449 456 456 456 457 457 457 242 243 243 458 459 459 245 246 247 449 449 245 246 247 449 449 449 449 449 6 80 81 82 83 84 85 51 52 53 54 55 56 57 58 59 60 61 62 63 64 65 66 67 68 69 70 71 72 73 74 75 76 77 78 79 6 86 87 88 89 90 91 92 93 94 95 96 97 98 99 100 101 102 103 104 105 106 107 108 109 110 111 112 113 114 115 116 117 118 119 120 121 122 123 124 125 126 127 128 129 130 131 132 133 134 135 136 137 138 139 140 141 142 143 144 145 146 147 148 149 150 151 152 153 154 155 156 157 158 1 2 3 4 12 12 12 449 450 451 180 452 453 182 454 35 455 1 1 3 3 168 168 173 173 174 175 176 177 178 179 180 181 182 183 184 5 185 186 187 188 189 188 190 191 192 168 168 3 168 3 168
https://www.cookstr.com/users/esther-brody
456:  1 2 3 4 0 456 5 6 7 8 9 10 11 449 449 449 449 457 457 456 460 250 461 6 51 52 53 54 55 56 57 58 59 60 61 62 63 64 65 66 67 68 69 70 71 72 73 74 75 76 77 78 79 6 80 81 82 83 84 85 86 87 88 89 90 91 92 93 94 95 96 97 98 99 100 101 102 103 104 105 106 107 108 109 110 111 112 113 114 115 116 117 118 119 120 121 122 123 124 125 126 127 128 129 130 131 132 133 134 135 136 137 138 139 140 141 142 143 144 145 146 147 148 149 150 151 152 153 154 155 156 157 158 1 2 3 4 12 12 12 159 160 161 162 163 164 11 165 166 167 1 1 3 3 168 168 169 170 171 2 172 173 173 174 175 176 177 178 179 180 181 182 183 184 5 185 186 187 188 189 188 190 191 192 168 168 3 168 3 168
https://www.cookstr.com/cookbooks/1500-best-bars-cookies-muffins-cakes-and-more
457:  1 2 3 4 0 457 5 6 7 8 9 10 11 460 250 461 456 456 462 462 463 463 464 464 465 465 466 466 467 467 468 468 469 469 449 449 470 470 471 471 472 472 473 473 474 474 475 475 457 457 6 51 52 53 54 55 56 57 58 59 60 61 62 63 64 65 66 67 68 69 70 71 72 73 74 75 76 77 78 79 6 80 81 82 83 84 85 86 87 88 89 90 91 92 93 94 95 96 97 98 99 100 101 102 103 104 105 106 107 108 109 110 111 112 113 114 115 116 117 118 119 120 121 122 123 124 125 126 127 128 129 130 131 132 133 134 135 136 137 138 139 140 141 142 143 144 145 146 147 148 149 150 151 152 153 154 155 156 157 158 1 2 3 4 12 12 12 159 160 161 162 163 164 11 165 166 167 1 1 3 3 168 168 169 170 171 2 172 173 173 174 175 176 177 178 179 180 181 182 183 184 5 185 186 187 188 189 188 190 191 192 168 168 3 168 3 168
https://www.cookstr.com/recipes/spiced-carrot-bran-muffins
462:  1 2 3 4 0 462 5 6 7 8 9 10 11 0 6 456 456 456 457 457 457 242 243 243 245 246 247 462 462 245 246 247 462 462 462 6 6 51 52 53 54 55 56 57 58 59 60 61 62 63 64 65 66 67 68 69 70 71 72 73 74 75 76 77 78 79 80 81 82 83 84 85 86 87 88 89 90 91 92 93 94 95 96 97 98 99 100 101 102 103 104 105 106 107 108 109 110 111 112 113 114 115 116 117 118 119 120 121 122 123 124 125 126 127 128 129 130 131 132 133 134 135 136 137 138 139 140 141 142 143 144 145 146 147 148 149 150 151 152 153 154 155 156 157 158 1 2 3 4 12 12 12 215 476 429 200 216 226 477 203 478 479 1 1 3 3 168 168 173 173 174 175 176 177 178 179 180 181 182 183 184 5 185 186 187 188 189 188 190 191 192 168 168 3 168 3 168
https://www.cookstr.com/recipes/stollen-2
476:  1 2 3 4 0 476 5 6 7 8 9 10 11 0 6 480 480 480 481 481 481 242 243 243 245 246 247 476 476 245 246 247 476 6 6 51 52 53 54 55 56 57 58 59 60 61 62 63 64 65 66 67 68 69 70 71 72 73 74 75 76 77 78 79 80 81 82 83 84 85 86 87 88 89 90 91 92 93 94 95 96 97 98 99 100 101 102 103 104 105 106 107 108 109 110 111 112 113 114 115 116 117 118 119 120 121 122 123 124 125 126 127 128 129 130 131 132 133 134 135 136 137 138 139 140 141 142 143 144 145 146 147 148 149 150 151 152 153 154 155 156 157 158 1 2 3 4 12 12 12 215 476 429 200 216 226 477 203 478 479 1 1 3 3 168 168 173 173 174 175 176 177 178 179 180 181 182 183 184 5 185 186 187 188 189 188 190 191 192 168 168 3 168 3 168
https://www.cookstr.com/users/rick-rodgers
480:  1 2 3 4 0 480 5 6 7 8 9 10 11 482 483 483 480 484 250 485 481 481 480 486 250 487 488 488 480 489 250 490 491 491 480 492 250 493 494 494 480 495 250 496 497 497 480 498 250 499 6 51 52 53 54 55 56 57 58 59 60 61 62 63 64 65 66 67 68 69 70 71 72 73 74 75 76 77 78 79 6 80 81 82 83 84 85 86 87 88 89 90 91 92 93 94 95 96 97 98 99 100 101 102 103 104 105 106 107 108 109 110 111 112 113 114 115 116 117 118 119 120 121 122 123 124 125 126 127 128 129 130 131 132 133 134 135 136 137 138 139 140 141 142 143 144 145 146 147 148 149 150 151 152 153 154 155 156 157 158 1 2 3 4 12 12 12 159 160 161 162 163 164 11 165 166 167 1 1 3 3 168 168 169 170 171 2 172 173 173 174 175 176 177 178 179 180 181 182 183 184 5 185 186 187 188 189 188 190 191 192 168 168 3 168 3 168
https://www.cookstr.com/cookbooks/dip-it-great-party-food-to-spread-spoon-and-scoop
488:  1 2 3 4 0 488 5 6 7 8 9 10 11 489 250 490 480 480 500 500 501 501 502 502 503 503 504 504 505 505 506 506 507 507 508 508 509 509 510 510 511 511 512 512 219 219 483 483 491 491 488 488 497 497 481 481 494 494 6 51 52 53 54 55 56 57 58 59 60 61 62 63 64 65 66 67 68 69 70 71 72 73 74 75 76 77 78 79 6 80 81 82 83 84 85 86 87 88 89 90 91 92 93 94 95 96 97 98 99 100 101 102 103 104 105 106 107 108 109 110 111 112 113 114 115 116 117 118 119 120 121 122 123 124 125 126 127 128 129 130 131 132 133 134 135 136 137 138 139 140 141 142 143 144 145 146 147 148 149 150 151 152 153 154 155 156 157 158 1 2 3 4 12 12 12 159 160 161 162 163 164 11 165 166 167 1 1 3 3 168 168 169 170 171 2 172 173 173 174 175 176 177 178 179 180 181 182 183 184 5 185 186 187 188 189 188 190 191 192 168 168 3 168 3 168
https://www.cookstr.com/Snacks/Fried-Tortilla-Chips
512:  1 2 3 4 0 512 5 6 7 8 9 10 11 0 156 480 480 480 488 488 488 242 243 243 245 246 247 512 512 245 246 247 512 6 156 51 52 53 54 55 56 57 58 59 60 61 62 63 64 65 66 67 68 69 70 71 72 73 74 75 76 77 78 79 6 80 81 82 83 84 85 86 87 88 89 90 91 92 93 94 95 96 97 98 99 100 101 102 103 104 105 106 107 108 109 110 111 112 113 114 115 116 117 118 119 120 121 122 123 124 125 126 127 128 129 130 131 132 133 134 135 136 137 138 139 140 141 142 143 144 145 146 147 148 149 150 151 152 153 154 155 157 158 1 2 3 4 12 12 12 513 514 515 516 517 518 512 519 520 521 1 1 3 3 168 168 173 173 174 175 176 177 178 179 180 181 182 183 184 5 185 186 187 188 189 188 190 191 192 168 168 3 168 3 168
https://www.cookstr.com/Snacks/Street-Cart-Pretzels-Recipe
513:  1 2 3 4 0 513 5 6 7 8 9 10 11 0 156 522 523 524 524 524 242 243 243 525 245 246 247 513 513 245 246 247 513 6 156 51 52 53 54 55 56 57 58 59 60 61 62 63 64 65 66 67 68 69 70 71 72 73 74 75 76 77 78 79 6 80 81 82 83 84 85 86 87 88 89 90 91 92 93 94 95 96 97 98 99 100 101 102 103 104 105 106 107 108 109 110 111 112 113 114 115 116 117 118 119 120 121 122 123 124 125 126 127 128 129 130 131 132 133 134 135 136 137 138 139 140 141 142 143 144 145 146 147 148 149 150 151 152 153 154 155 157 158 1 2 3 4 12 12 12 513 514 515 516 517 518 512 519 520 521 1 1 3 3 168 168 173 173 174 175 176 177 178 179 180 181 182 183 184 5 185 186 187 188 189 188 190 191 192 168 168 3 168 3 168
https://www.cookstr.com/users/Michael-Suchman
522:  1 2 3 4 0 522 5 6 7 8 9 10 11 526 526 526 526 524 524 522 250 527 6 51 52 53 54 55 56 57 58 59 60 61 62 63 64 65 66 67 68 69 70 71 72 73 74 75 76 77 78 79 6 80 81 82 83 84 85 86 87 88 89 90 91 92 93 94 95 96 97 98 99 100 101 102 103 104 105 106 107 108 109 110 111 112 113 114 115 116 117 118 119 120 121 122 123 124 125 126 127 128 129 130 131 132 133 134 135 136 137 138 139 140 141 142 143 144 145 146 147 148 149 150 151 152 153 154 155 156 157 158 1 2 3 4 12 12 12 159 160 161 162 163 164 11 165 166 167 1 1 3 3 168 168 169 170 171 2 172 173 173 174 175 176 177 178 179 180 181 182 183 184 5 185 186 187 188 189 188 190 191 192 168 168 3 168 3 168
https://www.cookstr.com/Breakfast-Recipes/Diner-Style-Pancakes-Recipe
526:  1 2 3 4 0 526 5 6 7 8 9 10 11 0 58 526 522 523 524 524 524 242 243 243 528 529 529 245 246 247 526 526 245 246 247 526 526 6 58 59 60 61 62 63 64 65 66 51 52 53 54 55 56 57 67 68 69 70 71 72 73 74 75 76 77 78 79 6 80 81 82 83 84 85 86 87 88 89 90 91 92 93 94 95 96 97 98 99 100 101 102 103 104 105 106 107 108 109 110 111 112 113 114 115 116 117 118 119 120 121 122 123 124 125 126 127 128 129 130 131 132 133 134 135 136 137 138 139 140 141 142 143 144 145 146 147 148 149 150 151 152 153 154 155 156 157 158 1 2 3 4 12 12 12 530 531 532 533 534 535 536 537 538 539 1 1 3 3 168 168 173 173 174 175 176 177 178 179 180 181 182 183 184 5 185 186 187 188 189 188 190 191 192 168 168 3 168 3 168
https://www.cookstr.com/tag/Easy-Pancake-Recipe
528:  1 2 3 4 0 528 5 6 7 8 9 10 11 0 540 540 540 541 541 541 531 531 531 526 526 526 536 536 536 542 542 542 543 543 543 30 30 30 544 544 544 545 545 545 546 546 546 547 547 547 548 548 548 6 51 52 53 54 55 56 57 58 59 60 61 62 63 64 65 66 67 68 69 70 71 72 73 74 75 76 77 78 79 6 80 81 82 83 84 85 86 87 88 89 90 91 92 93 94 95 96 97 98 99 100 101 102 103 104 105 106 107 108 109 110 111 112 113 114 115 116 117 118 119 120 121 122 123 124 125 126 127 128 129 130 131 132 133 134 135 136 137 138 139 140 141 142 143 144 145 146 147 148 149 150 151 152 153 154 155 156 157 158 1 2 3 4 12 12 12 159 160 161 162 163 164 11 165 166 167 1 1 3 3 168 168 169 170 171 2 172 173 173 174 175 176 177 178 179 180 181 182 183 184 5 185 186 187 188 189 188 190 191 192 168 168 3 168 3 168
https://www.cookstr.com/Gluten-Free/Banana-Pancakes-Laura-Miller
544:  1 2 3 4 0 544 5 6 7 8 9 10 11 0 125 549 549 549 550 550 550 243 243 245 246 247 544 544 245 246 247 544 6 124 125 126 127 51 52 53 54 55 56 57 58 59 60 61 62 63 64 65 66 67 68 69 70 71 72 73 74 75 76 77 78 79 6 80 81 82 83 84 85 86 87 88 89 90 91 92 93 94 95 96 97 98 99 100 101 102 103 104 105 106 107 108 109 110 111 112 113 114 115 116 117 118 119 120 121 122 123 128 129 130 131 132 133 134 135 136 137 138 139 140 141 142 143 144 145 146 147 148 149 150 151 152 153 154 155 156 157 158 1 2 3 4 12 12 12 375 551 552 544 553 554 555 556 557 558 1 1 3 3 168 168 173 173 174 175 176 177 178 179 180 181 182 183 184 5 185 186 187 188 189 188 190 191 192 168 168 3 168 3 168
https://www.cookstr.com/users/Laura-Miller
549:  1 2 3 4 0 549 5 6 7 8 9 10 11 559 559 559 559 550 550 549 250 560 6 51 52 53 54 55 56 57 58 59 60 61 62 63 64 65 66 67 68 69 70 71 72 73 74 75 76 77 78 79 6 80 81 82 83 84 85 86 87 88 89 90 91 92 93 94 95 96 97 98 99 100 101 102 103 104 105 106 107 108 109 110 111 112 113 114 115 116 117 118 119 120 121 122 123 124 125 126 127 128 129 130 131 132 133 134 135 136 137 138 139 140 141 142 143 144 145 146 147 148 149 150 151 152 153 154 155 156 157 158 1 2 3 4 12 12 12 159 160 161 162 163 164 11 165 166 167 1 1 3 3 168 168 169 170 171 2 172 173 173 174 175 176 177 178 179 180 181 182 183 184 5 185 186 187 188 189 188 190 191 192 168 168 3 168 3 168
https://www.cookstr.com/Modified-Diet/Sweet-Potato-Enchiladas-Laura-Miller
559:  1 2 3 4 0 559 5 6 7 8 9 10 11 0 124 559 549 549 549 550 550 550 243 243 561 245 246 247 559 559 245 246 247 559 559 6 124 125 126 127 51 52 53 54 55 56 57 58 59 60 61 62 63 64 65 66 67 68 69 70 71 72 73 74 75 76 77 78 79 6 80 81 82 83 84 85 86 87 88 89 90 91 92 93 94 95 96 97 98 99 100 101 102 103 104 105 106 107 108 109 110 111 112 113 114 115 116 117 118 119 120 121 122 123 128 129 130 131 132 133 134 135 136 137 138 139 140 141 142 143 144 145 146 147 148 149 150 151 152 153 154 155 156 157 158 1 2 3 4 12 12 12 165 562 563 564 565 566 559 567 568 569 1 1 3 3 168 168 173 173 174 175 176 177 178 179 180 181 182 183 184 5 185 186 187 188 189 188 190 191 192 168 168 3 168 3 168
http://www.cookstr.com/Sauces/Avocado-Crema
561:  50 48 49 570 571 561 572 573 574 575 576 577 578 571 579 580 580 580 581 581 581 582 582 583 245 246 247 561 561 245 246 247 561 573 579 584 585 586 587 588 589 590 591 592 593 594 595 596 597 598 599 600 601 602 603 604 605 606 607 608 609 610 611 612 613 614 615 616 573 617 618 619 620 621 622 623 624 625 626 627 628 629 630 631 632 633 634 635 636 637 638 639 640 641 642 643 644 645 646 647 648 649 650 651 652 653 654 655 656 657 658 659 660 661 662 663 664 665 666 667 668 669 670 671 672 673 674 675 676 677 678 679 680 681 682 683 684 685 686 687 688 689 690 50 48 49 570 691 691 691 692 693 694 695 696 697 691 698 699 700 50 50 49 49 701 701 702 702 703 704 705 706 707 708 709 710 711 712 713 572 714 715 716 717 718 717 719 720 721 701 701 49 701 49 701
http://www.cookstr.com/section/account/action/register
570:  50 48 49 570 571 570 572 573 574 575 576 577 578 571 570 573 588 589 590 591 592 593 594 595 596 597 598 599 600 601 602 603 604 605 606 607 608 609 610 611 612 613 614 615 616 573 617 618 619 620 621 622 623 624 625 626 627 628 629 630 631 632 633 634 635 636 637 638 639 640 641 642 643 644 645 646 647 648 649 650 651 652 653 654 655 656 657 658 659 660 661 662 663 664 665 666 667 668 669 670 671 672 673 674 675 676 677 678 679 579 584 585 586 587 680 681 682 683 684 685 686 687 688 689 690 50 48 49 570 691 691 691 722 723 724 725 726 727 578 728 729 730 50 50 49 49 701 701 169 170 171 48 731 702 702 703 704 705 706 707 708 709 710 711 712 713 572 714 715 716 717 718 717 719 720 721 701 701 49 701 49 701
http://www.cookstr.com/Pasta-Recipes/Chicken-Broccoli-Pasta
722:  50 48 49 570 571 722 572 573 574 575 576 577 578 571 665 732 732 732 733 733 733 582 582 445 245 246 247 722 722 245 246 247 722 573 665 588 589 590 591 592 593 594 595 596 597 598 599 600 601 602 603 604 605 606 607 608 609 610 611 612 613 614 615 616 573 617 618 619 620 621 622 623 624 625 626 627 628 629 630 631 632 633 634 635 636 637 638 639 640 641 642 643 644 645 646 647 648 649 650 651 652 653 654 655 656 657 658 659 660 661 662 663 664 666 667 668 669 670 671 672 673 674 675 676 677 678 679 579 584 585 586 587 680 681 682 683 684 685 686 687 688 689 690 50 48 49 570 691 691 691 722 734 735 736 737 738 739 740 741 742 50 50 49 49 701 701 702 702 703 704 705 706 707 708 709 710 711 712 713 572 714 715 716 717 718 717 719 720 721 701 701 49 701 49 701
http://www.cookstr.com/Pasta-Recipes/Creamy-Risotto-Style-Spaghetti
736:  50 48 49 570 571 736 572 573 574 575 576 577 578 571 665 743 743 743 744 744 744 242 582 582 245 246 247 736 736 245 246 247 736 573 665 588 589 590 591 592 593 594 595 596 597 598 599 600 601 602 603 604 605 606 607 608 609 610 611 612 613 614 615 616 573 617 618 619 620 621 622 623 624 625 626 627 628 629 630 631 632 633 634 635 636 637 638 639 640 641 642 643 644 645 646 647 648 649 650 651 652 653 654 655 656 657 658 659 660 661 662 663 664 666 667 668 669 670 671 672 673 674 675 676 677 678 679 579 584 585 586 587 680 681 682 683 684 685 686 687 688 689 690 50 48 49 570 691 691 691 722 734 735 736 737 738 739 740 741 742 50 50 49 49 701 701 702 702 703 704 705 706 707 708 709 710 711 712 713 572 714 715 716 717 718 717 719 720 721 701 701 49 701 49 701
http://www.cookstr.com/cookbooks/pasta-modern-new-inspired-recipes-from-italy
744:  50 48 49 570 571 744 572 573 574 575 576 577 578 745 250 746 743 743 747 747 748 748 749 749 750 750 751 751 752 752 736 736 753 753 744 744 573 588 589 590 591 592 593 594 595 596 597 598 599 600 601 602 603 604 605 606 607 608 609 610 611 612 613 614 615 616 573 617 618 619 620 621 622 623 624 625 626 627 628 629 630 631 632 633 634 635 636 637 638 639 640 641 642 643 644 645 646 647 648 649 650 651 652 653 654 655 656 657 658 659 660 661 662 663 664 665 666 667 668 669 670 671 672 673 674 675 676 677 678 679 579 584 585 586 587 680 681 682 683 684 685 686 687 688 689 690 50 48 49 570 691 691 691 722 723 724 725 726 727 578 728 729 730 50 50 49 49 701 701 169 170 171 48 731 702 702 703 704 705 706 707 708 709 710 711 712 713 572 714 715 716 717 718 717 719 720 721 701 701 49 701 49 701
http://www.cookstr.com/recipes/meat-and-pear-ravioli
747:  50 48 49 570 571 747 572 573 574 575 576 577 578 571 573 743 743 743 744 744 744 242 582 582 245 246 247 747 747 245 246 247 747 747 573 573 588 589 590 591 592 593 594 595 596 597 598 599 600 601 602 603 604 605 606 607 608 609 610 611 612 613 614 615 616 617 618 619 620 621 622 623 624 625 626 627 628 629 630 631 632 633 634 635 636 637 638 639 640 641 642 643 644 645 646 647 648 649 650 651 652 653 654 655 656 657 658 659 660 661 662 663 664 665 666 667 668 669 670 671 672 673 674 675 676 677 678 679 579 584 585 586 587 680 681 682 683 684 685 686 687 688 689 690 50 48 49 570 691 691 691 754 755 756 757 758 759 760 761 762 763 50 50 49 49 701 701 702 702 703 704 705 706 707 708 709 710 711 712 713 572 714 715 716 717 718 717 719 720 721 701 701 49 701 49 701
http://www.cookstr.com/Caribbean-Recipes/Conch-Salad-Bahamian-Style
754:  50 48 49 570 571 754 572 573 574 575 576 577 578 571 634 764 764 764 765 765 765 242 582 582 766 767 767 768 769 770 771 772 773 774 774 245 246 247 754 754 245 246 247 754 754 573 629 630 631 632 633 634 635 636 637 638 639 640 641 642 643 644 645 646 588 589 590 591 592 593 594 595 596 597 598 599 600 601 602 603 604 605 606 607 608 609 610 611 612 613 614 615 616 573 617 618 619 620 621 622 623 624 625 626 627 628 647 648 649 650 651 652 653 654 655 656 657 658 659 660 661 662 663 664 665 666 667 668 669 670 671 672 673 674 675 676 677 678 679 579 584 585 586 587 680 681 682 683 684 685 686 687 688 689 690 50 48 49 570 691 691 691 754 775 776 777 778 779 780 781 782 50 50 49 49 701 701 702 702 703 704 705 706 707 708 709 710 711 712 713 572 714 715 716 717 718 717 719 720 721 701 701 49 701 49 701
https://www.cookstr.com/cookbooks/the-summer-shack-cookbook
768:  1 2 3 4 0 768 5 6 7 8 9 10 11 783 250 784 785 785 215 215 769 769 770 770 786 786 771 771 787 787 788 788 773 773 789 789 772 772 768 768 6 51 52 53 54 55 56 57 58 59 60 61 62 63 64 65 66 67 68 69 70 71 72 73 74 75 76 77 78 79 6 80 81 82 83 84 85 86 87 88 89 90 91 92 93 94 95 96 97 98 99 100 101 102 103 104 105 106 107 108 109 110 111 112 113 114 115 116 117 118 119 120 121 122 123 124 125 126 127 128 129 130 131 132 133 134 135 136 137 138 139 140 141 142 143 144 145 146 147 148 149 150 151 152 153 154 155 156 157 158 1 2 3 4 12 12 12 159 160 161 162 163 164 11 165 166 167 1 1 3 3 168 168 169 170 171 2 172 173 173 174 175 176 177 178 179 180 181 182 183 184 5 185 186 187 188 189 188 190 191 192 168 168 3 168 3 168
https://www.cookstr.com/users/jasper-white
785:  1 2 3 4 0 785 5 6 7 8 9 10 11 790 791 792 768 768 785 783 250 784 6 51 52 53 54 55 56 57 58 59 60 61 62 63 64 65 66 67 68 69 70 71 72 73 74 75 76 77 78 79 6 80 81 82 83 84 85 86 87 88 89 90 91 92 93 94 95 96 97 98 99 100 101 102 103 104 105 106 107 108 109 110 111 112 113 114 115 116 117 118 119 120 121 122 123 124 125 126 127 128 129 130 131 132 133 134 135 136 137 138 139 140 141 142 143 144 145 146 147 148 149 150 151 152 153 154 155 156 157 158 1 2 3 4 12 12 12 159 160 161 162 163 164 11 165 166 167 1 1 3 3 168 168 169 170 171 2 172 173 173 174 175 176 177 178 179 180 181 182 183 184 5 185 186 187 188 189 188 190 191 192 168 168 3 168 3 168
https://www.cookstr.com/Shellfish-Recipes/Grilled-Clams-with-Garlic-Butter
786:  1 2 3 4 0 786 5 6 7 8 9 10 11 0 150 785 785 785 768 768 768 242 243 243 245 246 247 786 786 245 246 247 786 6 148 149 150 51 52 53 54 55 56 57 58 59 60 61 62 63 64 65 66 67 68 69 70 71 72 73 74 75 76 77 78 79 6 80 81 82 83 84 85 86 87 88 89 90 91 92 93 94 95 96 97 98 99 100 101 102 103 104 105 106 107 108 109 110 111 112 113 114 115 116 117 118 119 120 121 122 123 124 125 126 127 128 129 130 131 132 133 134 135 136 137 138 139 140 141 142 143 144 145 146 147 151 152 153 154 155 156 157 158 1 2 3 4 12 12 12 215 793 794 786 795 796 797 798 799 770 1 1 3 3 168 168 173 173 174 175 176 177 178 179 180 181 182 183 184 5 185 186 187 188 189 188 190 191 192 168 168 3 168 3 168
https://www.cookstr.com/Shellfish-Recipes/Baked-Stuffed-Lobster
793:  1 2 3 4 0 793 5 6 7 8 9 10 11 0 150 800 801 802 802 802 242 243 243 766 803 245 246 247 793 793 245 246 247 793 6 148 149 150 51 52 53 54 55 56 57 58 59 60 61 62 63 64 65 66 67 68 69 70 71 72 73 74 75 76 77 78 79 6 80 81 82 83 84 85 86 87 88 89 90 91 92 93 94 95 96 97 98 99 100 101 102 103 104 105 106 107 108 109 110 111 112 113 114 115 116 117 118 119 120 121 122 123 124 125 126 127 128 129 130 131 132 133 134 135 136 137 138 139 140 141 142 143 144 145 146 147 151 152 153 154 155 156 157 158 1 2 3 4 12 12 12 215 793 794 786 795 796 797 798 799 770 1 1 3 3 168 168 173 173 174 175 176 177 178 179 180 181 182 183 184 5 185 186 187 188 189 188 190 191 192 168 168 3 168 3 168
https://www.cookstr.com/users/linda-greenlaw
800:  1 2 3 4 0 800 5 6 7 8 9 10 11 804 804 805 804 804 802 802 800 806 250 807 6 51 52 53 54 55 56 57 58 59 60 61 62 63 64 65 66 67 68 69 70 71 72 73 74 75 76 77 78 79 6 80 81 82 83 84 85 86 87 88 89 90 91 92 93 94 95 96 97 98 99 100 101 102 103 104 105 106 107 108 109 110 111 112 113 114 115 116 117 118 119 120 121 122 123 124 125 126 127 128 129 130 131 132 133 134 135 136 137 138 139 140 141 142 143 144 145 146 147 148 149 150 151 152 153 154 155 156 157 158 1 2 3 4 12 12 12 159 160 161 162 163 164 11 165 166 167 1 1 3 3 168 168 169 170 171 2 172 173 173 174 175 176 177 178 179 180 181 182 183 184 5 185 186 187 188 189 188 190 191 192 168 168 3 168 3 168
https://www.cookstr.com/Casserole-Recipes/Ginny-Brehmers-Sweet-Potato-Casserole
804:  1 2 3 4 0 804 5 6 7 8 9 10 11 0 71 804 800 801 802 802 802 242 243 243 245 246 247 804 804 245 246 247 804 804 804 804 804 6 71 72 51 52 53 54 55 56 57 58 59 60 61 62 63 64 65 66 67 68 69 70 73 74 75 76 77 78 79 6 80 81 82 83 84 85 86 87 88 89 90 91 92 93 94 95 96 97 98 99 100 101 102 103 104 105 106 107 108 109 110 111 112 113 114 115 116 117 118 119 120 121 122 123 124 125 126 127 128 129 130 131 132 133 134 135 136 137 138 139 140 141 142 143 144 145 146 147 148 149 150 151 152 153 154 155 156 157 158 1 2 3 4 12 12 12 808 809 810 811 812 813 814 815 816 817 1 1 3 3 168 168 173 173 174 175 176 177 178 179 180 181 182 183 184 5 185 186 187 188 189 188 190 191 192 168 168 3 168 3 168
https://www.cookstr.com/Casserole-Recipes/Cheesy-Spinach-Bake
808:  1 2 3 4 0 808 5 6 7 8 9 10 11 0 71 808 818 819 820 820 820 242 243 243 245 246 247 808 808 245 246 247 808 808 808 6 71 72 51 52 53 54 55 56 57 58 59 60 61 62 63 64 65 66 67 68 69 70 73 74 75 76 77 78 79 6 80 81 82 83 84 85 86 87 88 89 90 91 92 93 94 95 96 97 98 99 100 101 102 103 104 105 106 107 108 109 110 111 112 113 114 115 116 117 118 119 120 121 122 123 124 125 126 127 128 129 130 131 132 133 134 135 136 137 138 139 140 141 142 143 144 145 146 147 148 149 150 151 152 153 154 155 156 157 158 1 2 3 4 12 12 12 808 809 810 811 812 813 814 815 816 817 1 1 3 3 168 168 173 173 174 175 176 177 178 179 180 181 182 183 184 5 185 186 187 188 189 188 190 191 192 168 168 3 168 3 168
https://www.cookstr.com/users/liz-weiss
818:  1 2 3 4 0 818 5 6 7 8 9 10 11 808 808 821 822 823 824 825 826 827 808 808 820 820 818 828 250 829 6 51 52 53 54 55 56 57 58 59 60 61 62 63 64 65 66 67 68 69 70 71 72 73 74 75 76 77 78 79 6 80 81 82 83 84 85 86 87 88 89 90 91 92 93 94 95 96 97 98 99 100 101 102 103 104 105 106 107 108 109 110 111 112 113 114 115 116 117 118 119 120 121 122 123 124 125 126 127 128 129 130 131 132 133 134 135 136 137 138 139 140 141 142 143 144 145 146 147 148 149 150 151 152 153 154 155 156 157 158 1 2 3 4 12 12 12 159 160 161 162 163 164 11 165 166 167 1 1 3 3 168 168 169 170 171 2 172 173 173 174 175 176 177 178 179 180 181 182 183 184 5 185 186 187 188 189 188 190 191 192 168 168 3 168 3 168
https://www.cookstr.com/users/janice-newell-bissex
819:  1 2 3 4 0 819 5 6 7 8 9 10 11 823 820 820 819 828 250 829 6 51 52 53 54 55 56 57 58 59 60 61 62 63 64 65 66 67 68 69 70 71 72 73 74 75 76 77 78 79 6 80 81 82 83 84 85 86 87 88 89 90 91 92 93 94 95 96 97 98 99 100 101 102 103 104 105 106 107 108 109 110 111 112 113 114 115 116 117 118 119 120 121 122 123 124 125 126 127 128 129 130 131 132 133 134 135 136 137 138 139 140 141 142 143 144 145 146 147 148 149 150 151 152 153 154 155 156 157 158 1 2 3 4 12 12 12 159 160 161 162 163 164 11 165 166 167 1 1 3 3 168 168 169 170 171 2 172 173 173 174 175 176 177 178 179 180 181 182 183 184 5 185 186 187 188 189 188 190 191 192 168 168 3 168 3 168
https://www.cookstr.com/cookbooks/no-whine-with-dinner
820:  1 2 3 4 0 820 5 6 7 8 9 10 11 828 250 829 818 818 819 819 830 830 520 520 831 831 832 832 833 833 834 834 835 835 836 836 552 552 811 811 808 808 837 837 838 838 839 839 840 840 820 820 6 51 52 53 54 55 56 57 58 59 60 61 62 63 64 65 66 67 68 69 70 71 72 73 74 75 76 77 78 79 6 80 81 82 83 84 85 86 87 88 89 90 91 92 93 94 95 96 97 98 99 100 101 102 103 104 105 106 107 108 109 110 111 112 113 114 115 116 117 118 119 120 121 122 123 124 125 126 127 128 129 130 131 132 133 134 135 136 137 138 139 140 141 142 143 144 145 146 147 148 149 150 151 152 153 154 155 156 157 158 1 2 3 4 12 12 12 159 160 161 162 163 164 11 165 166 167 1 1 3 3 168 168 169 170 171 2 172 173 173 174 175 176 177 178 179 180 181 182 183 184 5 185 186 187 188 189 188 190 191 192 168 168 3 168 3 168
https://www.cookstr.com/Casserole-Recipes/Tuna-and-Pasta-Bake
809:  1 2 3 4 0 809 5 6 7 8 9 10 11 0 71 841 842 843 843 843 242 243 243 245 246 247 809 809 245 246 247 809 809 809 6 71 72 51 52 53 54 55 56 57 58 59 60 61 62 63 64 65 66 67 68 69 70 73 74 75 76 77 78 79 6 80 81 82 83 84 85 86 87 88 89 90 91 92 93 94 95 96 97 98 99 100 101 102 103 104 105 106 107 108 109 110 111 112 113 114 115 116 117 118 119 120 121 122 123 124 125 126 127 128 129 130 131 132 133 134 135 136 137 138 139 140 141 142 143 144 145 146 147 148 149 150 151 152 153 154 155 156 157 158 1 2 3 4 12 12 12 808 809 810 811 812 813 814 815 816 817 1 1 3 3 168 168 173 173 174 175 176 177 178 179 180 181 182 183 184 5 185 186 187 188 189 188 190 191 192 168 168 3 168 3 168
https://www.cookstr.com/users/victoria-blashford-snell
841:  1 2 3 4 0 841 5 6 7 8 9 10 11 844 844 844 844 843 843 841 845 250 846 6 51 52 53 54 55 56 57 58 59 60 61 62 63 64 65 66 67 68 69 70 71 72 73 74 75 76 77 78 79 6 80 81 82 83 84 85 86 87 88 89 90 91 92 93 94 95 96 97 98 99 100 101 102 103 104 105 106 107 108 109 110 111 112 113 114 115 116 117 118 119 120 121 122 123 124 125 126 127 128 129 130 131 132 133 134 135 136 137 138 139 140 141 142 143 144 145 146 147 148 149 150 151 152 153 154 155 156 157 158 1 2 3 4 12 12 12 847 848 849 850 851 852 853 854 855 856 1 1 3 3 168 168 169 170 171 2 172 173 173 174 175 176 177 178 179 180 181 182 183 184 5 185 186 187 188 189 188 190 191 192 168 168 3 168 3 168
https://www.cookstr.com/users/brigitte-hafner
842:  1 2 3 4 0 842 5 6 7 8 9 10 11 843 843 842 845 250 846 6 51 52 53 54 55 56 57 58 59 60 61 62 63 64 65 66 67 68 69 70 71 72 73 74 75 76 77 78 79 6 80 81 82 83 84 85 86 87 88 89 90 91 92 93 94 95 96 97 98 99 100 101 102 103 104 105 106 107 108 109 110 111 112 113 114 115 116 117 118 119 120 121 122 123 124 125 126 127 128 129 130 131 132 133 134 135 136 137 138 139 140 141 142 143 144 145 146 147 148 149 150 151 152 153 154 155 156 157 158 1 2 3 4 12 12 12 847 848 849 850 851 852 853 854 855 856 1 1 3 3 168 168 169 170 171 2 172 173 173 174 175 176 177 178 179 180 181 182 183 184 5 185 186 187 188 189 188 190 191 192 168 168 3 168 3 168
https://www.cookstr.com/cookbooks/the-illustrated-kitchen-bible
843:  1 2 3 4 0 843 5 6 7 8 9 10 11 845 250 846 841 841 842 842 857 857 858 858 844 844 859 859 809 809 332 332 860 860 861 861 862 862 863 863 864 864 843 843 6 51 52 53 54 55 56 57 58 59 60 61 62 63 64 65 66 67 68 69 70 71 72 73 74 75 76 77 78 79 6 80 81 82 83 84 85 86 87 88 89 90 91 92 93 94 95 96 97 98 99 100 101 102 103 104 105 106 107 108 109 110 111 112 113 114 115 116 117 118 119 120 121 122 123 124 125 126 127 128 129 130 131 132 133 134 135 136 137 138 139 140 141 142 143 144 145 146 147 148 149 150 151 152 153 154 155 156 157 158 1 2 3 4 12 12 12 847 848 849 850 851 852 853 854 855 856 1 1 3 3 168 168 169 170 171 2 172 173 173 174 175 176 177 178 179 180 181 182 183 184 5 185 186 187 188 189 188 190 191 192 168 168 3 168 3 168
https://www.cookstr.com/Casserole-Recipes/Baked-Rice-and-Cheese
810:  1 2 3 4 0 810 5 6 7 8 9 10 11 0 71 810 865 865 865 866 866 866 242 243 243 867 868 868 869 870 871 872 873 873 245 246 247 810 810 245 246 247 810 810 810 810 810 6 71 72 51 52 53 54 55 56 57 58 59 60 61 62 63 64 65 66 67 68 69 70 73 74 75 76 77 78 79 6 80 81 82 83 84 85 86 87 88 89 90 91 92 93 94 95 96 97 98 99 100 101 102 103 104 105 106 107 108 109 110 111 112 113 114 115 116 117 118 119 120 121 122 123 124 125 126 127 128 129 130 131 132 133 134 135 136 137 138 139 140 141 142 143 144 145 146 147 148 149 150 151 152 153 154 155 156 157 158 1 2 3 4 12 12 12 808 809 810 811 812 813 814 815 816 817 1 1 3 3 168 168 173 173 174 175 176 177 178 179 180 181 182 183 184 5 185 186 187 188 189 188 190 191 192 168 168 3 168 3 168
https://www.cookstr.com/users/marie-simmons
865:  1 2 3 4 0 865 5 6 7 8 9 10 11 874 874 875 874 874 876 876 865 877 250 878 879 879 865 880 250 881 866 866 865 882 250 883 6 51 52 53 54 55 56 57 58 59 60 61 62 63 64 65 66 67 68 69 70 71 72 73 74 75 76 77 78 79 6 80 81 82 83 84 85 86 87 88 89 90 91 92 93 94 95 96 97 98 99 100 101 102 103 104 105 106 107 108 109 110 111 112 113 114 115 116 117 118 119 120 121 122 123 124 125 126 127 128 129 130 131 132 133 134 135 136 137 138 139 140 141 142 143 144 145 146 147 148 149 150 151 152 153 154 155 156 157 158 1 2 3 4 12 12 12 847 848 849 850 851 852 853 854 855 856 1 1 3 3 168 168 169 170 171 2 172 173 173 174 175 176 177 178 179 180 181 182 183 184 5 185 186 187 188 189 188 190 191 192 168 168 3 168 3 168
https://www.cookstr.com/tag/Comfort-Food
867:  1 2 3 4 0 867 5 6 7 8 9 10 11 0 884 884 884 885 886 885 887 887 887 888 888 888 329 329 329 889 889 889 890 890 890 891 891 891 892 892 892 813 813 813 872 872 872 893 893 893 852 852 852 894 894 894 895 895 895 896 896 896 810 810 810 885 886 885 6 51 52 53 54 55 56 57 58 59 60 61 62 63 64 65 66 67 68 69 70 71 72 73 74 75 76 77 78 79 6 80 81 82 83 84 85 86 87 88 89 90 91 92 93 94 95 96 97 98 99 100 101 102 103 104 105 106 107 108 109 110 111 112 113 114 115 116 117 118 119 120 121 122 123 124 125 126 127 128 129 130 131 132 133 134 135 136 137 138 139 140 141 142 143 144 145 146 147 148 149 150 151 152 153 154 155 156 157 158 1 2 3 4 12 12 12 847 848 849 850 851 852 853 854 855 856 1 1 3 3 168 168 169 170 171 2 172 173 173 174 175 176 177 178 179 180 181 182 183 184 5 185 186 187 188 189 188 190 191 192 168 168 3 168 3 168
