https://cookeatshare.com/
0:  0 1 2 3 4 5 6 7 8 0 9 10 11 12 13 14 15 16 17 18 19 20 21 9 22 9 23 24 25 26 27 9 28 29 30 31 32 9 33 34 35 36 37 9 38 39 40 41 42 9 43 44 45 46 47 9 48 49 50 51 52 9 53 54 55 56 57 58 9 59 60 61 62 63 64 65 66 67 68 69 70 71 72 73 74 75 76 77 78 79 79 80 81 81 82 82 83 83 84 85 86 87 88 89 90 91 92 93 94 95 96 97 98 99 100 101 102 103 104 105 106 107 108 109 109 110 110 111 111 112 112 113 113 90 90 114 114 115 115 116 116 117 117 118 118 119 119 17 120 121 122 123 11 124 125 126 127 128 129 130 131 132 133 134 135 136 137 138 139 140 141 142 143 144 145 146 147 148 149 150 151 152 153 154 155 156 157 158 159 160 161 162 163 126 164 18 165 166
https://ru.cookeatshare.com/
2:  167 2 2 1 0 3 4 5 168 169 170 2 171 172 173 174 175 176 177 178 179 171 180 171 181 182 183 184 185 171 186 187 188 189 190 171 191 192 193 194 195 171 196 197 198 199 200 171 201 202 203 204 205 171 206 207 208 209 210 211 212 213 213 214 214 215 216 217 218 219 220 221 222 223 224 225 226 227 228 229 230 231 232 233 234 235 236 237 238 239 240 240 241 241 242 242 213 213 243 243 244 244 245 245 246 246 247 247 248 248 249 249 250 250 178 251 252 253 254 173 255 256 255 164 179
https://ru.cookeatshare.com/select-locale/en_US
167:  0 1 2 3 4 5 168 7 8 2 171 172 173 174 175 14 15 16 17 179 257 258 259 171 260 171 181 182 183 184 185 171 186 187 189 188 190 171 191 192 193 194 195 171 196 197 199 198 200 171 201 202 203 204 261 171 206 207 208 209 262 171 263 264 265 266 267 268 171 269 270 271 272 273 274 275 66 276 277 278 279 280 281 282 283 284 285 211 212 286 286 80 81 287 82 288 83 289 215 216 217 218 88 220 221 91 223 224 94 226 227 97 229 230 100 232 233 103 235 236 106 238 239 109 109 110 110 111 111 112 112 113 113 90 90 114 114 115 115 116 116 117 117 118 118 119 119 17 120 252 122 123 11 290 291 255 292 293 294 295 296 297 298 299 300 301 302 303 304 305 306 307 308 309 310 311 312 313 314 315 316 317 318 319 320 321 322 323 324 325 326 162 256 255 164 179 327 166
https://ru.cookeatshare.com/auth/facebook
257:  328 329
https://ru.cookeatshare.com/auth/google
258:  330 331 332 332
https://ru.cookeatshare.com/recipes/kid-friendly
260:  167 260 2 1 9 333 334 335 168 169 170 2 171 172 173 174 175 176 177 178 171 180 260 336 337 338 339 340 341 342 343 344 345 260 260 260 346 347 348 349 350 351 352 353 354 355 356 357 358 359 360 260 260 260 361 362 363 364 365 366 367 368 369 370 371 372 373 374 375 376 377 378 379 380 381 382 383 384 385 386 387 388 389 390 391 392 393 394 395 260 260 260 396 397 398 399 400 401 402 403 404 405 406 407 408 409 410 411 412 413 260 260 260 414 415 416 417 418 419 420 421 422 423 424 425 426 427 428 429 430 431 432 433 434 435 436 260 260 260 437 438 439 440 441 442 443 444 445 446 447 448 449 450 451 452 453 454 455 456 457 458 459 460 461 462 463 464 465 466 467 468 260 260 260 260 469 469 470 469 469 471 471 472 471 471 473 473 474 473 473 475 475 474 475 475 476 476 477 476 478 478 479 478 478 480 480 481 480 482 482 483 482 482 484 484 474 484 484 485 485 486 485 485 487 487 488 487 487 489 489 490 489 491 491 492 491 493 493 494 493 493 495 495 479 495 495 496 497 498 499 500 501 502 503 504 496 179 213 213 178 251 256 255 164 179
https://ru.cookeatshare.com/recipes/course/main-dish/kid-friendly
336:  167 336 2 1 9 333 334 335 168 169 170 2 171 172 173 174 175 176 177 178 171 180 260 336 505 506 507 508 509 510 511 512 513 514 515 516 517 518 519 520 521 522 523 524 525 336 336 336 526 527 528 529 530 531 532 533 534 535 536 537 538 539 540 336 336 336 541 542 543 544 545 546 547 548 549 550 551 552 553 554 555 556 557 558 559 560 561 562 563 564 565 566 567 568 569 570 571 336 336 336 572 573 574 575 576 577 578 579 580 581 582 583 584 585 586 587 588 589 336 336 336 590 591 592 593 594 595 596 597 598 599 600 601 602 603 604 605 606 607 608 609 610 611 612 336 336 336 613 614 615 616 617 618 619 620 621 622 623 624 625 626 627 628 629 630 631 632 633 634 635 636 637 638 639 640 641 642 643 644 336 336 336 336 171 475 475 474 475 475 480 480 481 480 482 482 483 482 482 489 489 490 489 493 493 494 493 493 645 645 474 645 645 646 646 486 646 646 647 647 470 647 647 648 648 474 648 648 649 649 650 649 651 651 474 651 651 652 652 474 652 652 653 653 474 653 653 654 654 655 654 656 656 481 657 658 659 660 661 662 663 664 665 657 179 213 213 178 251 256 255 164 179
https://ru.cookeatshare.com/recipes/course/curries/kid-friendly
512:  167 512 2 1 9 333 334 335 168 169 170 2 171 172 173 174 175 176 177 178 171 180 260 336 512 512 666 667 668 669 670 671 672 512 512 512 673 674 675 676 677 678 679 680 681 682 512 512 512 683 684 685 686 687 688 689 690 691 512 512 512 692 693 694 695 696 697 698 699 700 701 512 512 512 702 703 704 705 706 707 708 709 710 711 712 713 714 715 716 717 718 719 720 721 722 723 724 725 726 727 728 729 730 731 732 733 512 512 512 512 171 734 734 474 734 734 735 735 474 735 735 736 736 737 738 738 650 739 739 740 741 741 742 743 743 650 744 744 737 745 745 479 745 745 746 746 747 748 748 650 749 749 650 750 750 650 751 751 752 753 753 474 754 754 179 213 213 178 251 256 255 164 179
https://ru.cookeatshare.com/recipes/course/curries/cuisine/indian/kid-friendly
666:  167 666 2 1 9 333 334 335 168 169 170 2 171 172 173 174 175 176 177 178 171 180 348 530 666 512 671 666 666 755 756 757 758 759 760 761 762 763 666 666 666 764 765 766 767 768 769 666 666 666 770 771 772 773 774 775 776 777 666 666 666 778 779 780 781 782 783 784 785 786 787 788 789 790 791 792 793 794 795 796 797 798 799 800 801 802 803 804 805 806 807 808 809 666 666 666 666 171 512 734 734 474 734 734 736 736 737 738 738 650 741 741 742 743 743 650 744 744 737 745 745 479 745 745 746 746 747 748 748 650 749 749 650 750 750 650 753 753 474 810 810 650 811 811 812 813 813 812 814 814 179 213 213 178 251 256 255 164 179
https://ru.cookeatshare.com/recipes/course/curries/cuisine/indian/cook-method/boil/kid-friendly
770:  167 770 2 1 9 333 334 335 168 169 170 2 171 172 173 174 175 176 177 178 171 180 815 816 770 693 817 770 770 818 819 820 770 821 822 666 770 770 770 770 171 512 666 743 743 650 753 753 474 813 813 812 823 823 812 179 213 213 178 251 256 255 164 179
https://ru.cookeatshare.com/recipes/course/main-dish/cuisine/indian/cook-method/boil/kid-friendly
816:  167 816 2 1 9 333 334 335 168 169 170 2 171 172 173 174 175 176 177 178 171 180 815 816 770 824 825 826 827 593 828 816 816 829 830 831 832 833 834 835 836 816 816 816 837 838 839 840 530 816 816 841 842 843 844 845 846 847 848 849 850 851 852 853 854 855 856 857 858 859 860 861 862 863 864 865 816 816 816 816 171 336 530 743 743 650 866 866 474 866 866 867 867 868 867 869 869 870 753 753 474 871 871 870 813 813 812 823 823 812 872 872 873 179 213 213 178 251 256 255 164 179
https://ru.cookeatshare.com/recipes/yellow-split-peas-with-vegetables-dal-takari-537973
866:  167 866 2 1 874 875 876 877 168 169 170 2 171 172 173 174 175 176 177 178 2 171 878 879 880 881 474 882 883 866 866 884 885 885 885 885 885 885 885 885 885 885 866 866 260 886 189 887 888 889 890 891 892 893 894 895 896 897 898 899 900 901 902 885 885 885 885 885 885 885 885 885 885 866 903 866 866 866 868 904 868 905 906 904 906 905 1 474 907 474 905 905 908 907 908 905 905 909 907 909 905 905 910 907 910 905 905 911 907 911 905 905 912 907 912 905 905 913 907 913 1 905 905 474 907 474 905 905 914 915 866 866 866 866 866 866 866 866 866 866 866 1 179 474 474 916 917 918 918 475 475 919 919 920 920 921 921 922 922 923 923 924 924 925 925 926 926 251 253 927 927 928 928 929 930 931 932 933 934 935 936 937 938 939 940 941 942 943 944 945 946 947 948 256 255 164 179
https://ru.cookeatshare.com/signup/msg/save_recipe
896:  167 896 2 1 7 949 950 951 168 169 170 2 171 172 173 174 175 176 177 178 170 179 256 255 164 179
https://ru.cookeatshare.com/signup/msg/personal_note
897:  167 897 2 1 7 949 950 951 168 169 170 2 171 172 173 174 175 176 177 178 170 179 256 255 164 179
https://ru.cookeatshare.com/calculator
898:  167 898 2 1 952 953 954 955 168 169 170 2 171 172 173 174 175 176 177 178 898 178 251 255 256 255 164 179
https://ru.cookeatshare.com/recipes/538000
899:  167 899 2 1 956 957 958 959 168 169 170 2 171 172 173 174 175 176 177 178 2 171 878 879 960 961 962 866 474 882 883 899 899 963 885 885 885 885 885 885 885 885 885 885 899 899 260 886 189 896 897 898 866 900 885 885 885 885 885 885 885 885 885 885 899 903 899 899 899 914 915 899 899 899 899 899 899 899 899 899 899 899 1 179 962 962 917 251 253 256 255 164 179
https://ru.cookeatshare.com/recipes/538000/print
960:  960 899 899
https://ru.cookeatshare.com/recipes/538000/email_form
961:  167 961 2 1 964 965 966 967 168 169 170 2 171 172 173 174 175 176 177 178 899 256 255 164 179
