https://cookieandkate.com/
0:  0 0 0 0 1 2 3 4 0 5 6 7 8 9 10 11 12 13 14 15 16 17 18 19 20 21 22 23 24 25 26 27 28 29 30 31 32 33 34 35 36 37 38 39 40 41 42 43 44 45 46 47 48 49 50 51 52 53 8 14 17 12 10 33 54 55 55 56 57 58 55 59 59 60 59 61 61 61 62 62 63 62 64 64 64 65 65 66 65 67 1 1 68 69 3 4 70 71 72 73 74 75 76 2 77 78 2 79 79 80 80 33 81 81 82 82 83 83 84 84 85 85 70 71 72 74 1 68 2 5 3 4 86 87 88 89 90 91
https://cookieandkate.com/about/
1:  1 1 1 1 1 2 3 4 0 5 6 7 8 9 10 11 12 13 14 15 16 17 18 19 20 21 22 23 24 25 26 27 28 29 30 31 32 33 34 35 36 37 38 39 40 41 42 43 44 45 46 47 48 49 50 51 52 53 8 14 17 12 10 33 54 92 70 71 93 2 94 78 95 96 97 94 2 98 99 100 90 68 101 1 102 1 1 1 102 1 1 102 1 1 102 1 1 102 1 1 1 102 1 1 102 1 1 1 102 1 1 102 1 1 102 1 1 102 1 1 102 1 1 1 102 1 1 102 1 1 102 103 104 105 56 1 1 1 102 1 1 1 102 1 1 102 1 1 102 1 106 1 1 1 68 69 3 4 70 71 72 73 74 75 76 2 77 78 2 79 79 80 80 33 70 71 72 74 1 68 2 5 3 4 86 87 88 89 90 91
https://cookieandkate.com/food-photography-tips-for-food-bloggers/
98:  98 98 98 98 1 2 3 4 0 5 6 7 8 9 10 11 12 13 14 15 16 17 18 19 20 21 22 23 24 25 26 27 28 29 30 31 32 33 34 35 36 37 38 39 40 41 42 43 44 45 46 47 48 49 50 51 52 53 8 14 17 12 10 33 54 107 108 108 109 110 111 112 113 114 115 116 117 118 117 119 120 121 122 123 124 125 126 127 128 129 130 100 99 131 132 133 134 135 136 137 138 139 140 141 98 98 98 98 102 98 98 98 98 98 98 98 98 98 98 98 98 98 98 98 98 98 98 98 98 98 98 98 98 98 98 98 98 98 98 98 98 98 98 98 98 98 98 98 98 98 98 98 98 98 98 98 98 98 102 98 98 102 98 98 98 98 98 142 98 1 1 68 69 3 4 70 71 72 73 74 75 76 2 77 78 2 79 79 80 80 33 70 71 72 74 1 68 2 5 3 4 86 87 88 89 90 91
https://cookieandkate.com/how-to-photograph-food/
130:  130 130 130 130 1 2 3 4 0 5 6 7 8 9 10 11 12 13 14 15 16 17 18 19 20 21 22 23 24 25 26 27 28 29 30 31 32 33 34 35 36 37 38 39 40 41 42 43 44 45 46 47 48 49 50 51 52 53 8 14 17 12 10 33 54 130 2 143 98 2 144 145 146 147 148 149 150 151 152 153 1 72 71 70 130 130 130 130 130 130 130 130 130 130 130 130 130 130 130 130 130 130 130 130 130 130 130 130 130 130 130 130 130 130 130 130 130 130 130 130 130 130 130 130 130 130 130 130 130 130 1 1 68 69 3 4 70 71 72 73 74 75 76 2 77 78 2 79 79 80 80 33 70 71 72 74 1 68 2 5 3 4 86 87 88 89 90 91
https://cookieandkate.com/how-to-write-a-cookbook/
143:  143 143 143 143 1 2 3 4 0 5 6 7 8 9 10 11 12 13 14 15 16 17 18 19 20 21 22 23 24 25 26 27 28 29 30 31 32 33 34 35 36 37 38 39 40 41 42 43 44 45 46 47 48 49 50 51 52 53 8 14 17 12 10 33 54 143 2 154 94 78 96 95 97 155 156 145 157 158 159 160 2 145 146 147 148 149 150 151 153 161 1 72 71 70 143 143 143 143 143 143 143 143 143 143 143 143 143 143 143 143 143 143 143 143 143 143 143 143 143 143 143 143 143 143 143 143 143 143 143 143 143 143 143 143 143 143 143 143 143 143 143 143 143 143 143 143 143 143 143 143 143 143 143 143 143 143 143 143 143 143 143 143 143 1 1 68 69 3 4 70 71 72 73 74 75 76 2 77 78 2 79 79 80 80 33 70 71 72 74 1 68 2 5 3 4 86 87 88 89 90 91
https://cookieandkate.com/vegetable-fried-rice-recipe/
161:  161 161 161 161 1 2 3 4 0 5 6 7 8 9 10 11 12 13 14 15 16 17 18 19 20 21 22 23 24 25 26 27 28 29 30 31 32 33 34 35 36 37 38 39 40 41 42 43 44 45 46 47 48 49 50 51 52 53 8 14 17 12 10 33 54 161 161 162 163 164 165 166 167 168 169 89 170 171 146 147 148 149 18 34 172 38 173 33 174 12 175 36 37 176 177 178 179 180 181 182 183 43 184 143 185 1 72 71 70 161 161 161 161 102 161 161 102 161 161 102 161 161 161 161 102 161 161 102 161 161 161 161 102 161 161 161 161 161 161 161 161 161 102 161 161 102 161 161 102 161 161 161 102 161 161 161 161 161 161 161 102 161 161 102 161 161 161 161 161 161 161 161 102 161 161 161 161 102 161 161 161 161 102 161 161 161 161 102 161 161 161 161 102 161 161 161 161 161 102 161 161 161 102 161 161 161 161 161 161 161 161 102 161 161 102 161 161 161 102 161 161 102 161 161 161 161 161 102 161 161 161 161 161 161 161 161 102 161 161 161 161 102 161 161 102 161 161 161 161 102 161 161 161 102 161 161 161 161 102 161 161 102 161 161 102 161 161 102 161 161 102 161 161 161 102 161 161 102 161 161 161 102 161 161 102 161 161 102 161 161 186 1 1 68 69 3 4 70 71 72 73 74 75 76 2 77 78 2 79 79 80 80 33 70 71 72 74 1 68 2 5 3 4 86 87 88 89 90 91
https://cookieandkate.com/thai-pineapple-fried-rice-recipe/
162:  162 162 162 162 1 2 3 4 0 5 6 7 8 9 10 11 12 13 14 15 16 17 18 19 20 21 22 23 24 25 26 27 28 29 30 31 32 33 34 35 36 37 38 39 40 41 42 43 44 45 46 47 48 49 50 51 52 53 8 14 17 12 10 33 54 162 162 187 188 189 161 190 191 189 169 192 89 170 171 146 147 148 149 18 172 38 173 33 174 12 176 193 192 178 179 194 195 196 43 197 198 199 1 72 71 70 162 162 162 162 102 162 162 162 162 102 162 162 102 162 162 162 162 102 162 162 162 102 162 162 102 189 162 162 102 162 162 162 162 162 102 162 162 162 162 162 162 162 162 162 162 162 162 162 102 162 162 102 162 162 162 102 162 162 102 162 162 162 162 102 162 162 102 162 162 162 102 162 162 162 162 162 162 162 162 162 102 162 162 102 162 162 162 102 162 162 162 162 102 162 162 102 162 162 102 162 162 162 162 102 162 162 102 162 162 102 162 162 162 102 162 162 102 162 162 200 1 1 68 69 3 4 70 71 72 73 74 75 76 2 77 78 2 79 79 80 80 33 70 71 72 74 1 68 2 5 3 4 86 87 88 89 90 91
https://cookieandkate.com/category/vegetarian-thai-recipes/
192:  192 192 192 192 1 2 3 4 0 5 6 7 8 9 10 11 12 13 14 15 16 17 18 19 20 21 22 23 24 25 26 27 28 29 30 31 32 33 34 35 36 37 38 39 40 41 42 43 44 45 46 47 48 49 50 51 52 53 8 14 17 12 10 33 54 201 202 203 189 204 205 206 207 208 209 210 211 212 213 214 215 216 162 217 218 219 1 1 68 69 3 4 70 71 72 73 74 75 76 2 77 78 2 79 79 80 80 33 70 71 72 74 1 68 2 5 3 4 86 87 88 89 90 91
https://cookieandkate.com/roasted-carrot-soup-recipe/
201:  201 201 201 201 1 2 3 4 0 5 6 7 8 9 10 11 12 13 14 15 16 17 18 19 20 21 22 23 24 25 26 27 28 29 30 31 32 33 34 35 36 37 38 39 40 41 42 43 44 45 46 47 48 49 50 51 52 53 8 14 17 12 10 33 54 201 201 220 221 3 222 223 224 225 226 227 228 221 229 220 230 221 231 89 170 171 146 147 148 149 34 232 172 233 173 33 174 21 175 36 176 15 17 234 177 192 178 235 179 183 236 237 238 239 1 72 71 70 201 201 102 201 201 201 102 201 201 201 201 201 102 201 201 201 102 201 201 102 201 201 102 201 201 201 201 102 201 201 201 102 201 240 1 1 68 69 3 4 70 71 72 73 74 75 76 2 77 78 2 79 79 80 80 33 70 71 72 74 1 68 2 5 3 4 86 87 88 89 90 91
https://cookieandkate.com/roasted-butternut-squash-soup/
220:  220 220 220 220 1 2 3 4 0 5 6 7 8 9 10 11 12 13 14 15 16 17 18 19 20 21 22 23 24 25 26 27 28 29 30 31 32 33 34 35 36 37 38 39 40 41 42 43 44 45 46 47 48 49 50 51 52 53 8 14 17 12 10 33 54 220 220 226 14 241 242 190 243 244 245 104 246 247 248 89 170 171 146 147 148 149 34 232 172 233 173 33 174 175 176 15 17 234 249 178 235 179 250 251 252 1 72 71 70 220 220 220 220 220 220 220 220 220 102 220 220 220 102 220 220 220 102 220 220 102 220 220 220 102 220 220 102 220 220 220 102 220 220 102 220 220 220 102 220 220 220 220 220 220 102 220 220 102 220 220 102 220 220 220 102 220 220 102 220 220 220 220 220 220 220 102 220 220 220 102 220 220 102 220 220 102 220 220 102 220 220 102 220 220 220 102 220 220 220 102 220 220 220 220 102 220 220 220 102 220 253 1 1 68 69 3 4 70 71 72 73 74 75 76 2 77 78 2 79 79 80 80 33 70 71 72 74 1 68 2 5 3 4 86 87 88 89 90 91
https://cookieandkate.com/best-green-beans-recipe/
241:  241 241 241 241 1 2 3 4 0 5 6 7 8 9 10 11 12 13 14 15 16 17 18 19 20 21 22 23 24 25 26 27 28 29 30 31 32 33 34 35 36 37 38 39 40 41 42 43 44 45 46 47 48 49 50 51 52 53 8 14 17 12 10 33 54 241 241 254 255 256 257 255 258 259 260 261 262 255 263 89 170 171 146 147 148 149 34 233 173 174 21 176 15 234 177 193 249 178 179 264 265 266 267 268 1 72 71 70 241 241 102 241 241 102 241 241 102 241 241 102 241 241 102 241 241 102 241 241 102 241 241 102 241 241 102 241 241 102 241 241 241 102 241 241 241 102 241 241 102 241 241 102 241 241 241 102 241 241 241 241 241 241 102 241 241 102 241 241 241 102 241 241 102 241 241 102 241 241 241 241 102 241 241 241 102 241 241 241 102 241 241 102 241 241 102 241 241 102 241 241 241 102 241 241 241 241 102 241 241 102 241 241 241 241 241 102 241 241 102 241 1 1 68 69 3 4 70 71 72 73 74 75 76 2 77 78 2 79 79 80 80 33 70 71 72 74 1 68 2 5 3 4 86 87 88 89 90 91
https://cookieandkate.com/roasted-green-beans-recipe/
257:  257 257 257 257 1 2 3 4 0 5 6 7 8 9 10 11 12 13 14 15 16 17 18 19 20 21 22 23 24 25 26 27 28 29 30 31 32 33 34 35 36 37 38 39 40 41 42 43 44 45 46 47 48 49 50 51 52 53 8 14 17 12 10 33 54 257 257 269 270 271 272 273 274 275 276 80 56 277 278 279 280 81 281 63 231 282 283 238 284 89 170 171 146 147 148 149 34 172 233 173 174 175 176 15 16 234 177 193 235 265 285 286 1 72 71 70 257 257 102 257 257 102 257 257 102 257 257 102 257 257 102 257 257 102 257 257 102 257 257 257 102 257 257 257 257 257 257 257 102 257 257 257 257 102 257 257 102 257 257 102 257 257 102 257 257 102 257 1 1 68 69 3 4 70 71 72 73 74 75 76 2 77 78 2 79 79 80 80 33 70 71 72 74 1 68 2 5 3 4 86 87 88 89 90 91
https://cookieandkate.com/easy-aioli-recipe/
270:  270 270 270 270 1 2 3 4 0 5 6 7 8 9 10 11 12 13 14 15 16 17 18 19 20 21 22 23 24 25 26 27 28 29 30 31 32 33 34 35 36 37 38 39 40 41 42 43 44 45 46 47 48 49 50 51 52 53 8 14 17 12 10 33 54 270 270 271 287 288 289 257 282 290 291 89 170 171 146 147 148 149 11 172 173 174 21 175 176 234 177 193 178 179 266 292 202 1 72 71 70 270 270 270 270 270 270 270 270 270 270 270 270 270 270 270 270 270 270 270 270 270 270 270 270 270 270 270 270 270 270 270 270 270 270 270 270 270 270 270 270 270 270 270 270 270 270 270 270 270 270 270 270 270 270 270 270 270 270 270 102 270 270 102 270 270 102 270 270 102 270 270 102 270 270 102 270 270 102 270 270 270 102 270 270 270 270 270 270 270 270 270 102 270 270 270 270 270 270 102 270 270 270 102 270 270 270 270 270 270 102 270 270 270 270 270 102 270 270 270 102 270 270 102 270 270 270 270 270 270 270 270 102 270 270 270 270 102 270 270 102 270 270 270 102 270 270 270 102 270 270 102 270 270 270 270 270 270 102 270 270 102 270 270 270 270 270 102 270 270 270 270 102 270 270 270 270 270 102 270 1 1 68 69 3 4 70 71 72 73 74 75 76 2 77 78 2 79 79 80 80 33 70 71 72 74 1 68 2 5 3 4 86 87 88 89 90 91
https://cookieandkate.com/baked-sweet-potato-fries/
288:  288 288 288 288 1 2 3 4 0 5 6 7 8 9 10 11 12 13 14 15 16 17 18 19 20 21 22 23 24 25 26 27 28 29 30 31 32 33 34 35 36 37 38 39 40 41 42 43 44 45 46 47 48 49 50 51 52 53 8 14 17 12 10 33 54 288 288 287 293 294 295 296 297 298 299 300 301 302 303 287 304 89 170 171 146 147 148 149 172 233 173 33 174 175 305 176 15 16 234 178 235 179 306 48 279 307 1 72 71 70 288 288 102 288 288 102 288 288 102 288 288 288 288 288 288 102 288 288 102 288 288 102 288 288 288 102 288 288 102 288 288 288 102 288 288 102 288 288 102 270 288 288 288 102 288 288 102 288 288 102 288 288 102 288 288 102 288 288 102 288 288 102 288 288 288 102 288 288 102 288 288 102 288 288 102 288 288 102 288 288 288 102 288 288 288 102 288 288 288 102 288 288 102 288 288 102 288 288 102 288 288 102 288 288 288 102 288 288 102 288 288 102 288 288 102 288 288 102 288 288 102 288 288 102 288 288 102 288 288 102 288 288 102 288 288 102 288 288 102 288 288 102 288 288 102 288 288 288 288 102 288 288 288 308 1 1 68 69 3 4 70 71 72 73 74 75 76 2 77 78 2 79 79 80 80 33 70 71 72 74 1 68 2 5 3 4 86 87 88 89 90 91
https://cookieandkate.com/sweet-potato-black-bean-veggie-burgers/
294:  294 294 294 294 1 2 3 4 0 5 6 7 8 9 10 11 12 13 14 15 16 17 18 19 20 21 22 23 24 25 26 27 28 29 30 31 32 33 34 35 36 37 38 39 40 41 42 43 44 45 46 47 48 49 50 51 52 53 8 14 17 12 10 33 54 309 294 310 311 312 313 314 315 316 317 318 299 319 313 312 314 320 321 313 322 89 170 171 146 147 148 149 34 172 233 173 33 174 323 12 175 176 234 193 178 235 41 324 45 57 48 325 326 327 1 72 71 70 309 294 102 294 294 102 294 294 294 102 294 294 102 294 294 102 294 294 294 102 294 294 294 102 294 294 102 294 294 102 294 294 102 294 294 102 294 294 294 102 294 294 102 294 294 102 294 294 102 294 294 102 294 294 102 294 294 102 294 294 102 294 294 102 294 294 102 294 294 102 294 294 294 102 294 294 102 294 294 294 102 294 294 294 102 294 294 102 294 294 102 294 294 294 294 294 102 294 294 102 294 294 294 102 294 294 102 294 294 294 102 294 294 102 294 294 102 294 294 102 294 294 102 294 294 102 294 294 102 294 294 102 294 294 102 294 294 102 294 294 102 294 294 294 102 294 294 102 294 294 102 294 294 294 102 294 294 102 294 294 294 102 294 294 102 294 294 102 294 294 102 294 294 294 102 294 294 102 294 294 102 294 294 294 294 102 294 294 294 102 294 294 102 294 294 102 294 294 294 102 294 294 102 294 294 102 294 294 102 294 294 102 294 294 102 294 294 102 294 294 328 1 1 68 69 3 4 70 71 72 73 74 75 76 2 77 78 2 79 79 80 80 33 70 71 72 74 1 68 2 5 3 4 86 87 88 89 90 91
https://cookieandkate.com/classic-pico-de-gallo-recipe/
322:  322 322 322 322 1 2 3 4 0 5 6 7 8 9 10 11 12 13 14 15 16 17 18 19 20 21 22 23 24 25 26 27 28 29 30 31 32 33 34 35 36 37 38 39 40 41 42 43 44 45 46 47 48 49 50 51 52 53 8 14 17 12 10 33 54 322 322 329 313 330 331 332 333 334 335 153 336 337 338 214 339 340 295 341 329 313 22 342 89 170 171 146 147 148 149 6 34 11 172 233 173 174 323 22 175 176 16 234 193 235 196 343 344 345 346 314 347 1 72 71 70 322 322 322 322 322 322 322 322 322 322 322 322 102 322 322 102 322 322 102 322 322 322 102 322 322 102 322 322 322 322 322 102 322 322 102 322 322 322 322 322 322 322 102 322 322 102 322 322 102 322 322 322 322 322 102 322 322 102 322 322 102 322 322 348 1 1 68 69 3 4 70 71 72 73 74 75 76 2 77 78 2 79 79 80 80 33 70 71 72 74 1 68 2 5 3 4 86 87 88 89 90 91
https://cookieandkate.com/best-red-salsa-recipe/
329:  329 329 329 329 1 2 3 4 0 5 6 7 8 9 10 11 12 13 14 15 16 17 18 19 20 21 22 23 24 25 26 27 28 29 30 31 32 33 34 35 36 37 38 39 40 41 42 43 44 45 46 47 48 49 50 51 52 53 8 14 17 12 10 33 54 329 329 295 349 295 331 153 350 351 299 332 352 322 214 341 353 354 355 89 170 171 146 147 148 149 6 34 11 172 233 173 33 174 323 22 175 37 176 16 234 177 193 356 235 179 196 343 344 345 346 316 204 1 72 71 70 329 329 329 329 329 329 329 329 329 329 329 329 102 329 329 329 329 329 329 329 329 102 329 329 329 329 329 329 329 329 329 329 329 329 329 329 329 329 329 329 329 329 329 329 329 329 329 329 329 329 329 329 329 329 329 329 329 329 329 329 329 329 329 329 329 329 329 329 329 329 329 329 329 329 329 329 329 329 329 329 329 329 329 329 329 329 329 329 329 329 329 329 329 329 329 329 329 329 329 329 329 329 329 329 329 329 329 329 329 329 329 329 329 329 329 329 329 329 329 329 329 329 329 329 329 329 102 329 329 102 329 329 329 329 102 329 329 329 329 329 102 329 329 329 329 329 102 322 329 329 329 329 329 329 329 329 102 329 329 102 329 329 329 102 329 329 329 329 102 329 1 1 68 69 3 4 70 71 72 73 74 75 76 2 77 78 2 79 79 80 80 33 70 71 72 74 1 68 2 5 3 4 86 87 88 89 90 91
https://cookieandkate.com/homemade-salsa-verde-recipe/
352:  352 352 352 352 1 2 3 4 0 5 6 7 8 9 10 11 12 13 14 15 16 17 18 19 20 21 22 23 24 25 26 27 28 29 30 31 32 33 34 35 36 37 38 39 40 41 42 43 44 45 46 47 48 49 50 51 52 53 8 14 17 12 10 33 54 352 352 357 358 359 360 361 362 363 313 329 313 322 338 214 364 365 366 367 89 170 171 146 147 148 149 6 11 172 233 173 33 174 323 22 175 176 16 234 193 356 235 196 344 345 368 369 370 1 72 71 70 352 352 352 352 352 352 352 102 352 352 352 352 352 352 352 352 352 352 352 352 352 352 352 352 352 352 352 352 352 352 352 352 352 352 352 352 352 352 352 352 352 352 352 352 352 352 352 352 352 352 352 352 352 352 352 352 352 352 352 352 352 352 352 352 352 352 352 352 352 352 352 352 352 352 352 352 352 352 352 352 352 352 352 352 352 352 352 352 352 352 352 352 352 352 352 352 352 352 352 352 352 352 352 352 352 352 352 352 352 352 352 352 352 352 352 102 352 352 102 352 352 102 352 352 352 102 352 352 102 352 352 102 352 352 102 352 352 352 352 352 352 352 352 352 102 352 352 352 102 352 352 102 352 352 352 352 102 352 352 352 352 352 352 352 352 352 352 102 352 352 352 352 102 352 352 352 102 352 352 102 352 352 352 352 102 352 352 102 352 352 352 102 352 352 102 329 352 352 352 102 352 371 1 1 68 69 3 4 70 71 72 73 74 75 76 2 77 78 2 79 79 80 80 33 70 71 72 74 1 68 2 5 3 4 86 87 88 89 90 91
https://cookieandkate.com/sweet-potato-burrito-smothered-in-avocado-salsa-verde/
358:  358 358 358 358 1 2 3 4 0 5 6 7 8 9 10 11 12 13 14 15 16 17 18 19 20 21 22 23 24 25 26 27 28 29 30 31 32 33 34 35 36 37 38 39 40 41 42 43 44 45 46 47 48 49 50 51 52 53 8 14 17 12 10 33 54 358 358 334 331 335 372 333 238 373 374 375 89 170 171 146 147 148 149 34 233 173 33 12 22 175 176 356 40 41 334 196 343 376 377 345 48 378 379 1 72 71 70 358 358 358 358 358 358 358 358 358 358 358 358 358 358 358 358 358 358 358 358 358 358 358 358 358 358 358 358 358 358 358 358 358 102 358 358 102 358 358 102 358 358 102 352 358 358 102 358 358 358 102 358 358 358 358 102 358 358 102 358 358 358 102 358 380 1 1 68 69 3 4 70 71 72 73 74 75 76 2 77 78 2 79 79 80 80 33 70 71 72 74 1 68 2 5 3 4 86 87 88 89 90 91
https://cookieandkate.com/scrambled-huevos-rancheros/
372:  372 372 372 372 1 2 3 4 0 5 6 7 8 9 10 11 12 13 14 15 16 17 18 19 20 21 22 23 24 25 26 27 28 29 30 31 32 33 34 35 36 37 38 39 40 41 42 43 44 45 46 47 48 49 50 51 52 53 8 14 17 12 10 33 54 372 372 381 382 383 89 170 171 384 146 147 148 149 8 38 174 12 22 175 176 234 193 40 41 43 346 385 386 1 72 71 70 372 372 372 372 372 372 372 372 372 372 372 372 372 372 372 372 372 372 372 1 1 68 69 3 4 70 71 72 73 74 75 76 2 77 78 2 79 79 80 80 33 70 71 72 74 1 68 2 5 3 4 86 87 88 89 90 91
https://cookieandkate.com/vanilla-bean-ice-cream/
385:  385 385 385 385 1 2 3 4 0 5 6 7 8 9 10 11 12 13 14 15 16 17 18 19 20 21 22 23 24 25 26 27 28 29 30 31 32 33 34 35 36 37 38 39 40 41 42 43 44 45 46 47 48 49 50 51 52 53 8 14 17 12 10 33 54 385 385 387 388 389 390 89 170 171 70 146 147 148 149 10 174 175 176 234 391 392 393 372 1 72 71 70 385 385 385 385 385 385 385 385 385 385 385 385 385 385 385 385 385 385 385 385 385 385 385 385 385 385 385 385 385 385 385 385 385 385 1 1 68 69 3 4 70 71 72 73 74 75 76 2 77 78 2 79 79 80 80 33 70 71 72 74 1 68 2 5 3 4 86 87 88 89 90 91
https://cookieandkate.com/light-mint-ice-cream-recipe/
388:  388 388 388 388 1 2 3 4 0 5 6 7 8 9 10 11 12 13 14 15 16 17 18 19 20 21 22 23 24 25 26 27 28 29 30 31 32 33 34 35 36 37 38 39 40 41 42 43 44 45 46 47 48 49 50 51 52 53 8 14 17 12 10 33 54 388 388 387 394 395 396 390 397 89 170 171 146 147 148 149 10 174 175 176 234 193 391 398 399 400 1 72 71 70 388 388 388 388 388 388 388 388 388 388 388 388 388 388 388 388 388 388 388 388 388 388 387 388 388 388 388 388 388 388 388 388 388 388 388 388 388 388 401 402 388 388 388 388 388 388 388 388 388 388 388 388 388 388 388 388 388 388 388 388 388 388 388 388 388 388 388 388 388 388 388 388 102 388 1 1 68 69 3 4 70 71 72 73 74 75 76 2 77 78 2 79 79 80 80 33 70 71 72 74 1 68 2 5 3 4 86 87 88 89 90 91
https://cookieandkate.com/herb-babies/
394:  394 394 394 394 1 2 3 4 0 5 6 7 8 9 10 11 12 13 14 15 16 17 18 19 20 21 22 23 24 25 26 27 28 29 30 31 32 33 34 35 36 37 38 39 40 41 42 43 44 45 46 47 48 49 50 51 52 53 8 14 17 12 10 33 54 394 403 404 146 147 148 149 405 406 407 398 408 409 410 1 72 71 70 394 394 394 394 394 394 394 394 394 394 394 394 1 1 68 69 3 4 70 71 72 73 74 75 76 2 77 78 2 79 79 80 80 33 70 71 72 74 1 68 2 5 3 4 86 87 88 89 90 91
https://cookieandkate.com/herb-container-gardens/
403:  403 403 403 403 1 2 3 4 0 5 6 7 8 9 10 11 12 13 14 15 16 17 18 19 20 21 22 23 24 25 26 27 28 29 30 31 32 33 34 35 36 37 38 39 40 41 42 43 44 45 46 47 48 49 50 51 52 53 8 14 17 12 10 33 54 403 411 146 147 148 149 412 405 413 414 1 72 71 70 403 403 403 1 1 68 69 3 4 70 71 72 73 74 75 76 2 77 78 2 79 79 80 80 33 70 71 72 74 1 68 2 5 3 4 86 87 88 89 90 91
https://cookieandkate.com/category/photography/
412:  412 412 412 412 1 2 3 4 0 5 6 7 8 9 10 11 12 13 14 15 16 17 18 19 20 21 22 23 24 25 26 27 28 29 30 31 32 33 34 35 36 37 38 39 40 41 42 43 44 45 46 47 48 49 50 51 52 53 8 14 17 12 10 33 54 415 409 416 417 418 419 420 421 422 423 424 425 426 427 428 429 430 431 432 433 434 1 1 68 69 3 4 70 71 72 73 74 75 76 2 77 78 2 79 79 80 80 33 70 71 72 74 1 68 2 5 3 4 86 87 88 89 90 91
https://cookieandkate.com/cleveland-chefs-and-farms/
415:  415 415 415 415 1 2 3 4 0 5 6 7 8 9 10 11 12 13 14 15 16 17 18 19 20 21 22 23 24 25 26 27 28 29 30 31 32 33 34 35 36 37 38 39 40 41 42 43 44 45 46 47 48 49 50 51 52 53 8 14 17 12 10 33 54 415 435 436 437 438 439 440 441 442 443 146 147 148 149 412 444 445 446 1 72 71 70 415 415 415 415 415 415 415 415 415 415 415 415 415 415 1 1 68 69 3 4 70 71 72 73 74 75 76 2 77 78 2 79 79 80 80 33 70 71 72 74 1 68 2 5 3 4 86 87 88 89 90 91
https://cookieandkate.com/category/travel/
444:  444 444 444 444 1 2 3 4 0 5 6 7 8 9 10 11 12 13 14 15 16 17 18 19 20 21 22 23 24 25 26 27 28 29 30 31 32 33 34 35 36 37 38 39 40 41 42 43 44 45 46 47 48 49 50 51 52 53 8 14 17 12 10 33 54 447 448 449 450 244 229 451 452 453 415 454 455 400 456 457 458 417 421 422 423 459 1 1 68 69 3 4 70 71 72 73 74 75 76 2 77 78 2 79 79 80 80 33 70 71 72 74 1 68 2 5 3 4 86 87 88 89 90 91
https://cookieandkate.com/migas-recipe/
448:  448 448 448 448 1 2 3 4 0 5 6 7 8 9 10 11 12 13 14 15 16 17 18 19 20 21 22 23 24 25 26 27 28 29 30 31 32 33 34 35 36 37 38 39 40 41 42 43 44 45 46 47 48 49 50 51 52 53 8 14 17 12 10 33 54 448 448 460 461 462 463 464 463 465 466 467 462 468 469 470 471 463 472 473 474 475 476 477 89 170 171 146 147 148 149 8 34 173 174 12 22 176 234 193 178 444 194 41 43 343 331 478 215 1 72 71 70 448 448 448 448 448 448 448 448 448 448 448 448 448 448 448 448 448 448 448 448 448 448 448 448 448 448 448 448 448 448 448 448 448 448 448 448 448 448 448 448 448 448 448 448 448 448 448 448 448 448 448 448 448 1 1 68 69 3 4 70 71 72 73 74 75 76 2 77 78 2 79 79 80 80 33 70 71 72 74 1 68 2 5 3 4 86 87 88 89 90 91
https://cookieandkate.com/healthy-kitchen-tools/
474:  474 474 474 474 1 2 3 4 0 5 6 7 8 9 10 11 12 13 14 15 16 17 18 19 20 21 22 23 24 25 26 27 28 29 30 31 32 33 34 35 36 37 38 39 40 41 42 43 44 45 46 47 48 49 50 51 52 53 8 14 17 12 10 33 54 3 3 1 1 68 69 3 4 70 71 72 73 74 75 76 2 77 78 2 79 79 80 80 33 70 71 72 74 1 68 2 5 3 4 86 87 88 89 90 91
https://cookieandkate.com/migas-recipe/print/23813/
475:  475 476 477 89 170 171 448
https://cookieandkate.com/20-gluten-free-vegetarian-dinner-recipes/
478:  478 478 478 478 1 2 3 4 0 5 6 7 8 9 10 11 12 13 14 15 16 17 18 19 20 21 22 23 24 25 26 27 28 29 30 31 32 33 34 35 36 37 38 39 40 41 42 43 44 45 46 47 48 49 50 51 52 53 8 14 17 12 10 33 54 478 25 216 216 479 479 480 480 162 162 359 359 103 103 481 481 189 189 482 482 483 483 484 484 485 485 486 486 487 487 296 296 488 488 489 489 294 294 490 490 491 491 492 493 494 495 71 146 147 148 149 150 214 448 1 72 71 70 478 478 478 478 478 478 478 478 478 478 478 478 478 478 478 478 478 478 478 478 478 478 478 478 478 478 478 496 478 478 478 478 478 478 478 478 478 478 478 478 1 1 68 69 3 4 70 71 72 73 74 75 76 2 77 78 2 79 79 80 80 33 70 71 72 74 1 68 2 5 3 4 86 87 88 89 90 91
https://cookieandkate.com/raw-beet-salad-with-carrot-quinoa-spinach/
480:  480 480 480 480 1 2 3 4 0 5 6 7 8 9 10 11 12 13 14 15 16 17 18 19 20 21 22 23 24 25 26 27 28 29 30 31 32 33 34 35 36 37 38 39 40 41 42 43 44 45 46 47 48 49 50 51 52 53 8 14 17 12 10 33 54 480 480 497 498 499 500 501 190 497 502 503 504 505 506 498 89 170 171 146 147 148 149 232 172 233 173 174 12 175 36 176 14 15 177 249 178 235 179 264 40 507 183 508 509 47 510 511 1 72 71 70 480 480 480 480 480 102 480 480 102 480 480 480 102 480 480 480 480 102 480 480 102 480 480 480 480 102 480 480 480 480 480 480 102 480 480 102 480 480 512 1 1 68 69 3 4 70 71 72 73 74 75 76 2 77 78 2 79 79 80 80 33 70 71 72 74 1 68 2 5 3 4 86 87 88 89 90 91
https://cookieandkate.com/raw-beet-salad-with-carrot-quinoa-spinach/comment-page-2/
512:  512 512 512 512 1 2 3 4 0 5 6 7 8 9 10 11 12 13 14 15 16 17 18 19 20 21 22 23 24 25 26 27 28 29 30 31 32 33 34 35 36 37 38 39 40 41 42 43 44 45 46 47 48 49 50 51 52 53 8 14 17 12 10 33 54 480 512 497 498 499 500 501 190 497 502 503 504 505 506 498 89 170 171 146 147 148 149 232 172 233 173 174 12 175 36 176 14 15 177 249 178 235 179 264 40 507 183 508 509 47 510 511 1 72 71 70 512 512 512 512 512 512 512 512 512 512 512 512 512 512 512 512 512 512 512 512 512 512 512 512 512 512 512 512 512 512 512 512 512 512 512 512 512 512 512 512 512 512 512 512 512 512 512 512 512 512 512 512 512 512 512 512 512 512 512 512 512 512 512 512 512 512 512 512 512 512 512 512 512 512 512 512 512 512 512 512 512 512 512 512 512 512 512 512 512 512 512 512 512 512 512 512 512 512 512 512 512 512 512 512 512 512 512 512 512 512 512 512 512 512 512 512 512 512 512 512 512 512 512 512 512 512 512 512 512 512 512 512 102 512 512 102 512 512 102 512 512 102 512 512 102 512 512 512 512 102 512 512 512 512 102 512 512 512 102 512 512 102 89 512 512 102 512 512 512 512 512 102 512 512 512 102 512 512 512 512 512 512 512 512 512 512 102 512 512 102 512 512 512 512 512 513 480 1 1 68 69 3 4 70 71 72 73 74 75 76 2 77 78 2 79 79 80 80 33 70 71 72 74 1 68 2 5 3 4 86 87 88 89 90 91
https://cookieandkate.com/raw-beet-salad-with-carrot-quinoa-spinach/comment-page-1/
513:  513 513 513 513 1 2 3 4 0 5 6 7 8 9 10 11 12 13 14 15 16 17 18 19 20 21 22 23 24 25 26 27 28 29 30 31 32 33 34 35 36 37 38 39 40 41 42 43 44 45 46 47 48 49 50 51 52 53 8 14 17 12 10 33 54 480 513 497 498 499 500 501 190 497 502 503 504 505 506 498 89 170 171 146 147 148 149 232 172 233 173 174 12 175 36 176 14 15 177 249 178 235 179 264 40 507 183 508 509 47 510 511 1 72 71 70 513 513 513 513 513 513 513 513 513 513 513 513 513 513 513 513 513 513 513 513 513 513 513 513 513 513 513 513 513 513 513 513 513 513 513 513 513 513 513 513 513 513 513 513 513 513 513 513 513 513 513 513 513 513 513 513 513 513 513 513 513 513 513 513 513 513 513 513 513 513 513 513 513 513 513 513 513 513 513 513 513 513 513 513 513 513 513 513 513 513 513 513 513 513 513 513 513 513 513 513 513 513 513 513 513 513 513 513 513 513 513 513 513 513 513 513 513 513 513 513 513 513 513 513 513 513 513 513 513 513 513 513 513 513 513 513 513 512 1 1 68 69 3 4 70 71 72 73 74 75 76 2 77 78 2 79 79 80 80 33 70 71 72 74 1 68 2 5 3 4 86 87 88 89 90 91
https://cookieandkate.com/simple-beet-arugula-and-feta-salad-with-hilarys-balsamic-thyme-dressing/
497:  497 497 497 497 1 2 3 4 0 5 6 7 8 9 10 11 12 13 14 15 16 17 18 19 20 21 22 23 24 25 26 27 28 29 30 31 32 33 34 35 36 37 38 39 40 41 42 43 44 45 46 47 48 49 50 51 52 53 8 14 17 12 10 33 54 497 497 514 515 516 89 170 171 146 147 148 149 233 173 174 175 176 14 234 178 179 517 518 507 519 509 520 521 522 1 72 71 70 497 497 497 497 497 497 497 497 497 497 497 497 497 497 497 497 497 497 497 497 497 497 497 497 497 497 497 497 497 497 497 497 497 497 497 497 497 497 497 497 497 497 497 497 497 497 497 497 497 497 497 497 497 497 497 497 497 497 497 497 497 497 497 497 497 497 497 497 497 497 497 497 497 497 497 497 497 497 497 497 102 497 497 102 497 497 497 102 497 497 102 497 497 497 102 497 497 497 497 102 497 497 102 497 1 1 68 69 3 4 70 71 72 73 74 75 76 2 77 78 2 79 79 80 80 33 70 71 72 74 1 68 2 5 3 4 86 87 88 89 90 91
https://cookieandkate.com/2014/balsamic-butternut-kale-cranberry-panzanella/
516:  516 516 516 516 1 2 3 4 0 5 6 7 8 9 10 11 12 13 14 15 16 17 18 19 20 21 22 23 24 25 26 27 28 29 30 31 32 33 34 35 36 37 38 39 40 41 42 43 44 45 46 47 48 49 50 51 52 53 8 14 17 12 10 33 54 244 516 523 524 525 526 527 528 451 529 530 531 89 170 171 146 147 148 149 232 38 173 20 175 176 14 234 249 178 444 179 250 44 532 509 533 534 1 72 71 70 244 516 516 516 516 516 516 516 516 516 516 516 516 516 516 516 516 516 516 516 516 516 516 516 516 516 516 516 516 516 516 516 516 516 516 516 516 516 516 516 516 516 516 516 516 516 516 516 516 535 516 516 516 516 516 516 516 516 516 516 516 102 516 516 102 516 516 102 516 516 516 516 516 516 102 516 516 102 516 516 102 516 516 102 516 1 1 68 69 3 4 70 71 72 73 74 75 76 2 77 78 2 79 79 80 80 33 70 71 72 74 1 68 2 5 3 4 86 87 88 89 90 91
https://cookieandkate.com/balsamic-butternut-kale-cranberry-panzanella/print/23726/
531:  531 89 170 171 244
https://cookieandkate.com/tag/kale-salad/
532:  532 532 532 532 1 2 3 4 0 5 6 7 8 9 10 11 12 13 14 15 16 17 18 19 20 21 22 23 24 25 26 27 28 29 30 31 32 33 34 35 36 37 38 39 40 41 42 43 44 45 46 47 48 49 50 51 52 53 8 14 17 12 10 33 54 239 239 223 536 537 538 539 540 541 479 244 542 543 483 544 545 546 489 547 548 452 549 1 1 68 69 3 4 70 71 72 73 74 75 76 2 77 78 2 79 79 80 80 33 70 71 72 74 1 68 2 5 3 4 86 87 88 89 90 91
https://cookieandkate.com/kale-clementine-feta-salad-honey-lime-dressing/
544:  544 544 544 544 1 2 3 4 0 5 6 7 8 9 10 11 12 13 14 15 16 17 18 19 20 21 22 23 24 25 26 27 28 29 30 31 32 33 34 35 36 37 38 39 40 41 42 43 44 45 46 47 48 49 50 51 52 53 8 14 17 12 10 33 54 544 544 550 551 548 552 553 89 170 171 146 147 148 149 233 174 175 36 176 14 234 178 235 179 554 519 555 343 44 532 344 509 556 557 558 559 1 72 71 70 544 544 544 544 544 544 544 544 544 544 544 544 544 544 544 544 544 544 544 544 544 544 544 544 544 544 544 544 544 544 544 544 544 544 544 544 544 544 544 544 544 544 544 544 544 544 544 544 544 544 544 544 544 544 544 544 544 544 544 544 102 544 544 544 544 544 544 544 544 544 544 544 544 544 544 544 544 544 544 544 102 544 544 544 544 102 544 1 1 68 69 3 4 70 71 72 73 74 75 76 2 77 78 2 79 79 80 80 33 70 71 72 74 1 68 2 5 3 4 86 87 88 89 90 91
https://cookieandkate.com/kale-clementine-feta-salad-honey-lime-dressing/print/23506/
552:  552 553 89 170 171 544
https://cookieandkate.com/2012/debs-kale-salad-with-apple-cranberries-and-pecans/
553:  553 553 553 553 1 2 3 4 0 5 6 7 8 9 10 11 12 13 14 15 16 17 18 19 20 21 22 23 24 25 26 27 28 29 30 31 32 33 34 35 36 37 38 39 40 41 42 43 44 45 46 47 48 49 50 51 52 53 8 14 17 12 10 33 54 548 553 239 560 561 562 560 563 89 170 171 564 76 70 565 566 72 146 147 148 149 34 38 233 33 174 12 36 176 14 234 178 567 568 569 570 44 532 571 557 572 573 1 72 71 70 548 553 553 553 553 553 102 553 553 553 102 553 553 553 553 553 102 553 553 553 553 102 553 553 553 553 102 553 553 553 553 553 553 102 553 553 553 102 553 553 102 553 553 102 553 553 102 553 553 553 553 553 553 102 553 553 553 553 553 553 553 553 553 553 553 553 553 553 102 553 553 102 553 553 553 102 553 553 102 553 553 102 553 553 553 553 553 102 553 553 553 102 553 553 102 553 553 553 102 553 553 574 1 1 68 69 3 4 70 71 72 73 74 75 76 2 77 78 2 79 79 80 80 33 70 71 72 74 1 68 2 5 3 4 86 87 88 89 90 91
https://cookieandkate.com/debs-kale-salad-with-apple-cranberries-and-pecans/print/23360/
562:  562 560 563 89 170 171 548
https://cookieandkate.com/2014/12-favorite-kale-salads/
563:  563 563 563 563 1 2 3 4 0 5 6 7 8 9 10 11 12 13 14 15 16 17 18 19 20 21 22 23 24 25 26 27 28 29 30 31 32 33 34 35 36 37 38 39 40 41 42 43 44 45 46 47 48 49 50 51 52 53 8 14 17 12 10 33 54 239 493 575 532 576 577 223 223 547 547 536 536 537 537 542 542 479 479 483 483 539 539 538 538 548 548 489 489 244 244 492 493 494 53 3 150 146 147 148 149 150 532 201 578 1 72 71 70 239 563 563 563 563 563 563 563 563 563 563 563 563 563 563 563 563 563 563 563 563 563 563 563 563 563 563 563 563 563 563 563 563 563 563 563 563 563 563 563 563 563 563 579 580 563 563 563 563 563 563 563 563 563 563 563 563 563 563 563 563 563 563 563 563 563 563 563 563 563 102 563 563 102 563 563 102 563 563 563 563 563 102 563 563 102 563 563 563 102 563 563 102 581 563 563 563 1 1 68 69 3 4 70 71 72 73 74 75 76 2 77 78 2 79 79 80 80 33 70 71 72 74 1 68 2 5 3 4 86 87 88 89 90 91
https://cookieandkate.com/perfect-lentils-recipe/
578:  578 578 578 578 1 2 3 4 0 5 6 7 8 9 10 11 12 13 14 15 16 17 18 19 20 21 22 23 24 25 26 27 28 29 30 31 32 33 34 35 36 37 38 39 40 41 42 43 44 45 46 47 48 49 50 51 52 53 8 14 17 12 10 33 54 578 578 41 42 582 273 583 584 582 276 585 227 586 587 273 588 485 589 588 485 590 591 592 593 89 170 171 146 147 148 149 34 172 233 173 174 594 21 175 36 176 15 234 177 193 150 178 235 179 583 239 282 1 72 71 70 578 578 102 578 578 102 578 578 102 578 578 102 578 578 578 102 578 578 102 578 578 102 578 578 102 578 578 102 578 578 578 102 578 578 102 578 578 102 578 578 578 102 578 578 578 102 578 578 578 578 102 578 578 102 578 1 1 68 69 3 4 70 71 72 73 74 75 76 2 77 78 2 79 79 80 80 33 70 71 72 74 1 68 2 5 3 4 86 87 88 89 90 91
https://cookieandkate.com/best-lentil-soup-recipe/
582:  582 582 582 582 1 2 3 4 0 5 6 7 8 9 10 11 12 13 14 15 16 17 18 19 20 21 22 23 24 25 26 27 28 29 30 31 32 33 34 35 36 37 38 39 40 41 42 43 44 45 46 47 48 49 50 51 52 53 8 14 17 12 10 33 54 582 582 595 296 297 17 190 596 476 597 598 599 474 89 170 171 146 147 148 149 34 172 38 233 173 33 174 594 12 21 175 36 37 176 17 234 235 179 183 600 236 44 266 583 601 602 1 72 71 70 582 582 582 582 102 582 582 582 582 582 582 582 582 582 582 102 582 582 582 582 582 102 582 582 582 582 102 582 582 102 582 582 582 582 102 582 582 582 582 603 1 1 68 69 3 4 70 71 72 73 74 75 76 2 77 78 2 79 79 80 80 33 70 71 72 74 1 68 2 5 3 4 86 87 88 89 90 91
https://cookieandkate.com/vegetarian-chili-recipe/
595:  595 595 595 595 1 2 3 4 0 5 6 7 8 9 10 11 12 13 14 15 16 17 18 19 20 21 22 23 24 25 26 27 28 29 30 31 32 33 34 35 36 37 38 39 40 41 42 43 44 45 46 47 48 49 50 51 52 53 8 14 17 12 10 33 54 595 595 582 604 287 299 190 605 606 607 608 609 610 611 612 613 89 170 171 146 147 148 149 34 172 38 233 173 33 174 12 175 36 176 17 234 356 235 179 194 41 183 614 615 616 315 617 1 72 71 70 595 595 102 595 595 595 595 595 595 595 102 595 595 102 595 595 102 595 595 595 102 618 595 595 595 595 102 595 595 102 595 595 102 595 595 595 102 595 595 595 595 102 595 595 595 595 595 595 102 595 595 102 595 595 102 595 595 595 595 102 595 595 102 595 595 595 619 1 1 68 69 3 4 70 71 72 73 74 75 76 2 77 78 2 79 79 80 80 33 70 71 72 74 1 68 2 5 3 4 86 87 88 89 90 91
https://cookieandkate.com/2012/butternut-squash-chipotle-chili-with-avocado/
610:  610 610 610 610 1 2 3 4 0 5 6 7 8 9 10 11 12 13 14 15 16 17 18 19 20 21 22 23 24 25 26 27 28 29 30 31 32 33 34 35 36 37 38 39 40 41 42 43 44 45 46 47 48 49 50 51 52 53 8 14 17 12 10 33 54 245 610 620 621 622 576 623 89 170 171 624 146 147 148 149 34 172 233 173 33 174 12 22 175 36 176 17 234 356 235 179 40 194 41 250 615 625 626 627 1 72 71 70 245 610 610 610 610 102 610 610 102 610 610 102 610 610 102 610 610 102 610 610 610 102 610 610 102 610 610 610 102 610 610 610 102 610 610 610 610 102 610 610 610 610 610 102 610 610 610 610 102 610 610 102 610 610 102 610 610 102 610 610 102 610 610 610 610 102 610 610 610 610 102 610 610 102 610 610 102 610 610 610 610 102 610 610 610 102 610 610 102 610 610 610 610 102 610 610 102 610 610 610 610 628 1 1 68 69 3 4 70 71 72 73 74 75 76 2 77 78 2 79 79 80 80 33 70 71 72 74 1 68 2 5 3 4 86 87 88 89 90 91
https://cookieandkate.com/butternut-squash-chipotle-chili-with-avocado/print/23348/
623:  623 89 170 171 245
https://cookieandkate.com/tag/chipotle-peppers/
625:  625 625 625 625 1 2 3 4 0 5 6 7 8 9 10 11 12 13 14 15 16 17 18 19 20 21 22 23 24 25 26 27 28 29 30 31 32 33 34 35 36 37 38 39 40 41 42 43 44 45 46 47 48 49 50 51 52 53 8 14 17 12 10 33 54 629 630 586 245 631 632 1 1 68 69 3 4 70 71 72 73 74 75 76 2 77 78 2 79 79 80 80 33 70 71 72 74 1 68 2 5 3 4 86 87 88 89 90 91
https://cookieandkate.com/chipotle-glazed-squash/
632:  632 632 632 632 1 2 3 4 0 5 6 7 8 9 10 11 12 13 14 15 16 17 18 19 20 21 22 23 24 25 26 27 28 29 30 31 32 33 34 35 36 37 38 39 40 41 42 43 44 45 46 47 48 49 50 51 52 53 8 14 17 12 10 33 54 632 632 633 634 635 636 637 638 639 640 634 89 170 171 146 147 148 149 233 174 12 22 175 36 176 234 178 179 41 181 625 196 641 376 642 639 1 72 71 70 632 632 632 632 632 632 632 632 632 632 632 632 632 632 632 632 632 632 632 632 632 632 632 632 632 632 632 632 632 632 632 632 632 632 632 632 632 632 632 632 632 632 632 632 632 632 632 632 632 1 1 68 69 3 4 70 71 72 73 74 75 76 2 77 78 2 79 79 80 80 33 70 71 72 74 1 68 2 5 3 4 86 87 88 89 90 91
https://cookieandkate.com/chipotle-glazed-squash/print/23247/
640:  640 634 89 170 171 632
https://cookieandkate.com/tag/delicata-squash/
641:  641 641 641 641 1 2 3 4 0 5 6 7 8 9 10 11 12 13 14 15 16 17 18 19 20 21 22 23 24 25 26 27 28 29 30 31 32 33 34 35 36 37 38 39 40 41 42 43 44 45 46 47 48 49 50 51 52 53 8 14 17 12 10 33 54 643 632 1 1 68 69 3 4 70 71 72 73 74 75 76 2 77 78 2 79 79 80 80 33 70 71 72 74 1 68 2 5 3 4 86 87 88 89 90 91
https://cookieandkate.com/roasted-delicata-squash-pomegranate-arugula-salad/
643:  643 643 643 643 1 2 3 4 0 5 6 7 8 9 10 11 12 13 14 15 16 17 18 19 20 21 22 23 24 25 26 27 28 29 30 31 32 33 34 35 36 37 38 39 40 41 42 43 44 45 46 47 48 49 50 51 52 53 8 14 17 12 10 33 54 643 643 644 645 646 647 648 649 542 548 223 224 650 651 89 170 171 146 147 148 149 232 233 173 174 176 14 234 249 235 179 517 518 641 519 652 509 556 653 283 1 72 71 70 643 643 643 102 643 643 643 643 643 643 643 643 643 643 643 643 643 643 643 643 643 643 643 643 643 643 643 643 643 643 643 643 643 643 643 643 643 643 643 643 643 643 643 643 643 643 643 643 643 102 643 643 102 643 643 643 102 643 643 102 643 643 102 643 643 102 643 643 102 643 643 102 643 643 102 643 643 102 643 643 643 102 643 643 643 643 643 643 102 643 643 102 643 643 102 643 643 102 643 643 1 1 68 69 3 4 70 71 72 73 74 75 76 2 77 78 2 79 79 80 80 33 70 71 72 74 1 68 2 5 3 4 86 87 88 89 90 91
https://cookieandkate.com/pomegranate-pear-green-salad-with-ginger-dressing/
650:  650 650 650 650 1 2 3 4 0 5 6 7 8 9 10 11 12 13 14 15 16 17 18 19 20 21 22 23 24 25 26 27 28 29 30 31 32 33 34 35 36 37 38 39 40 41 42 43 44 45 46 47 48 49 50 51 52 53 8 14 17 12 10 33 54 650 650 654 655 222 656 657 537 658 659 295 89 170 171 146 147 148 149 232 172 233 173 174 176 14 15 234 249 178 235 179 567 517 237 570 660 571 556 661 662 1 72 71 70 650 650 650 650 650 650 650 650 650 650 650 650 650 650 650 650 650 650 650 650 650 650 650 650 650 650 650 650 650 650 650 650 650 650 650 650 650 650 650 650 650 650 650 650 650 650 650 650 650 650 650 650 650 650 650 650 650 650 650 650 650 650 650 650 650 650 650 650 650 650 650 650 650 650 650 650 650 650 650 650 102 650 650 102 650 650 102 650 650 650 102 650 650 650 102 650 650 650 102 650 650 102 650 650 650 650 102 650 650 102 650 650 102 650 650 102 650 650 102 650 650 650 650 650 650 650 102 650 650 102 650 650 102 650 650 102 650 650 102 650 650 102 650 650 650 650 102 650 650 650 102 650 650 102 650 650 102 650 650 650 102 650 650 102 650 650 650 1 1 68 69 3 4 70 71 72 73 74 75 76 2 77 78 2 79 79 80 80 33 70 71 72 74 1 68 2 5 3 4 86 87 88 89 90 91
https://cookieandkate.com/shredded-brussels-sprouts-arugula-salad-recipe/
656:  656 656 656 656 1 2 3 4 0 5 6 7 8 9 10 11 12 13 14 15 16 17 18 19 20 21 22 23 24 25 26 27 28 29 30 31 32 33 34 35 36 37 38 39 40 41 42 43 44 45 46 47 48 49 50 51 52 53 8 14 17 12 10 33 54 656 656 663 664 665 663 666 542 667 222 668 669 670 671 89 170 171 146 147 148 149 232 233 173 174 36 176 14 15 234 177 249 178 179 517 672 569 570 571 673 674 189 1 72 71 70 656 656 656 656 656 656 656 656 656 656 656 656 656 656 656 656 656 656 656 656 656 656 656 656 656 656 656 656 656 656 656 656 656 656 656 656 656 656 656 656 656 656 656 656 656 656 656 656 656 656 656 656 656 656 656 656 656 656 656 656 656 656 656 656 656 656 656 656 656 656 656 656 656 656 102 656 656 102 656 656 102 656 656 656 656 102 656 656 102 656 656 102 656 1 1 68 69 3 4 70 71 72 73 74 75 76 2 77 78 2 79 79 80 80 33 70 71 72 74 1 68 2 5 3 4 86 87 88 89 90 91
https://cookieandkate.com/tag/brussels-sprouts/
672:  672 672 672 672 1 2 3 4 0 5 6 7 8 9 10 11 12 13 14 15 16 17 18 19 20 21 22 23 24 25 26 27 28 29 30 31 32 33 34 35 36 37 38 39 40 41 42 43 44 45 46 47 48 49 50 51 52 53 8 14 17 12 10 33 54 63 84 63 259 588 258 484 656 502 675 209 676 677 678 679 680 547 681 682 1 1 68 69 3 4 70 71 72 73 74 75 76 2 77 78 2 79 79 80 80 33 70 71 72 74 1 68 2 5 3 4 86 87 88 89 90 91
https://cookieandkate.com/farmers-market-bowl-recipe/
675:  675 675 675 675 1 2 3 4 0 5 6 7 8 9 10 11 12 13 14 15 16 17 18 19 20 21 22 23 24 25 26 27 28 29 30 31 32 33 34 35 36 37 38 39 40 41 42 43 44 45 46 47 48 49 50 51 52 53 8 14 17 12 10 33 54 675 675 683 684 685 686 687 688 683 89 170 171 146 147 148 149 233 173 12 21 175 176 234 178 179 689 672 183 42 196 690 691 673 692 693 1 72 71 70 675 675 675 675 675 675 675 675 675 675 675 675 675 675 675 675 675 675 675 675 675 675 675 675 675 675 675 675 675 675 675 675 675 675 675 675 675 675 675 675 675 675 675 675 675 675 675 675 675 675 675 675 675 675 675 675 675 675 675 675 675 675 675 675 675 675 675 675 675 675 675 675 675 675 675 675 675 675 675 675 675 675 675 675 675 675 675 675 675 675 675 675 675 675 675 675 675 675 675 675 675 675 675 675 675 675 675 675 675 675 675 675 675 675 675 675 675 675 675 675 675 675 675 675 675 675 675 675 675 675 675 675 675 675 675 675 675 675 675 675 675 675 675 675 675 675 675 675 675 675 675 675 675 675 675 675 694 675 675 675 675 675 675 675 675 675 675 675 675 675 675 675 675 675 675 675 675 675 675 675 675 675 102 675 675 102 675 675 1 1 68 69 3 4 70 71 72 73 74 75 76 2 77 78 2 79 79 80 80 33 70 71 72 74 1 68 2 5 3 4 86 87 88 89 90 91
https://cookieandkate.com/green-goddess-hummus-recipe/
684:  684 684 684 684 1 2 3 4 0 5 6 7 8 9 10 11 12 13 14 15 16 17 18 19 20 21 22 23 24 25 26 27 28 29 30 31 32 33 34 35 36 37 38 39 40 41 42 43 44 45 46 47 48 49 50 51 52 53 8 14 17 12 10 33 54 684 684 686 2 695 696 495 697 698 699 89 170 171 146 147 148 149 6 11 172 233 33 174 323 594 21 175 176 16 234 177 193 178 235 42 700 266 691 701 702 685 216 1 72 71 70 684 684 684 684 684 684 684 684 684 684 684 684 684 684 684 684 684 684 684 684 684 684 684 684 684 684 684 684 684 684 684 684 684 684 684 684 684 684 684 684 684 684 684 684 684 684 684 684 684 684 684 684 684 684 684 684 684 684 684 684 684 684 684 684 684 684 684 684 684 684 684 684 684 684 684 684 684 684 684 684 684 684 684 684 684 684 684 684 684 684 684 684 684 684 684 684 684 684 684 684 684 684 684 684 684 684 684 684 684 684 684 684 684 684 684 684 684 684 684 684 684 684 684 684 684 684 684 684 684 684 684 684 684 684 684 684 684 684 684 684 684 684 684 684 684 102 684 684 684 102 684 684 684 684 684 684 102 684 684 684 102 684 684 684 684 1 1 68 69 3 4 70 71 72 73 74 75 76 2 77 78 2 79 79 80 80 33 70 71 72 74 1 68 2 5 3 4 86 87 88 89 90 91
https://cookieandkate.com/green-goddess-hummus-recipe/print/23793/
697:  697 698 699 89 170 171 684
https://cookieandkate.com/tag/hummus/
700:  700 700 700 700 1 2 3 4 0 5 6 7 8 9 10 11 12 13 14 15 16 17 18 19 20 21 22 23 24 25 26 27 28 29 30 31 32 33 34 35 36 37 38 39 40 41 42 43 44 45 46 47 48 49 50 51 52 53 8 14 17 12 10 33 54 703 703 704 705 706 707 708 685 684 709 710 711 1 1 68 69 3 4 70 71 72 73 74 75 76 2 77 78 2 79 79 80 80 33 70 71 72 74 1 68 2 5 3 4 86 87 88 89 90 91
https://cookieandkate.com/tag/tahini/
701:  701 701 701 701 1 2 3 4 0 5 6 7 8 9 10 11 12 13 14 15 16 17 18 19 20 21 22 23 24 25 26 27 28 29 30 31 32 33 34 35 36 37 38 39 40 41 42 43 44 45 46 47 48 49 50 51 52 53 8 14 17 12 10 33 54 703 271 712 712 271 713 703 714 715 706 537 716 589 717 539 684 450 718 545 709 719 547 720 721 1 1 68 69 3 4 70 71 72 73 74 75 76 2 77 78 2 79 79 80 80 33 70 71 72 74 1 68 2 5 3 4 86 87 88 89 90 91
https://cookieandkate.com/tag/tarragon/
702:  702 702 702 702 1 2 3 4 0 5 6 7 8 9 10 11 12 13 14 15 16 17 18 19 20 21 22 23 24 25 26 27 28 29 30 31 32 33 34 35 36 37 38 39 40 41 42 43 44 45 46 47 48 49 50 51 52 53 8 14 17 12 10 33 54 722 684 1 1 68 69 3 4 70 71 72 73 74 75 76 2 77 78 2 79 79 80 80 33 70 71 72 74 1 68 2 5 3 4 86 87 88 89 90 91
https://cookieandkate.com/green-goddess-hummus-sandwich/
685:  685 685 685 685 1 2 3 4 0 5 6 7 8 9 10 11 12 13 14 15 16 17 18 19 20 21 22 23 24 25 26 27 28 29 30 31 32 33 34 35 36 37 38 39 40 41 42 43 44 45 46 47 48 49 50 51 52 53 8 14 17 12 10 33 54 685 685 684 57 686 723 501 500 495 724 725 726 89 170 171 146 147 148 149 172 233 173 323 594 12 21 175 36 176 234 177 193 178 235 183 42 727 700 57 728 684 1 72 71 70 685 685 685 685 685 685 685 685 685 685 685 685 685 685 685 685 685 685 685 685 685 685 685 685 685 685 685 685 685 685 685 685 685 685 685 685 685 685 685 685 685 685 685 685 685 102 685 685 685 1 1 68 69 3 4 70 71 72 73 74 75 76 2 77 78 2 79 79 80 80 33 70 71 72 74 1 68 2 5 3 4 86 87 88 89 90 91
https://cookieandkate.com/spicy-quick-pickled-radishes/
723:  723 723 723 723 1 2 3 4 0 5 6 7 8 9 10 11 12 13 14 15 16 17 18 19 20 21 22 23 24 25 26 27 28 29 30 31 32 33 34 35 36 37 38 39 40 41 42 43 44 45 46 47 48 49 50 51 52 53 8 14 17 12 10 33 54 723 723 557 331 325 14 729 500 730 731 732 733 312 734 735 736 737 89 170 171 146 147 148 149 11 33 174 176 16 177 193 235 738 557 482 739 1 72 71 70 723 723 723 723 102 723 723 723 723 723 723 723 723 723 723 723 723 723 723 723 723 723 723 723 723 102 723 723 723 723 723 723 723 723 723 723 723 723 723 723 723 723 723 723 723 723 723 723 723 723 723 723 723 723 723 723 723 723 723 723 723 723 723 723 723 102 723 723 723 723 723 723 723 102 723 723 723 723 723 102 723 723 102 723 723 102 723 723 102 723 723 102 723 723 102 723 723 723 102 723 723 102 723 723 723 723 102 723 723 723 102 723 723 723 723 102 723 723 723 102 723 723 723 723 723 102 723 723 723 102 723 723 102 723 723 102 723 723 102 723 740 1 1 68 69 3 4 70 71 72 73 74 75 76 2 77 78 2 79 79 80 80 33 70 71 72 74 1 68 2 5 3 4 86 87 88 89 90 91
https://cookieandkate.com/green-goddess-hummus-sandwich/print/23796/
724:  724 725 726 89 170 171 685
https://cookieandkate.com/2015/green-goddess-hummus-recipe/
725:  725 725 725 725 1 2 3 4 0 5 6 7 8 9 10 11 12 13 14 15 16 17 18 19 20 21 22 23 24 25 26 27 28 29 30 31 32 33 34 35 36 37 38 39 40 41 42 43 44 45 46 47 48 49 50 51 52 53 8 14 17 12 10 33 54 684 725 686 2 695 696 495 697 698 699 89 170 171 146 147 148 149 6 11 172 233 33 174 323 594 21 175 176 16 234 177 193 178 235 42 700 266 691 701 702 685 216 1 72 71 70 684 725 725 725 725 725 725 725 725 725 725 725 725 725 725 725 725 725 725 725 725 725 725 725 725 725 725 725 725 725 725 725 725 725 725 725 725 725 725 725 725 725 725 725 725 725 725 725 725 725 725 725 725 725 725 725 725 725 725 725 725 725 725 725 725 725 725 725 725 725 725 725 725 725 725 725 725 725 725 725 725 725 725 725 725 725 725 725 725 725 725 725 725 725 725 725 725 725 725 725 725 725 725 725 725 725 725 725 725 725 725 725 725 725 725 725 725 725 725 725 725 725 725 725 725 725 725 725 725 725 725 725 725 725 725 725 725 725 725 725 725 725 725 725 725 102 725 725 725 102 725 725 725 725 725 725 102 725 725 725 102 725 725 725 725 1 1 68 69 3 4 70 71 72 73 74 75 76 2 77 78 2 79 79 80 80 33 70 71 72 74 1 68 2 5 3 4 86 87 88 89 90 91
https://cookieandkate.com/2014/spicy-quick-pickled-radishes/
726:  726 726 726 726 1 2 3 4 0 5 6 7 8 9 10 11 12 13 14 15 16 17 18 19 20 21 22 23 24 25 26 27 28 29 30 31 32 33 34 35 36 37 38 39 40 41 42 43 44 45 46 47 48 49 50 51 52 53 8 14 17 12 10 33 54 723 726 557 331 325 14 729 500 730 731 732 733 312 734 735 736 737 89 170 171 146 147 148 149 11 33 174 176 16 177 193 235 738 557 482 739 1 72 71 70 723 726 726 726 102 726 726 726 726 726 726 726 726 726 726 726 726 726 726 726 726 726 726 726 726 102 726 726 726 726 726 726 726 726 726 726 726 726 726 726 726 726 726 726 726 726 726 726 726 726 726 726 726 726 726 726 726 726 726 726 726 726 726 726 726 102 726 726 726 726 726 726 726 102 726 726 726 726 726 102 726 726 102 726 726 102 726 726 102 726 726 102 726 726 102 726 726 726 102 726 726 102 726 726 726 726 102 726 726 726 102 726 726 726 726 102 726 726 726 102 726 726 726 726 726 102 726 726 726 102 726 726 102 726 726 102 726 726 102 726 740 1 1 68 69 3 4 70 71 72 73 74 75 76 2 77 78 2 79 79 80 80 33 70 71 72 74 1 68 2 5 3 4 86 87 88 89 90 91
https://cookieandkate.com/tag/cucumber/
727:  727 727 727 727 1 2 3 4 0 5 6 7 8 9 10 11 12 13 14 15 16 17 18 19 20 21 22 23 24 25 26 27 28 29 30 31 32 33 34 35 36 37 38 39 40 41 42 43 44 45 46 47 48 49 50 51 52 53 8 14 17 12 10 33 54 741 312 742 743 744 745 746 747 316 204 748 749 318 750 751 752 717 753 505 754 755 1 1 68 69 3 4 70 71 72 73 74 75 76 2 77 78 2 79 79 80 80 33 70 71 72 74 1 68 2 5 3 4 86 87 88 89 90 91
https://cookieandkate.com/spinach-artichoke-lasagna-recipe/
728:  728 728 728 728 1 2 3 4 0 5 6 7 8 9 10 11 12 13 14 15 16 17 18 19 20 21 22 23 24 25 26 27 28 29 30 31 32 33 34 35 36 37 38 39 40 41 42 43 44 45 46 47 48 49 50 51 52 53 8 14 17 12 10 33 54 728 728 756 757 476 758 759 89 170 171 146 147 148 149 233 173 33 20 12 175 36 176 177 179 760 406 46 761 762 685 1 72 71 70 728 728 728 728 728 728 728 102 728 728 728 102 728 728 728 102 728 728 728 728 102 728 728 728 728 102 728 728 102 728 728 102 728 728 102 728 728 728 102 291 763 728 728 102 728 728 102 728 728 102 728 728 102 728 728 728 728 102 728 728 102 728 728 102 728 728 102 728 728 728 102 728 728 728 728 102 728 728 102 728 764 1 1 68 69 3 4 70 71 72 73 74 75 76 2 77 78 2 79 79 80 80 33 70 71 72 74 1 68 2 5 3 4 86 87 88 89 90 91
https://cookieandkate.com/easy-green-goddess-dressing-recipe/
686:  686 686 686 686 1 2 3 4 0 5 6 7 8 9 10 11 12 13 14 15 16 17 18 19 20 21 22 23 24 25 26 27 28 29 30 31 32 33 34 35 36 37 38 39 40 41 42 43 44 45 46 47 48 49 50 51 52 53 8 14 17 12 10 33 54 686 686 206 765 712 766 767 663 768 712 769 89 170 171 146 147 148 149 11 233 173 174 323 21 175 176 14 16 234 177 193 178 406 196 407 691 770 673 771 772 1 72 71 70 686 686 102 773 686 686 102 686 686 686 686 102 686 686 686 102 686 686 102 686 686 686 102 686 686 102 686 686 102 686 686 102 686 686 686 686 102 686 686 102 686 686 102 686 686 102 686 686 102 686 686 686 686 102 686 686 686 102 686 686 686 102 686 686 686 686 686 686 686 686 686 102 686 686 102 686 686 102 745 686 686 686 102 686 686 102 686 686 1 1 68 69 3 4 70 71 72 73 74 75 76 2 77 78 2 79 79 80 80 33 70 71 72 74 1 68 2 5 3 4 86 87 88 89 90 91
https://cookieandkate.com/easy-green-goddess-dressing-recipe/print/35612/
768:  768 712 769 89 170 171 686
https://cookieandkate.com/tag/salad-dressing/
770:  770 770 770 770 1 2 3 4 0 5 6 7 8 9 10 11 12 13 14 15 16 17 18 19 20 21 22 23 24 25 26 27 28 29 30 31 32 33 34 35 36 37 38 39 40 41 42 43 44 45 46 47 48 49 50 51 52 53 8 14 17 12 10 33 54 686 765 712 766 767 663 206 774 1 1 68 69 3 4 70 71 72 73 74 75 76 2 77 78 2 79 79 80 80 33 70 71 72 74 1 68 2 5 3 4 86 87 88 89 90 91
https://cookieandkate.com/29-healthy-comfort-food-recipes/
771:  771 771 771 771 1 2 3 4 0 5 6 7 8 9 10 11 12 13 14 15 16 17 18 19 20 21 22 23 24 25 26 27 28 29 30 31 32 33 34 35 36 37 38 39 40 41 42 43 44 45 46 47 48 49 50 51 52 53 8 14 17 12 10 33 54 771 206 686 663 767 637 637 277 277 161 161 276 276 775 775 210 210 776 776 777 777 104 104 298 298 296 296 778 778 779 779 275 275 227 227 595 595 350 350 80 80 162 162 586 586 780 780 278 278 781 153 153 56 56 782 782 783 783 582 582 484 484 273 273 492 493 494 53 3 150 146 147 148 149 150 60 686 1 72 71 70 771 771 771 771 771 771 771 771 771 771 771 771 771 771 771 771 771 771 771 771 771 771 771 771 771 771 771 771 771 771 771 771 771 771 771 771 771 771 771 771 771 771 771 771 771 771 771 771 771 771 771 771 771 771 771 771 771 771 771 771 771 771 771 102 771 771 771 771 102 771 771 771 102 771 771 1 1 68 69 3 4 70 71 72 73 74 75 76 2 77 78 2 79 79 80 80 33 70 71 72 74 1 68 2 5 3 4 86 87 88 89 90 91
https://cookieandkate.com/perfect-wild-rice-recipe/
772:  772 772 772 772 1 2 3 4 0 5 6 7 8 9 10 11 12 13 14 15 16 17 18 19 20 21 22 23 24 25 26 27 28 29 30 31 32 33 34 35 36 37 38 39 40 41 42 43 44 45 46 47 48 49 50 51 52 53 8 14 17 12 10 33 54 772 772 784 167 785 690 786 787 788 89 170 171 222 222 247 247 674 674 786 602 602 539 539 492 493 494 3 71 146 147 148 149 172 233 173 174 175 176 15 234 177 193 249 150 178 235 179 784 686 80 1 72 71 70 772 772 772 102 772 772 102 772 772 772 772 772 102 789 772 772 772 772 772 772 772 772 102 772 772 1 1 68 69 3 4 70 71 72 73 74 75 76 2 77 78 2 79 79 80 80 33 70 71 72 74 1 68 2 5 3 4 86 87 88 89 90 91
https://cookieandkate.com/redeeming-green-soup-with-lemon-and-cayenne/
773:  773 773 773 773 1 2 3 4 0 5 6 7 8 9 10 11 12 13 14 15 16 17 18 19 20 21 22 23 24 25 26 27 28 29 30 31 32 33 34 35 36 37 38 39 40 41 42 43 44 45 46 47 48 49 50 51 52 53 8 14 17 12 10 33 54 773 773 790 791 626 792 793 794 89 170 171 146 147 148 149 172 233 173 174 12 175 176 17 234 177 178 235 179 795 42 44 266 761 796 790 1 72 71 70 773 773 773 773 773 773 773 773 773 773 773 773 773 773 773 102 773 773 102 773 773 102 773 773 773 773 773 102 773 773 102 773 773 102 773 773 773 773 773 102 773 773 773 773 102 773 773 773 773 102 773 773 773 102 773 773 102 773 773 102 773 773 797 1 1 68 69 3 4 70 71 72 73 74 75 76 2 77 78 2 79 79 80 80 33 70 71 72 74 1 68 2 5 3 4 86 87 88 89 90 91
https://cookieandkate.com/ginger-salad-dressing-recipe/
765:  765 765 765 765 1 2 3 4 0 5 6 7 8 9 10 11 12 13 14 15 16 17 18 19 20 21 22 23 24 25 26 27 28 29 30 31 32 33 34 35 36 37 38 39 40 41 42 43 44 45 46 47 48 49 50 51 52 53 8 14 17 12 10 33 54 765 765 602 650 206 798 767 310 89 170 171 146 147 148 149 34 232 11 172 233 173 174 799 175 176 14 234 177 193 178 235 179 237 652 770 800 801 1 72 71 70 765 765 102 765 765 102 765 765 765 102 765 765 102 765 765 102 765 765 102 765 765 102 765 765 765 102 765 765 102 765 765 102 765 765 765 765 102 765 765 102 765 765 102 765 765 765 765 102 765 765 102 765 765 765 765 765 102 765 765 765 102 765 765 765 102 765 765 765 765 765 102 765 765 102 765 765 1 1 68 69 3 4 70 71 72 73 74 75 76 2 77 78 2 79 79 80 80 33 70 71 72 74 1 68 2 5 3 4 86 87 88 89 90 91
https://cookieandkate.com/fresh-mint-dressing-recipe/
766:  766 766 766 766 1 2 3 4 0 5 6 7 8 9 10 11 12 13 14 15 16 17 18 19 20 21 22 23 24 25 26 27 28 29 30 31 32 33 34 35 36 37 38 39 40 41 42 43 44 45 46 47 48 49 50 51 52 53 8 14 17 12 10 33 54 766 766 767 665 746 686 802 89 170 171 146 147 148 149 11 172 233 173 174 323 21 799 175 176 14 234 177 193 178 235 266 398 770 746 803 1 72 71 70 766 766 766 766 766 766 766 766 766 766 766 766 766 766 766 766 766 766 766 766 766 766 766 766 766 766 766 766 766 766 766 766 766 766 766 766 766 766 766 766 766 766 766 766 766 766 766 766 766 766 766 766 766 766 766 766 766 766 766 766 766 766 766 766 766 766 766 766 766 766 766 766 766 766 766 766 766 766 766 766 766 766 766 766 766 766 766 766 766 766 766 766 766 766 766 766 766 766 766 766 766 766 766 766 766 766 766 766 766 766 766 766 766 766 102 766 766 766 102 766 766 102 766 766 102 766 766 766 102 766 766 766 766 766 102 766 766 102 766 766 766 766 766 766 766 766 102 766 766 102 686 766 766 766 102 766 766 766 102 766 766 766 766 766 102 766 766 102 766 766 102 766 766 766 766 102 744 766 766 766 1 1 68 69 3 4 70 71 72 73 74 75 76 2 77 78 2 79 79 80 80 33 70 71 72 74 1 68 2 5 3 4 86 87 88 89 90 91
https://cookieandkate.com/how-to-make-vinaigrette-plus-variations/
767:  767 767 767 767 1 2 3 4 0 5 6 7 8 9 10 11 12 13 14 15 16 17 18 19 20 21 22 23 24 25 26 27 28 29 30 31 32 33 34 35 36 37 38 39 40 41 42 43 44 45 46 47 48 49 50 51 52 53 8 14 17 12 10 33 54 767 767 804 224 748 105 805 338 663 686 206 750 2 14 806 89 170 171 146 147 148 149 34 11 172 233 173 174 21 799 175 37 176 14 234 177 193 178 235 179 518 770 792 807 1 72 71 70 767 767 767 767 767 767 767 767 767 767 767 767 767 767 767 767 767 102 767 767 767 102 767 767 102 767 767 102 767 767 767 767 767 102 767 767 767 102 767 767 767 767 102 767 767 767 102 767 767 102 767 767 767 767 767 767 102 767 767 102 767 767 102 767 767 102 767 767 102 767 767 767 102 767 767 102 767 767 102 767 767 767 102 767 767 767 767 102 767 808 1 1 68 69 3 4 70 71 72 73 74 75 76 2 77 78 2 79 79 80 80 33 70 71 72 74 1 68 2 5 3 4 86 87 88 89 90 91
https://cookieandkate.com/farmers-market-bowl-recipe/print/24222/
687:  687 688 683 89 170 171 675
https://cookieandkate.com/tag/acorn-squash/
689:  689 689 689 689 1 2 3 4 0 5 6 7 8 9 10 11 12 13 14 15 16 17 18 19 20 21 22 23 24 25 26 27 28 29 30 31 32 33 34 35 36 37 38 39 40 41 42 43 44 45 46 47 48 49 50 51 52 53 8 14 17 12 10 33 54 279 675 809 810 1 1 68 69 3 4 70 71 72 73 74 75 76 2 77 78 2 79 79 80 80 33 70 71 72 74 1 68 2 5 3 4 86 87 88 89 90 91
https://cookieandkate.com/spicy-squash-soup-recipe/
809:  809 809 809 809 1 2 3 4 0 5 6 7 8 9 10 11 12 13 14 15 16 17 18 19 20 21 22 23 24 25 26 27 28 29 30 31 32 33 34 35 36 37 38 39 40 41 42 43 44 45 46 47 48 49 50 51 52 53 8 14 17 12 10 33 54 809 809 811 812 224 813 812 89 170 171 146 147 148 149 34 172 38 233 173 174 814 22 175 36 176 17 234 249 178 235 179 689 509 722 541 1 72 71 70 809 809 809 809 809 809 809 809 809 809 809 809 809 809 809 809 809 809 809 809 809 809 17 809 809 809 809 809 809 809 809 809 809 809 809 809 809 809 809 809 809 809 809 815 809 809 809 809 809 809 809 809 809 809 809 809 1 1 68 69 3 4 70 71 72 73 74 75 76 2 77 78 2 79 79 80 80 33 70 71 72 74 1 68 2 5 3 4 86 87 88 89 90 91
https://cookieandkate.com/squash-risotto/
810:  810 810 810 810 1 2 3 4 0 5 6 7 8 9 10 11 12 13 14 15 16 17 18 19 20 21 22 23 24 25 26 27 28 29 30 31 32 33 34 35 36 37 38 39 40 41 42 43 44 45 46 47 48 49 50 51 52 53 8 14 17 12 10 33 54 810 810 816 817 818 819 820 89 170 171 146 147 148 149 233 173 12 175 176 234 249 178 689 250 821 822 823 824 817 1 72 71 70 810 810 810 810 810 810 810 810 810 810 810 810 810 810 102 810 810 102 810 1 1 68 69 3 4 70 71 72 73 74 75 76 2 77 78 2 79 79 80 80 33 70 71 72 74 1 68 2 5 3 4 86 87 88 89 90 91
https://cookieandkate.com/tag/farro/
690:  690 690 690 690 1 2 3 4 0 5 6 7 8 9 10 11 12 13 14 15 16 17 18 19 20 21 22 23 24 25 26 27 28 29 30 31 32 33 34 35 36 37 38 39 40 41 42 43 44 45 46 47 48 49 50 51 52 53 8 14 17 12 10 33 54 653 223 601 825 675 540 826 753 827 828 829 1 1 68 69 3 4 70 71 72 73 74 75 76 2 77 78 2 79 79 80 80 33 70 71 72 74 1 68 2 5 3 4 86 87 88 89 90 91
https://cookieandkate.com/sweet-potato-kale-and-chickpea-soup/
825:  825 825 825 825 1 2 3 4 0 5 6 7 8 9 10 11 12 13 14 15 16 17 18 19 20 21 22 23 24 25 26 27 28 29 30 31 32 33 34 35 36 37 38 39 40 41 42 43 44 45 46 47 48 49 50 51 52 53 8 14 17 12 10 33 54 825 825 17 295 830 831 832 89 170 171 146 147 148 149 172 38 233 173 12 175 36 176 17 234 178 235 179 42 236 690 44 48 637 833 1 72 71 70 825 825 102 825 825 825 102 825 825 102 825 825 825 102 825 825 102 825 825 102 825 825 825 102 825 825 825 102 825 825 825 825 102 825 834 1 1 68 69 3 4 70 71 72 73 74 75 76 2 77 78 2 79 79 80 80 33 70 71 72 74 1 68 2 5 3 4 86 87 88 89 90 91
https://cookieandkate.com/roasted-carrots-recipe-with-farro-chickpeas/
826:  826 826 826 826 1 2 3 4 0 5 6 7 8 9 10 11 12 13 14 15 16 17 18 19 20 21 22 23 24 25 26 27 28 29 30 31 32 33 34 35 36 37 38 39 40 41 42 43 44 45 46 47 48 49 50 51 52 53 8 14 17 12 10 33 54 826 826 835 231 836 657 837 838 89 170 171 146 147 148 149 232 233 173 33 12 175 176 15 234 249 178 179 183 42 690 691 509 839 840 1 72 71 70 826 826 102 826 826 826 102 826 826 826 826 102 826 826 826 102 826 826 826 826 841 1 1 68 69 3 4 70 71 72 73 74 75 76 2 77 78 2 79 79 80 80 33 70 71 72 74 1 68 2 5 3 4 86 87 88 89 90 91
https://cookieandkate.com/mason-jar-chickpea-farro-and-greens-salad/
827:  827 827 827 827 1 2 3 4 0 5 6 7 8 9 10 11 12 13 14 15 16 17 18 19 20 21 22 23 24 25 26 27 28 29 30 31 32 33 34 35 36 37 38 39 40 41 42 43 44 45 46 47 48 49 50 51 52 53 8 14 17 12 10 33 54 827 827 336 615 17 189 842 46 843 108 108 844 845 846 847 848 849 850 851 89 170 171 524 146 147 148 149 172 233 173 12 175 36 176 14 177 193 150 179 852 614 42 569 690 853 854 855 1 72 71 70 827 827 827 827 827 827 827 827 827 827 827 827 827 827 827 827 827 827 827 827 827 827 827 827 827 827 827 827 827 827 827 827 827 827 827 827 827 827 827 827 827 827 827 827 827 827 827 827 827 827 827 827 827 827 827 827 827 827 827 827 827 827 827 827 827 827 827 827 827 827 827 827 827 827 827 827 827 827 827 827 827 102 827 827 1 1 68 69 3 4 70 71 72 73 74 75 76 2 77 78 2 79 79 80 80 33 70 71 72 74 1 68 2 5 3 4 86 87 88 89 90 91
https://cookieandkate.com/greek-salad-with-broccoli-and-sun-dried-tomatoes/
828:  828 828 828 828 1 2 3 4 0 5 6 7 8 9 10 11 12 13 14 15 16 17 18 19 20 21 22 23 24 25 26 27 28 29 30 31 32 33 34 35 36 37 38 39 40 41 42 43 44 45 46 47 48 49 50 51 52 53 8 14 17 12 10 33 54 828 828 856 857 858 859 860 89 170 171 857 146 147 148 149 172 233 173 174 12 21 175 36 176 14 234 177 235 179 861 42 690 519 853 862 863 864 865 1 72 71 70 828 828 828 828 828 828 828 828 828 828 828 828 828 828 828 828 828 828 828 828 828 828 828 828 828 828 828 828 828 828 828 828 828 828 828 828 828 828 828 828 828 828 828 102 828 1 1 68 69 3 4 70 71 72 73 74 75 76 2 77 78 2 79 79 80 80 33 70 71 72 74 1 68 2 5 3 4 86 87 88 89 90 91
https://cookieandkate.com/greek-farro-and-chickpea-salad-with-herbed-yogurt/
829:  829 829 829 829 1 2 3 4 0 5 6 7 8 9 10 11 12 13 14 15 16 17 18 19 20 21 22 23 24 25 26 27 28 29 30 31 32 33 34 35 36 37 38 39 40 41 42 43 44 45 46 47 48 49 50 51 52 53 8 14 17 12 10 33 54 829 829 866 867 713 868 89 170 171 146 147 148 149 233 12 21 175 36 176 14 234 40 852 42 727 407 690 398 853 346 673 869 870 1 72 71 70 829 829 829 829 829 829 829 829 829 829 829 829 829 829 829 829 829 829 829 829 829 829 829 829 829 829 829 829 829 829 829 829 829 829 829 829 829 829 829 829 829 829 829 829 829 829 829 829 829 829 829 829 829 829 829 829 829 829 829 829 829 829 829 829 829 829 829 829 102 829 1 1 68 69 3 4 70 71 72 73 74 75 76 2 77 78 2 79 79 80 80 33 70 71 72 74 1 68 2 5 3 4 86 87 88 89 90 91
https://cookieandkate.com/tag/parsley/
691:  691 691 691 691 1 2 3 4 0 5 6 7 8 9 10 11 12 13 14 15 16 17 18 19 20 21 22 23 24 25 26 27 28 29 30 31 32 33 34 35 36 37 38 39 40 41 42 43 44 45 46 47 48 49 50 51 52 53 8 14 17 12 10 33 54 744 713 686 871 283 872 686 282 744 873 874 227 875 876 315 279 746 836 713 287 748 877 805 878 1 1 68 69 3 4 70 71 72 73 74 75 76 2 77 78 2 79 79 80 80 33 70 71 72 74 1 68 2 5 3 4 86 87 88 89 90 91
https://cookieandkate.com/easy-tapenade-recipe/
871:  871 871 871 871 1 2 3 4 0 5 6 7 8 9 10 11 12 13 14 15 16 17 18 19 20 21 22 23 24 25 26 27 28 29 30 31 32 33 34 35 36 37 38 39 40 41 42 43 44 45 46 47 48 49 50 51 52 53 8 14 17 12 10 33 54 871 871 285 703 879 767 741 314 880 285 89 170 171 146 147 148 149 6 232 11 172 233 173 174 21 175 37 176 16 234 177 193 249 178 235 179 266 853 691 85 881 1 72 71 70 871 871 102 871 871 102 871 871 102 871 871 871 102 871 871 102 871 871 102 871 871 102 871 871 102 871 871 102 871 871 102 871 871 102 871 871 102 871 871 102 871 871 102 871 871 102 871 871 102 871 871 102 871 871 102 871 871 871 102 871 871 871 102 871 1 1 68 69 3 4 70 71 72 73 74 75 76 2 77 78 2 79 79 80 80 33 70 71 72 74 1 68 2 5 3 4 86 87 88 89 90 91
https://cookieandkate.com/caponata-recipe/
872:  872 872 872 872 1 2 3 4 0 5 6 7 8 9 10 11 12 13 14 15 16 17 18 19 20 21 22 23 24 25 26 27 28 29 30 31 32 33 34 35 36 37 38 39 40 41 42 43 44 45 46 47 48 49 50 51 52 53 8 14 17 12 10 33 54 872 872 882 285 807 883 741 742 746 884 885 886 887 888 715 275 889 882 890 891 285 89 170 171 146 147 148 149 6 11 172 233 173 20 21 799 175 176 16 234 193 235 194 614 892 398 853 691 893 285 1 72 71 70 872 872 102 872 872 102 872 872 102 872 872 872 102 872 872 872 872 102 872 872 872 872 102 872 872 872 102 872 872 872 872 872 872 872 872 872 872 102 872 872 102 872 872 872 102 872 872 102 872 872 102 872 872 102 872 872 872 102 872 872 102 872 872 102 872 872 872 102 872 872 872 102 872 872 102 872 1 1 68 69 3 4 70 71 72 73 74 75 76 2 77 78 2 79 79 80 80 33 70 71 72 74 1 68 2 5 3 4 86 87 88 89 90 91
https://cookieandkate.com/herbed-potato-salad-recipe/
873:  873 873 873 873 1 2 3 4 0 5 6 7 8 9 10 11 12 13 14 15 16 17 18 19 20 21 22 23 24 25 26 27 28 29 30 31 32 33 34 35 36 37 38 39 40 41 42 43 44 45 46 47 48 49 50 51 52 53 8 14 17 12 10 33 54 873 873 15 315 318 709 836 894 476 895 896 89 170 171 146 147 148 149 34 172 233 33 174 323 21 175 176 14 15 234 177 193 356 178 235 614 266 691 897 167 898 1 72 71 70 873 873 102 873 899 1 1 68 69 3 4 70 71 72 73 74 75 76 2 77 78 2 79 79 80 80 33 70 71 72 74 1 68 2 5 3 4 86 87 88 89 90 91
https://cookieandkate.com/crispy-smashed-potatoes-recipe/
874:  874 874 874 874 1 2 3 4 0 5 6 7 8 9 10 11 12 13 14 15 16 17 18 19 20 21 22 23 24 25 26 27 28 29 30 31 32 33 34 35 36 37 38 39 40 41 42 43 44 45 46 47 48 49 50 51 52 53 8 14 17 12 10 33 54 874 874 14 900 901 902 686 271 903 225 291 287 904 905 906 907 89 170 171 146 147 148 149 6 8 34 172 173 174 175 176 15 234 177 178 235 179 691 897 908 901 1 72 71 70 874 874 874 874 102 874 874 102 874 874 909 1 1 68 69 3 4 70 71 72 73 74 75 76 2 77 78 2 79 79 80 80 33 70 71 72 74 1 68 2 5 3 4 86 87 88 89 90 91
https://cookieandkate.com/turmeric-whole-roasted-cauliflower-recipe/
875:  875 875 875 875 1 2 3 4 0 5 6 7 8 9 10 11 12 13 14 15 16 17 18 19 20 21 22 23 24 25 26 27 28 29 30 31 32 33 34 35 36 37 38 39 40 41 42 43 44 45 46 47 48 49 50 51 52 53 8 14 17 12 10 33 54 875 875 910 911 911 912 913 89 170 171 146 147 148 149 6 34 233 173 174 19 12 175 176 15 234 177 178 179 914 196 398 691 673 228 281 1 72 71 70 875 875 875 875 875 875 875 875 875 875 875 875 875 875 875 875 875 875 875 875 875 875 875 875 875 875 875 875 875 875 875 875 875 875 875 875 875 875 875 875 875 875 875 875 875 875 875 875 875 102 875 875 875 875 875 102 875 875 102 875 875 875 875 875 875 875 875 102 875 875 875 875 875 875 875 875 102 875 875 875 102 875 875 875 102 875 875 102 875 875 102 282 875 875 1 1 68 69 3 4 70 71 72 73 74 75 76 2 77 78 2 79 79 80 80 33 70 71 72 74 1 68 2 5 3 4 86 87 88 89 90 91
https://cookieandkate.com/chickpea-noodle-soup-recipe/
876:  876 876 876 876 1 2 3 4 0 5 6 7 8 9 10 11 12 13 14 15 16 17 18 19 20 21 22 23 24 25 26 27 28 29 30 31 32 33 34 35 36 37 38 39 40 41 42 43 44 45 46 47 48 49 50 51 52 53 8 14 17 12 10 33 54 876 876 915 582 221 773 916 89 170 171 146 147 148 149 34 172 173 174 175 36 37 176 17 234 177 178 235 179 183 614 42 691 46 917 783 1 72 71 70 876 876 876 102 876 876 102 876 876 102 876 876 876 102 876 876 102 876 876 102 876 876 102 876 876 102 876 876 102 876 876 876 876 102 876 876 102 876 876 102 876 876 102 876 876 102 876 876 102 876 876 876 102 876 876 876 876 876 876 876 876 876 876 876 876 876 876 876 102 876 876 876 876 102 876 876 102 876 876 876 876 102 876 876 876 876 102 876 876 102 876 876 102 876 876 102 876 876 876 876 102 876 876 876 876 102 876 876 102 876 876 102 876 876 102 876 876 876 102 876 876 876 102 876 876 876 102 876 876 876 876 876 102 876 876 102 876 876 102 876 876 876 876 102 876 876 102 876 876 102 876 876 102 876 876 102 876 876 102 876 876 876 876 102 876 876 102 876 876 876 102 876 876 102 876 876 102 876 876 102 876 876 918 1 1 68 69 3 4 70 71 72 73 74 75 76 2 77 78 2 79 79 80 80 33 70 71 72 74 1 68 2 5 3 4 86 87 88 89 90 91
https://cookieandkate.com/mediterranean-cauliflower-rice-recipe/
877:  877 877 877 877 1 2 3 4 0 5 6 7 8 9 10 11 12 13 14 15 16 17 18 19 20 21 22 23 24 25 26 27 28 29 30 31 32 33 34 35 36 37 38 39 40 41 42 43 44 45 46 47 48 49 50 51 52 53 8 14 17 12 10 33 54 877 877 919 805 280 318 105 744 920 89 170 171 146 147 148 149 34 172 233 173 174 21 176 15 234 177 178 235 179 264 914 266 691 921 278 1 72 71 70 877 877 877 102 877 877 102 3 877 877 877 102 877 877 102 877 877 102 919 877 877 877 102 877 922 1 1 68 69 3 4 70 71 72 73 74 75 76 2 77 78 2 79 79 80 80 33 70 71 72 74 1 68 2 5 3 4 86 87 88 89 90 91
https://cookieandkate.com/tag/parsley/page/2/
878:  878 878 878 878 1 2 3 4 0 5 6 7 8 9 10 11 12 13 14 15 16 17 18 19 20 21 22 23 24 25 26 27 28 29 30 31 32 33 34 35 36 37 38 39 40 41 42 43 44 45 46 47 48 49 50 51 52 53 8 14 17 12 10 33 54 744 713 686 923 779 715 318 924 925 926 675 716 927 775 826 890 753 928 929 930 931 684 449 691 932 1 1 68 69 3 4 70 71 72 73 74 75 76 2 77 78 2 79 79 80 80 33 70 71 72 74 1 68 2 5 3 4 86 87 88 89 90 91
https://cookieandkate.com/berry-chia-seed-jam-recipe/
692:  692 692 692 692 1 2 3 4 0 5 6 7 8 9 10 11 12 13 14 15 16 17 18 19 20 21 22 23 24 25 26 27 28 29 30 31 32 33 34 35 36 37 38 39 40 41 42 43 44 45 46 47 48 49 50 51 52 53 8 14 17 12 10 33 54 692 692 933 293 934 935 936 937 938 939 940 89 170 171 146 147 148 149 8 34 11 172 233 35 33 174 799 175 176 16 234 177 193 178 235 941 942 943 944 335 675 1 72 71 70 692 692 692 692 692 692 692 692 692 692 692 692 692 692 692 692 692 692 692 692 692 692 692 692 692 692 692 692 692 692 692 692 692 692 692 692 692 692 692 692 692 692 692 692 692 692 692 692 692 692 692 692 692 692 692 692 692 692 692 692 692 692 692 692 692 692 692 692 692 692 692 692 692 692 692 692 692 692 692 692 692 692 692 692 692 692 945 946 947 948 692 692 692 692 692 692 692 692 692 692 692 692 692 692 692 692 692 692 692 692 692 692 692 692 692 692 692 692 692 692 692 692 692 692 692 692 692 692 692 692 692 692 692 692 692 692 692 692 692 692 692 692 692 692 692 692 692 692 692 692 692 692 692 692 692 692 692 692 692 692 692 692 692 692 692 692 692 692 692 692 692 692 102 692 692 692 102 692 692 102 692 692 692 102 692 692 692 102 692 692 102 692 692 102 692 692 102 692 692 692 102 692 692 1 1 68 69 3 4 70 71 72 73 74 75 76 2 77 78 2 79 79 80 80 33 70 71 72 74 1 68 2 5 3 4 86 87 88 89 90 91
https://cookieandkate.com/tag/granola/
935:  935 935 935 935 1 2 3 4 0 5 6 7 8 9 10 11 12 13 14 15 16 17 18 19 20 21 22 23 24 25 26 27 28 29 30 31 32 33 34 35 36 37 38 39 40 41 42 43 44 45 46 47 48 49 50 51 52 53 8 14 17 12 10 33 54 949 79 949 950 536 951 952 953 954 955 956 957 958 483 959 960 961 962 1 1 68 69 3 4 70 71 72 73 74 75 76 2 77 78 2 79 79 80 80 33 70 71 72 74 1 68 2 5 3 4 86 87 88 89 90 91
https://cookieandkate.com/tag/pancakes/
936:  936 936 936 936 1 2 3 4 0 5 6 7 8 9 10 11 12 13 14 15 16 17 18 19 20 21 22 23 24 25 26 27 28 29 30 31 32 33 34 35 36 37 38 39 40 41 42 43 44 45 46 47 48 49 50 51 52 53 8 14 17 12 10 33 54 61 662 963 964 965 966 967 968 855 969 970 971 972 973 974 975 1 1 68 69 3 4 70 71 72 73 74 75 76 2 77 78 2 79 79 80 80 33 70 71 72 74 1 68 2 5 3 4 86 87 88 89 90 91
https://cookieandkate.com/tag/waffles/
937:  937 937 937 937 1 2 3 4 0 5 6 7 8 9 10 11 12 13 14 15 16 17 18 19 20 21 22 23 24 25 26 27 28 29 30 31 32 33 34 35 36 37 38 39 40 41 42 43 44 45 46 47 48 49 50 51 52 53 8 14 17 12 10 33 54 976 185 521 977 978 979 980 1 1 68 69 3 4 70 71 72 73 74 75 76 2 77 78 2 79 79 80 80 33 70 71 72 74 1 68 2 5 3 4 86 87 88 89 90 91
https://cookieandkate.com/berry-chia-seed-jam-recipe/print/24224/
938:  938 939 940 89 170 171 692
https://cookieandkate.com/2014/toasted-oatmeal-strawberry-chia-jam-coconut-whipped-cream/
940:  940 940 940 940 1 2 3 4 0 5 6 7 8 9 10 11 12 13 14 15 16 17 18 19 20 21 22 23 24 25 26 27 28 29 30 31 32 33 34 35 36 37 38 39 40 41 42 43 44 45 46 47 48 49 50 51 52 53 8 14 17 12 10 33 54 864 940 981 982 981 983 984 985 89 170 171 146 147 148 149 8 172 233 173 35 33 174 799 175 176 234 177 178 235 179 942 986 987 45 988 989 828 1 72 71 70 864 940 940 940 940 940 940 940 940 940 940 940 940 940 940 940 940 940 940 940 940 940 940 940 940 940 940 940 940 940 940 940 940 940 940 940 940 940 940 940 940 940 940 940 940 940 940 940 940 940 940 940 940 940 940 940 940 940 940 940 940 940 940 940 940 940 940 940 940 940 940 940 940 940 940 940 940 940 940 940 940 940 940 940 940 940 940 940 940 940 940 940 990 940 940 940 940 940 940 940 940 940 940 940 940 940 940 940 940 940 940 940 940 940 940 940 940 102 940 940 102 940 940 940 102 940 940 940 102 940 940 102 940 940 1 1 68 69 3 4 70 71 72 73 74 75 76 2 77 78 2 79 79 80 80 33 70 71 72 74 1 68 2 5 3 4 86 87 88 89 90 91
https://cookieandkate.com/tag/blueberry/
941:  941 941 941 941 1 2 3 4 0 5 6 7 8 9 10 11 12 13 14 15 16 17 18 19 20 21 22 23 24 25 26 27 28 29 30 31 32 33 34 35 36 37 38 39 40 41 42 43 44 45 46 47 48 49 50 51 52 53 8 14 17 12 10 33 54 991 992 993 994 995 996 992 991 997 692 998 999 993 369 1000 1001 1002 869 971 1003 1004 980 1005 1006 1 1 68 69 3 4 70 71 72 73 74 75 76 2 77 78 2 79 79 80 80 33 70 71 72 74 1 68 2 5 3 4 86 87 88 89 90 91
https://cookieandkate.com/tag/chia-seeds/
942:  942 942 942 942 1 2 3 4 0 5 6 7 8 9 10 11 12 13 14 15 16 17 18 19 20 21 22 23 24 25 26 27 28 29 30 31 32 33 34 35 36 37 38 39 40 41 42 43 44 45 46 47 48 49 50 51 52 53 8 14 17 12 10 33 54 1007 997 1008 692 1009 1010 864 1 1 68 69 3 4 70 71 72 73 74 75 76 2 77 78 2 79 79 80 80 33 70 71 72 74 1 68 2 5 3 4 86 87 88 89 90 91
https://cookieandkate.com/tag/oranges/
943:  943 943 943 943 1 2 3 4 0 5 6 7 8 9 10 11 12 13 14 15 16 17 18 19 20 21 22 23 24 25 26 27 28 29 30 31 32 33 34 35 36 37 38 39 40 41 42 43 44 45 46 47 48 49 50 51 52 53 8 14 17 12 10 33 54 1011 1012 1013 1014 347 1015 950 658 805 1016 1017 1008 692 1018 955 1019 1020 957 1021 559 1022 1 1 68 69 3 4 70 71 72 73 74 75 76 2 77 78 2 79 79 80 80 33 70 71 72 74 1 68 2 5 3 4 86 87 88 89 90 91
https://cookieandkate.com/tag/raspberries/
944:  944 944 944 944 1 2 3 4 0 5 6 7 8 9 10 11 12 13 14 15 16 17 18 19 20 21 22 23 24 25 26 27 28 29 30 31 32 33 34 35 36 37 38 39 40 41 42 43 44 45 46 47 48 49 50 51 52 53 8 14 17 12 10 33 54 994 1023 692 1024 1019 1025 369 1021 1026 1003 1027 1028 1029 1 1 68 69 3 4 70 71 72 73 74 75 76 2 77 78 2 79 79 80 80 33 70 71 72 74 1 68 2 5 3 4 86 87 88 89 90 91
https://cookieandkate.com/cinnamon-breakfast-quinoa-recipe/
693:  693 693 693 693 1 2 3 4 0 5 6 7 8 9 10 11 12 13 14 15 16 17 18 19 20 21 22 23 24 25 26 27 28 29 30 31 32 33 34 35 36 37 38 39 40 41 42 43 44 45 46 47 48 49 50 51 52 53 8 14 17 12 10 33 54 693 693 1030 1031 785 1032 1030 1033 89 170 171 146 147 148 149 8 34 232 172 233 173 35 174 799 37 176 234 177 178 235 179 1034 652 571 47 675 537 1 72 71 70 693 693 693 693 102 693 693 693 102 693 693 102 693 693 102 693 693 102 693 693 693 102 693 693 102 693 693 693 693 693 693 693 102 693 693 693 693 102 693 693 693 102 693 693 102 693 693 693 102 693 693 102 693 693 693 693 102 693 693 102 693 693 693 102 693 693 102 693 693 102 693 693 102 693 693 1035 1 1 68 69 3 4 70 71 72 73 74 75 76 2 77 78 2 79 79 80 80 33 70 71 72 74 1 68 2 5 3 4 86 87 88 89 90 91
https://cookieandkate.com/cinnamon-breakfast-quinoa-recipe/print/24220/
1032:  1032 1030 1033 89 170 171 693
https://cookieandkate.com/2016/perfect-quinoa/
1033:  1033 1033 1033 1033 1 2 3 4 0 5 6 7 8 9 10 11 12 13 14 15 16 17 18 19 20 21 22 23 24 25 26 27 28 29 30 31 32 33 34 35 36 37 38 39 40 41 42 43 44 45 46 47 48 49 50 51 52 53 8 14 17 12 10 33 54 785 1033 2 1036 47 1037 1038 1039 89 170 171 1040 293 1041 317 317 777 777 1042 1042 480 480 1043 1043 479 479 318 318 205 205 1044 1044 693 693 492 1045 494 3 71 146 147 148 149 172 233 174 175 176 15 234 150 178 235 47 999 1009 1 72 71 70 785 1033 102 1033 1033 1033 1033 1033 1033 102 1033 1033 1033 102 1033 1033 1033 1033 1033 1033 102 1033 1033 1033 1033 102 1033 1033 102 1033 1033 1033 1033 1033 1033 1033 1033 1033 102 1033 1033 102 1033 1033 102 1033 1033 1033 1033 1033 1033 1033 1033 1033 1033 1033 1033 1033 1033 102 1033 1033 102 1033 1033 1033 1033 102 1033 1033 1033 1033 1033 1033 1033 102 1033 1033 1033 1033 1033 1033 1033 102 1033 1033 1033 1033 1033 102 1033 1033 1033 1033 1033 1033 1033 1033 1033 102 1033 1033 102 1033 1033 1033 1033 102 1033 1033 102 1033 1033 1033 1033 1033 1033 1033 1033 102 1033 1033 1033 102 1033 1033 1033 102 1033 1033 1033 102 1033 1033 102 1033 1033 1033 102 1033 1033 102 1033 1033 102 1033 1033 102 1033 1033 102 1033 1033 1046 1 1 68 69 3 4 70 71 72 73 74 75 76 2 77 78 2 79 79 80 80 33 70 71 72 74 1 68 2 5 3 4 86 87 88 89 90 91
https://cookieandkate.com/tag/cinnamon/
1034:  1034 1034 1034 1034 1 2 3 4 0 5 6 7 8 9 10 11 12 13 14 15 16 17 18 19 20 21 22 23 24 25 26 27 28 29 30 31 32 33 34 35 36 37 38 39 40 41 42 43 44 45 46 47 48 49 50 51 52 53 8 14 17 12 10 33 54 881 1012 1047 1048 1049 950 1050 714 1051 965 1052 693 1053 966 1054 1055 953 999 1056 1057 1058 1 1 68 69 3 4 70 71 72 73 74 75 76 2 77 78 2 79 79 80 80 33 70 71 72 74 1 68 2 5 3 4 86 87 88 89 90 91
https://cookieandkate.com/cinnamon-breakfast-quinoa-recipe/comment-page-1/
1035:  1035 1035 1035 1035 1 2 3 4 0 5 6 7 8 9 10 11 12 13 14 15 16 17 18 19 20 21 22 23 24 25 26 27 28 29 30 31 32 33 34 35 36 37 38 39 40 41 42 43 44 45 46 47 48 49 50 51 52 53 8 14 17 12 10 33 54 693 1035 1030 1031 785 1032 1030 1033 89 170 171 146 147 148 149 8 34 232 172 233 173 35 174 799 37 176 234 177 178 235 179 1034 652 571 47 675 537 1 72 71 70 1035 1035 1035 1035 1035 1035 1035 1035 1035 1035 1035 1035 1035 1035 1035 1035 1035 1035 1035 1035 1035 1035 1035 1035 1035 1035 1035 1035 1035 1035 1035 1035 1035 1035 1035 1035 1035 1035 1035 1035 1035 1035 1035 1035 1035 1035 1035 1035 1035 1035 1035 1035 1035 1035 1035 1035 1035 1035 1035 1035 1035 1035 1035 1035 1035 1035 1035 1035 1035 1035 1035 1035 1035 1035 1035 1035 1035 1035 1035 1035 1035 1035 1035 1035 1035 1035 1035 1035 1035 1035 1035 1035 1035 1035 1035 1035 1035 1035 1035 1035 1035 1035 1035 1035 1035 1035 1035 1035 1035 1035 1035 1035 1035 1035 1035 1035 1035 1035 1035 1035 1035 1035 1035 1035 1035 1035 1035 1035 1035 1035 1035 1035 1035 1035 1035 1035 1035 1035 1035 1035 1035 1035 1035 1035 1035 1035 1035 1035 1035 1035 1035 1035 1035 1035 1035 1035 1035 1035 1035 1035 1035 1035 1035 1035 1035 1035 1035 1035 1035 1035 1035 1035 1035 1035 1035 102 1035 1035 1035 102 1035 1035 102 1035 1035 1035 1035 102 1035 1035 102 1035 1035 102 1035 1035 1035 1035 102 1035 1035 102 1035 693 1 1 68 69 3 4 70 71 72 73 74 75 76 2 77 78 2 79 79 80 80 33 70 71 72 74 1 68 2 5 3 4 86 87 88 89 90 91
https://cookieandkate.com/2017/chickpea-salad-recipe-with-carrots-dill/
694:  694 694 694 694 1 2 3 4 0 5 6 7 8 9 10 11 12 13 14 15 16 17 18 19 20 21 22 23 24 25 26 27 28 29 30 31 32 33 34 35 36 37 38 39 40 41 42 43 44 45 46 47 48 49 50 51 52 53 8 14 17 12 10 33 54 837 694 1059 1060 1061 1062 1059 89 170 171 146 147 148 149 34 232 172 233 173 33 174 21 175 36 176 14 15 234 177 249 178 235 179 852 183 614 42 407 509 520 538 1063 1 72 71 70 837 694 694 694 694 694 694 694 694 694 694 694 694 694 694 694 694 694 694 694 694 694 694 694 694 694 694 694 694 694 694 694 694 694 694 694 694 694 694 694 694 694 694 694 694 694 694 694 694 694 694 694 694 694 694 694 694 694 694 694 694 694 694 694 694 694 694 694 694 694 694 694 694 694 694 694 694 694 694 694 694 694 694 694 694 694 694 694 694 694 694 694 694 694 694 694 694 694 694 694 694 694 694 694 694 694 694 694 694 694 694 694 694 694 694 694 694 694 694 694 694 694 694 694 694 694 694 694 694 694 694 694 694 694 694 694 694 694 694 694 694 694 694 694 694 694 694 694 694 694 694 694 694 694 694 694 694 694 694 694 694 694 694 102 694 694 694 102 694 694 102 694 694 102 694 694 694 102 694 694 694 694 694 694 694 694 694 694 694 102 694 694 694 694 102 694 694 102 694 1 1 68 69 3 4 70 71 72 73 74 75 76 2 77 78 2 79 79 80 80 33 70 71 72 74 1 68 2 5 3 4 86 87 88 89 90 91
https://cookieandkate.com/chickpea-salad-recipe-with-carrots-dill/print/24212/
1062:  1062 1059 89 170 171 837
https://cookieandkate.com/top-10-vegetarian-recipes-of-2016/
1063:  1063 1063 1063 1063 1 2 3 4 0 5 6 7 8 9 10 11 12 13 14 15 16 17 18 19 20 21 22 23 24 25 26 27 28 29 30 31 32 33 34 35 36 37 38 39 40 41 42 43 44 45 46 47 48 49 50 51 52 53 8 14 17 12 10 33 54 1063 2 1064 1064 1065 1056 1056 777 777 999 999 315 315 296 296 104 104 1055 1055 776 776 317 317 492 493 494 495 71 146 147 148 149 150 837 1066 1 72 71 70 1063 1063 1067 1063 1063 1063 1063 1063 1063 1063 1063 1063 1063 1063 1063 1063 1063 1063 14 1063 1063 1063 1063 1063 1063 1063 1063 1063 1063 1063 1063 1063 1063 1063 1063 1063 1063 1063 1063 1063 1063 1063 1063 1063 1063 1063 1063 1 1 68 69 3 4 70 71 72 73 74 75 76 2 77 78 2 79 79 80 80 33 70 71 72 74 1 68 2 5 3 4 86 87 88 89 90 91
https://cookieandkate.com/kung-pao-brussels-sprouts-recipe/
676:  676 676 676 676 1 2 3 4 0 5 6 7 8 9 10 11 12 13 14 15 16 17 18 19 20 21 22 23 24 25 26 27 28 29 30 31 32 33 34 35 36 37 38 39 40 41 42 43 44 45 46 47 48 49 50 51 52 53 8 14 17 12 10 33 54 676 676 63 484 1068 1069 1070 1071 1072 89 170 171 146 147 148 149 6 18 172 233 173 174 176 15 178 235 179 672 1073 823 1074 1075 1 72 71 70 676 676 102 676 676 102 676 676 676 102 676 676 676 102 676 676 102 676 676 102 676 676 102 676 676 676 102 676 676 102 676 676 102 676 676 102 676 676 102 676 676 102 676 676 102 676 676 676 676 102 676 676 102 676 676 676 102 676 676 102 676 1076 1 1 68 69 3 4 70 71 72 73 74 75 76 2 77 78 2 79 79 80 80 33 70 71 72 74 1 68 2 5 3 4 86 87 88 89 90 91
https://cookieandkate.com/kung-pao-brussels-sprouts-recipe/print/24010/
1069:  1069 1070 1071 1072 89 170 171 676
https://cookieandkate.com/tag/peanuts/
1073:  1073 1073 1073 1073 1 2 3 4 0 5 6 7 8 9 10 11 12 13 14 15 16 17 18 19 20 21 22 23 24 25 26 27 28 29 30 31 32 33 34 35 36 37 38 39 40 41 42 43 44 45 46 47 48 49 50 51 52 53 8 14 17 12 10 33 54 202 502 205 676 481 1077 490 1078 1079 1 1 68 69 3 4 70 71 72 73 74 75 76 2 77 78 2 79 79 80 80 33 70 71 72 74 1 68 2 5 3 4 86 87 88 89 90 91
https://cookieandkate.com/spicy-thai-peanut-sauce-over-roasted-sweet-potatoes-and-rice/
1077:  1077 1077 1077 1077 1 2 3 4 0 5 6 7 8 9 10 11 12 13 14 15 16 17 18 19 20 21 22 23 24 25 26 27 28 29 30 31 32 33 34 35 36 37 38 39 40 41 42 43 44 45 46 47 48 49 50 51 52 53 8 14 17 12 10 33 54 1077 1077 1080 1081 288 1082 238 1083 1084 1085 1086 1087 89 170 171 146 147 148 149 18 34 172 38 233 173 174 12 176 192 178 235 194 181 237 1088 1073 48 823 1089 969 1 72 71 70 1077 1077 1077 1077 1077 1077 1077 1077 1077 1077 1077 1077 1077 1077 1077 1077 1077 1077 1077 1077 1077 1077 1077 1077 1077 1077 1077 1077 1077 1077 1077 1077 1077 1077 1077 1077 1077 1077 1077 1077 1077 1077 1077 1077 1077 1077 1077 1077 1077 1077 1077 1077 1077 1077 1077 1077 1077 1077 1077 1077 102 1077 1077 102 1077 1077 1077 102 1077 1077 102 1077 1077 102 1077 1077 1077 1077 1077 1077 1077 1077 1077 1077 1077 1077 1077 1077 1077 1077 1077 1077 1077 102 1077 1077 1077 102 1077 1077 102 1077 1077 102 1077 1077 1077 102 1077 1090 1 1 68 69 3 4 70 71 72 73 74 75 76 2 77 78 2 79 79 80 80 33 70 71 72 74 1 68 2 5 3 4 86 87 88 89 90 91
https://cookieandkate.com/summer-rolls-with-spicy-peanut-sauce/
1078:  1078 1078 1078 1078 1 2 3 4 0 5 6 7 8 9 10 11 12 13 14 15 16 17 18 19 20 21 22 23 24 25 26 27 28 29 30 31 32 33 34 35 36 37 38 39 40 41 42 43 44 45 46 47 48 49 50 51 52 53 8 14 17 12 10 33 54 1078 1078 1091 1092 1093 1094 1095 1093 1096 89 170 171 146 147 148 149 6 18 172 233 174 12 799 36 176 14 193 356 192 178 235 517 194 183 196 727 343 398 1073 1097 823 1098 1099 452 1 72 71 70 1078 1078 1078 1078 1078 1078 1078 1078 1078 1078 1078 1078 1078 1078 1078 1078 1078 1078 1078 1078 1078 1078 1078 1078 1078 1078 1078 1078 1078 1078 1078 1078 1078 1078 1078 1078 1078 1078 1078 1078 1078 1078 1078 1078 1078 1078 1078 1078 1078 1078 1078 1078 1078 1078 1078 1078 1078 1 1 68 69 3 4 70 71 72 73 74 75 76 2 77 78 2 79 79 80 80 33 70 71 72 74 1 68 2 5 3 4 86 87 88 89 90 91
