https://www.eatingbirdfood.com/
0:  1 1 2 3 4 5 6 7 8 9 10 11 12 13 14 15 16 17 18 19 20 21 22 23 24 0 2 3 4 25 26 5 27 28 6 29 30 31 7 8 32 9 10 33 34 2 3 4 25 26 5 27 28 6 29 30 31 7 8 32 9 10 33 34 35 3 6 36 37 37 37 38 39 40 27 41 38 42 39 43 40 44 45 46 41 47 47 48 38 42 39 43 40 45 46 48 49 38 39 43 40 46 49 50 51 52 42 39 45 46 52 53 42 39 45 46 53 54 42 39 45 46 54 55 45 46 55 18 6 56 56 57 57 58 58 59 59 60 60 60 38 42 39 45 46 61 61 61 39 40 44 45 46 62 62 62 38 63 42 39 43 40 44 45 46 64 64 64 38 63 39 43 46 65 65 65 39 40 44 66 66 66 42 39 45 46 67 67 67 39 68 68 68 36 36 36 42 39 43 45 46 69 69 69 38 63 42 39 43 70 70 70 42 39 43 45 46 71 71 71 63 42 39 45 46 72 72 72 38 42 39 45 46 73 73 73 63 42 39 40 44 45 74 74 74 38 63 42 39 44 45 46 75 75 75 38 63 42 39 44 45 46 76 77 39 46 77 78 39 43 46 78 79 39 43 46 79 80 42 39 43 45 46 80 81 82 50 49 38 39 43 40 46 49 83 38 39 46 83 84 38 42 39 46 84 85 38 42 39 43 45 46 85 86 38 42 39 43 40 44 45 46 86 0 87 20 88 89 90 20 21 22 23 24
https://www.eatingbirdfood.com/recipe-index/
1:  1 1 2 3 4 5 6 7 8 9 10 11 12 13 14 15 16 17 18 19 20 21 22 23 24 0 2 3 4 25 26 5 27 28 6 29 30 31 7 8 32 9 10 33 34 2 3 4 25 26 5 27 28 6 29 30 31 7 8 32 9 10 33 34 37 37 41 41 48 48 49 49 83 83 84 84 85 85 86 86 91 91 92 92 62 62 93 93 76 76 76 76 0 87 20 88 89 90 20 21 22 23 24
https://www.eatingbirdfood.com/greek-chickpea-salad/
91:  1 1 2 3 4 5 6 7 8 9 10 11 12 13 14 15 16 17 18 19 20 21 22 23 24 0 2 3 4 25 26 5 27 28 6 29 30 31 7 8 32 9 10 33 34 2 3 4 25 26 5 27 28 6 29 30 31 7 8 32 9 10 33 34 27 94 95 5 38 39 43 46 91 6 96 97 98 99 61 35 100 101 65 102 103 53 104 105 106 107 108 109 110 111 112 113 114 91 87 114 115 98 99 61 116 117 92 86 18 76 98 53 96 97 91 20 91 91 91 91 91 91 91 91 91 91 91 91 91 91 91 91 91 91 87 118 119 120 121 122 123 1 73 73 58 58 36 36 68 68 81 0 87 20 88 89 90 20 21 22 23 24
https://www.eatingbirdfood.com/category/diet-preference/gluten-free/
94:  1 1 2 3 4 5 6 7 8 9 10 11 12 13 14 15 16 17 18 19 20 21 22 23 24 0 2 3 4 25 26 5 27 28 6 29 30 31 7 8 32 9 10 33 34 2 3 4 25 26 5 27 28 6 29 30 31 7 8 32 9 10 33 34 124 124 124 125 125 126 126 127 127 76 76 76 76 37 38 39 40 37 41 38 42 39 43 40 44 45 46 41 48 38 42 39 43 40 45 46 48 49 38 39 43 40 46 49 83 38 39 46 83 84 38 42 39 46 84 85 38 42 39 43 45 46 85 86 38 42 39 43 40 44 45 46 86 91 38 39 43 46 91 92 38 42 39 43 44 45 46 92 62 38 63 42 39 43 40 44 45 46 62 93 42 39 45 46 93 60 38 42 39 45 46 60 58 63 39 43 46 58 124 38 42 39 43 40 44 124 128 42 39 43 45 46 128 129 38 63 42 39 43 45 46 129 130 39 43 130 131 132 133 134 0 87 20 88 89 90 20 21 22 23 24
https://www.eatingbirdfood.com/kung-pao-tofu/
128:  1 1 2 3 4 5 6 7 8 9 10 11 12 13 14 15 16 17 18 19 20 21 22 23 24 0 2 3 4 25 26 5 27 28 6 29 30 31 7 8 32 9 10 33 34 2 3 4 25 26 5 27 28 6 29 30 31 7 8 32 9 10 33 34 135 136 94 5 42 39 43 45 46 128 137 138 139 140 129 139 141 52 142 143 144 145 146 147 148 149 53 55 150 151 128 87 151 115 152 116 117 129 124 18 76 137 107 153 145 128 20 128 128 128 128 128 128 128 128 128 128 128 128 128 128 128 128 87 118 119 120 121 122 123 1 73 73 58 58 36 36 68 68 81 0 87 20 88 89 90 20 21 22 23 24
https://www.eatingbirdfood.com/category/recipe/
135:  1 1 2 3 4 5 6 7 8 9 10 11 12 13 14 15 16 17 18 19 20 21 22 23 24 0 2 3 4 25 26 5 27 28 6 29 30 31 7 8 32 9 10 33 34 2 3 4 25 26 5 27 28 6 29 30 31 7 8 32 9 10 33 34 37 38 39 40 37 41 38 42 39 43 40 44 45 46 41 48 38 42 39 43 40 45 46 48 49 38 39 43 40 46 49 83 38 39 46 83 84 38 42 39 46 84 85 38 42 39 43 45 46 85 86 38 42 39 43 40 44 45 46 86 91 38 39 43 46 91 92 38 42 39 43 44 45 46 92 62 38 63 42 39 43 40 44 45 46 62 93 42 39 45 46 93 60 38 42 39 45 46 60 58 63 39 43 46 58 154 43 46 154 124 38 42 39 43 40 44 124 128 42 39 43 45 46 128 129 38 63 42 39 43 45 46 129 155 156 157 158 0 87 20 88 89 90 20 21 22 23 24
https://www.eatingbirdfood.com/pound-cake/
154:  1 1 2 3 4 5 6 7 8 9 10 11 12 13 14 15 16 17 18 19 20 21 22 23 24 0 2 3 4 25 26 5 27 28 6 29 30 31 7 8 32 9 10 33 34 2 3 4 25 26 5 27 28 6 29 30 31 7 8 32 9 10 33 34 135 10 43 46 154 159 160 161 162 163 164 165 154 87 165 115 116 117 124 58 18 76 159 162 164 161 154 20 154 154 87 118 119 120 121 122 123 1 73 73 58 58 36 36 68 68 81 0 87 20 88 89 90 20 21 22 23 24
https://www.eatingbirdfood.com/paleo-carrot-cake-bars/
160:  1 1 2 3 4 5 6 7 8 9 10 11 12 13 14 15 16 17 18 19 20 21 22 23 24 0 2 3 4 25 26 5 27 28 6 29 30 31 7 8 32 9 10 33 34 2 3 4 25 26 5 27 28 6 29 30 31 7 8 32 9 10 33 34 166 10 167 94 39 43 44 46 160 168 169 170 171 172 173 174 175 176 177 178 179 180 181 182 177 183 184 185 186 160 87 186 115 116 117 187 188 18 76 176 189 178 190 160 20 160 160 160 191 160 160 160 160 87 118 119 120 121 122 123 1 73 73 58 58 36 36 68 68 81 0 87 20 88 89 90 20 21 22 23 24
https://www.eatingbirdfood.com/category/cookbook-2/
166:  1 1 2 3 4 5 6 7 8 9 10 11 12 13 14 15 16 17 18 19 20 21 22 23 24 0 2 3 4 25 26 5 27 28 6 29 30 31 7 8 32 9 10 33 34 2 3 4 25 26 5 27 28 6 29 30 31 7 8 32 9 10 33 34 192 192 193 39 46 193 194 194 195 195 160 39 43 44 46 160 196 196 197 42 39 45 46 197 198 39 198 199 199 200 45 200 201 63 42 45 46 201 0 87 20 88 89 90 20 21 22 23 24
https://www.eatingbirdfood.com/healthy-trader-joes-items/
192:  1 1 2 3 4 5 6 7 8 9 10 11 12 13 14 15 16 17 18 19 20 21 22 23 24 0 2 3 4 25 26 5 27 28 6 29 30 31 7 8 32 9 10 33 34 2 3 4 25 26 5 27 28 6 29 30 31 7 8 32 9 10 33 34 166 202 11 203 204 205 206 207 208 209 210 211 212 213 214 215 216 217 218 219 66 220 221 222 220 223 224 77 225 226 227 187 228 229 230 231 232 233 234 235 236 237 177 238 239 240 241 242 96 243 244 245 73 246 247 248 249 250 251 252 253 18 76 254 255 256 257 192 20 192 192 192 192 192 192 192 192 192 192 192 192 192 192 192 192 192 192 192 192 192 192 192 192 192 192 192 192 192 192 192 192 192 192 192 192 192 192 192 258 192 259 192 192 192 87 118 119 120 121 122 123 1 73 73 58 58 36 36 68 68 81 0 87 20 88 89 90 20 21 22 23 24
https://www.eatingbirdfood.com/mango-jicama-slaw/
256:  1 1 2 3 4 5 6 7 8 9 10 11 12 13 14 15 16 17 18 19 20 21 22 23 24 0 2 3 4 25 26 5 27 28 6 29 30 31 7 8 32 9 10 33 34 2 3 4 25 26 5 27 28 6 29 30 31 7 8 32 9 10 33 34 135 94 5 6 42 39 44 45 46 256 260 261 262 263 264 264 210 265 266 267 268 269 256 87 269 115 261 261 261 263 263 263 116 117 270 271 272 273 274 275 18 76 264 255 266 270 256 20 256 256 256 256 256 256 256 256 256 256 276 256 87 118 119 120 121 122 123 1 73 73 58 58 36 36 68 68 81 0 87 20 88 89 90 20 21 22 23 24
https://www.eatingbirdfood.com/cilantro-lime-chicken-burgers/
260:  1 1 2 3 4 5 6 7 8 9 10 11 12 13 14 15 16 17 18 19 20 21 22 23 24 0 2 3 4 25 26 5 27 28 6 29 30 31 7 8 32 9 10 33 34 2 3 4 25 26 5 27 28 6 29 30 31 7 8 32 9 10 33 34 30 136 94 5 42 39 44 260 277 260 87 277 115 116 117 278 279 280 85 281 282 18 76 283 48 284 148 260 20 260 260 260 260 260 260 260 260 260 260 260 260 260 260 260 260 260 260 260 260 260 260 260 260 260 260 260 260 260 260 260 260 260 87 118 119 120 121 122 123 1 73 73 58 58 36 36 68 68 81 0 87 20 88 89 90 20 21 22 23 24
https://www.eatingbirdfood.com/cilantro-lime-chicken-burgers/print/42025/
277:  277 277 87 116 117 260
https://www.eatingbirdfood.com/raw-corn-and-avocado-salad/
278:  1 1 2 3 4 5 6 7 8 9 10 11 12 13 14 15 16 17 18 19 20 21 22 23 24 0 2 3 4 25 26 5 27 28 6 29 30 31 7 8 32 9 10 33 34 2 3 4 25 26 5 27 28 6 29 30 31 7 8 32 9 10 33 34 27 136 94 5 38 42 39 45 46 278 285 100 218 286 278 87 286 115 116 117 248 218 65 287 288 289 290 111 18 76 291 59 292 293 278 20 278 278 278 278 278 278 278 278 278 278 278 278 278 278 278 278 278 278 278 278 278 278 278 278 278 278 278 278 278 278 278 278 278 278 87 118 119 120 121 122 123 1 73 73 58 58 36 36 68 68 81 0 87 20 88 89 90 20 21 22 23 24
https://www.eatingbirdfood.com/healthy-fingerling-potato-salad/
288:  1 1 2 3 4 5 6 7 8 9 10 11 12 13 14 15 16 17 18 19 20 21 22 23 24 0 2 3 4 25 26 5 27 28 6 29 30 31 7 8 32 9 10 33 34 2 3 4 25 26 5 27 28 6 29 30 31 7 8 32 9 10 33 34 135 136 94 5 42 39 45 46 288 294 294 295 296 218 65 260 297 298 299 58 300 301 287 252 302 289 303 288 87 303 115 304 116 117 305 287 18 76 306 307 308 298 288 20 288 288 288 288 288 288 288 288 309 288 288 288 288 288 288 288 288 288 288 87 118 119 120 121 122 123 1 73 73 58 58 36 36 68 68 81 0 87 20 88 89 90 20 21 22 23 24
https://www.eatingbirdfood.com/baked-sweet-potato-fries/
294:  1 1 2 3 4 5 6 7 8 9 10 11 12 13 14 15 16 17 18 19 20 21 22 23 24 0 2 3 4 25 26 5 27 28 6 29 30 31 7 8 32 9 10 33 34 2 3 4 25 26 5 27 28 6 29 30 31 7 8 32 9 10 33 34 135 94 95 5 63 42 39 43 45 294 310 311 312 313 100 148 218 210 314 315 316 317 298 318 319 306 320 321 322 323 294 87 323 115 312 312 312 312 116 117 324 54 18 76 325 326 317 314 294 20 294 325 294 294 294 294 294 294 294 327 294 294 294 294 294 294 328 294 294 294 294 294 294 294 294 294 294 294 294 294 294 87 118 119 120 121 122 123 1 73 73 58 58 36 36 68 68 81 0 87 20 88 89 90 20 21 22 23 24
https://www.eatingbirdfood.com/sweet-potato-black-bean-enchilada-bake/
320:  1 1 2 3 4 5 6 7 8 9 10 11 12 13 14 15 16 17 18 19 20 21 22 23 24 0 2 3 4 25 26 5 27 28 6 29 30 31 7 8 32 9 10 33 34 2 3 4 25 26 5 27 28 6 29 30 31 7 8 32 9 10 33 34 135 94 29 5 39 46 320 329 320 87 329 115 116 117 146 330 220 281 331 197 85 332 333 18 76 150 107 334 335 320 20 320 320 320 320 320 320 320 320 320 320 320 320 320 320 320 320 320 320 320 320 320 320 320 320 320 320 320 320 320 320 320 320 320 320 320 320 320 320 320 320 320 320 320 320 320 320 336 320 320 87 118 119 120 121 122 123 1 73 73 58 58 36 36 68 68 81 0 87 20 88 89 90 20 21 22 23 24
https://www.eatingbirdfood.com/sweet-potato-black-bean-enchilada-bake/print/34199/
329:  329 329 87 116 117 320
