https://cybercook.com.br/
0:  1 2 3 4 5 1 1 2 3 4 5 6 6 6 7 7 7 8 8 8 9 9 9 10 10 10 11 11 11 12 12 12 13 13 13 13 13 13 14 15 16 17 18 14 19 19 19 19 19 20 20 20 20 20 21 21 21 21 21 22 22 22 22 22 23 23 23 23 23 24 24 24 24 24 25 25 25 25 25 26 26 26 26 26 27 27 27 27 27 28 28 28 28 29 29 29 29 30 30 30 30 31 31 31 31 32 32 32 32 33 33 33 33 34 34 34 34 35 35 35 35 36 36 36 36 37 37 37 37 38 38 38 38 39 39 39 39 40 40 40 40 41 41 41 41 42 42 42 42 43 43 43 43 44 44 44 44 45 45 45 45 46 0 47 48 49 50 51 52 53 54 55 56 57 58 59 60 61 62 63 64 65 66 67 68 69 70 71
https://cybercook.com.br/receitas/massas/receita-de-nhoque-de-batata-doce-791
1:  0 72 68 73 10 1 1 74 75 75 73 75 76 76 77 77 78 78 79 79 80 80 81 81 76 77 78 68 82 83 84 85 86 87 88 89 90 91 7 8 6 9 11 10 15 15 16 16 17 17 92 92 93 93 94 94 95 95 96 96 97 97 0 47 48 49 50 51 52 53 54 55 56 57 58 59 60 61 62 63 64 65 66 67 68 69 70 71 98
https://cybercook.com.br/receitas
72:  46
https://cybercook.com.br/termos-de-uso
73:  0 75 75 99 75 75 99 0 47 48 49 50 51 52 53 54 55 56 57 58 59 60 61 62 63 64 65 66 67 68 69 70 71
https://lista.cybercook.com.br/791
74:  100 101
https://cybercook.com.br/politica-de-privacidade
75:  0 102 73 0 47 48 49 50 51 52 53 54 55 56 57 58 59 60 61 62 63 64 65 66 67 68 69 70 71
https://cybercook.com.br/receitas/bolos/bolo-de-batata-doce-simples-106791
76:  0 72 103 73 76 76 104 75 75 73 75 105 105 106 106 107 107 77 77 108 108 81 81 105 106 107 109 110 84 111 112 113 114 115 90 7 8 6 9 11 10 15 15 16 16 17 17 116 116 117 117 118 118 119 119 120 120 121 121 0 47 48 49 50 51 52 53 54 55 56 57 58 59 60 61 62 63 64 65 66 67 68 69 70 71 98
https://cybercook.com.br/receitas/bolos
103:  0 72 122 122 122 123 123 123 124 124 124 125 125 125 126 126 126 127 127 127 128 128 128 129 129 129 130 130 130 131 131 131 132 132 132 133 133 133 134 134 134 135 135 135 136 136 136 137 137 137 138 138 138 139 139 139 140 140 140 141 141 141 142 142 142 143 143 143 144 144 144 145 145 145 146 146 146 147 147 147 148 148 148 149 149 149 150 150 150 151 151 151 152 152 152 153 153 153 154 154 154 155 155 155 156 156 156 157 157 157 158 158 158 159 159 159 160 160 160 161 161 161 103 103 103 7 8 6 9 11 10 15 15 16 16 17 17 116 116 117 117 118 118 119 119 120 120 121 121 0 47 48 49 50 51 52 53 54 55 56 57 58 59 60 61 62 63 64 65 66 67 68 69 70 71
https://cybercook.com.br/receitas/bolos/pao-de-lo-8677
128:  0 72 103 73 128 128 162 75 75 73 75 163 163 164 164 165 165 166 166 167 167 168 168 163 164 165 109 169 111 85 86 112 88 89 170 171 115 7 8 6 9 11 10 15 15 16 16 17 17 116 116 117 117 118 118 119 119 120 120 121 121 0 47 48 49 50 51 52 53 54 55 56 57 58 59 60 61 62 63 64 65 66 67 68 69 70 71 98
https://lista.cybercook.com.br/8677
162:  172 101
https://cybercook.com.br/receitas/bolos/rocambole-17354
163:  0 72 103 73 163 163 173 75 75 73 75 174 174 175 175 176 176 177 177 166 166 178 178 174 175 176 179 110 180 181 182 183 111 184 86 185 186 187 89 171 115 7 8 6 9 11 10 15 15 16 16 17 17 116 116 117 117 118 118 119 119 120 120 121 121 0 47 48 49 50 51 52 53 54 55 56 57 58 59 60 61 62 63 64 65 66 67 68 69 70 71 98
https://lista.cybercook.com.br/17354
173:  188 101
https://cybercook.com.br/receitas/bolos/receita-de-rocambole-de-doce-de-leite-facil-7663
174:  0 72 103 73 174 174 189 75 75 73 75 190 190 191 191 192 192 193 193 194 194 195 195 190 191 192 179 110 180 196 197 87 89 115 198 7 8 6 9 11 10 15 15 16 16 17 17 116 116 117 117 118 118 119 119 120 120 121 121 0 47 48 49 50 51 52 53 54 55 56 57 58 59 60 61 62 63 64 65 66 67 68 69 70 71 98
https://cybercook.com.br/receitas/doces/pave-de-doce-de-leite-26751
192:  0 72 70 73 192 192 199 75 75 73 75 200 200 201 201 202 202 203 203 204 204 205 205 200 201 202 110 181 206 207 182 208 209 197 186 210 89 171 211 212 213 214 215 7 8 6 9 11 10 15 15 16 16 17 17 216 216 217 217 218 218 219 219 220 220 221 221 0 47 48 49 50 51 52 53 54 55 56 57 58 59 60 61 62 63 64 65 66 67 68 69 70 71 98
https://lista.cybercook.com.br/26751
199:  222 101
https://cybercook.com.br/receitas/doces/pave-de-bis-93109
200:  0 72 70 73 200 200 223 75 75 73 75 201 201 224 224 204 204 19 19 205 205 225 225 201 224 204 110 206 226 227 228 185 186 89 214 229 7 8 6 9 11 10 15 15 16 16 17 17 216 216 217 217 218 218 219 219 220 220 221 221 0 47 48 49 50 51 52 53 54 55 56 57 58 59 60 61 62 63 64 65 66 67 68 69 70 71 98
https://cybercook.com.br/receitas/doces/pave-de-limao-rapido-8887
224:  0 72 70 73 224 224 230 75 75 73 75 19 19 200 200 201 201 204 204 225 225 203 203 19 200 201 110 206 207 231 186 89 232 233 234 235 214 236 237 7 8 6 9 11 10 15 15 16 16 17 17 216 216 217 217 218 218 219 219 220 220 221 221 0 47 48 49 50 51 52 53 54 55 56 57 58 59 60 61 62 63 64 65 66 67 68 69 70 71 98
https://lista.cybercook.com.br/8887
230:  238 101
https://cybercook.com.br/receitas/biscoito-maisena
231:  0 72 239 239 239 224 224 224 240 240 240 241 241 241 242 242 242 243 243 243 244 244 244 245 245 245 246 246 246 247 247 247 248 248 248 249 249 249 250 250 250 251 251 251 252 252 252 253 253 253 204 204 204 254 254 254 255 255 255 256 256 256 257 257 257 258 258 258 195 195 195 259 259 259 260 260 260 261 261 261 262 262 262 263 263 263 264 264 264 265 265 265 266 266 266 267 267 267 268 268 268 269 269 269 270 270 270 271 271 271 272 272 272 273 273 273 274 274 274 275 275 275 231 231 231 7 8 6 9 11 10 15 15 16 16 17 17 276 276 277 277 278 278 279 279 280 280 281 281 0 47 48 49 50 51 52 53 54 55 56 57 58 59 60 61 62 63 64 65 66 67 68 69 70 71
https://cybercook.com.br/receitas/doces/pave-de-amendoim-1316
256:  0 72 70 73 256 256 282 75 75 73 75 283 283 284 284 285 285 286 286 287 287 288 288 283 284 285 110 206 207 289 231 112 185 186 187 234 212 214 290 291 7 8 6 9 11 10 15 15 16 16 17 17 216 216 217 217 218 218 219 219 220 220 221 221 0 47 48 49 50 51 52 53 54 55 56 57 58 59 60 61 62 63 64 65 66 67 68 69 70 71 98
https://cybercook.com.br/receitas/bolos/receita-de-bolo-de-pacoca-16289
288:  0 72 103 73 288 288 292 75 75 73 75 283 283 293 293 284 284 285 285 294 294 287 287 283 293 284 295 110 180 206 296 186 89 115 213 297 290 298 7 8 6 9 11 10 15 15 16 16 17 17 116 116 117 117 118 118 119 119 120 120 121 121 0 47 48 49 50 51 52 53 54 55 56 57 58 59 60 61 62 63 64 65 66 67 68 69 70 71 98
https://lista.cybercook.com.br/16289
292:  299 101
https://cybercook.com.br/receitas/bolos/receita-de-bolo-de-amendoim-cafe-e-chocolate-14538
293:  0 72 103 73 293 293 300 75 75 73 75 285 285 256 256 286 286 294 294 288 288 287 287 285 256 286 301 295 110 180 206 289 183 302 227 111 303 112 186 89 304 305 290 7 8 6 9 11 10 15 15 16 16 17 17 116 116 117 117 118 118 119 119 120 120 121 121 0 47 48 49 50 51 52 53 54 55 56 57 58 59 60 61 62 63 64 65 66 67 68 69 70 71 98
https://lista.cybercook.com.br/14538
300:  306 101
https://cybercook.com.br/receitas/receitas-de-bolo-de-chocolate
301:  0 72 122 122 122 123 123 123 132 132 132 135 135 135 140 140 140 143 143 143 147 147 147 148 148 148 159 159 159 307 307 307 308 308 308 309 309 309 310 310 310 311 311 311 312 312 312 313 313 313 314 314 314 315 315 315 316 316 316 317 317 317 318 318 318 319 319 319 320 320 320 321 321 321 322 322 322 323 323 323 324 324 324 325 325 325 326 326 326 327 327 327 328 328 328 329 329 329 330 330 330 331 331 331 332 332 332 333 333 333 334 334 334 335 335 335 336 336 336 337 337 337 301 301 301 7 8 6 9 11 10 15 15 16 16 17 17 276 276 277 277 278 278 279 279 280 280 281 281 0 47 48 49 50 51 52 53 54 55 56 57 58 59 60 61 62 63 64 65 66 67 68 69 70 71
https://cybercook.com.br/receitas/bolos/receita-de-bolo-de-chocolate-e-aveia-1753
307:  0 72 103 73 307 307 338 75 75 73 75 309 309 148 148 123 123 140 140 147 147 122 122 309 148 123 339 301 295 109 340 341 342 227 85 185 187 89 343 115 7 8 6 9 11 10 15 15 16 16 17 17 116 116 117 117 118 118 119 119 120 120 121 121 0 47 48 49 50 51 52 53 54 55 56 57 58 59 60 61 62 63 64 65 66 67 68 69 70 71 98
https://lista.cybercook.com.br/1753
338:  344 101
https://cybercook.com.br/receitas/natal
339:  0 72 122 122 122 123 123 123 124 124 124 125 125 125 127 127 127 345 345 345 346 346 346 347 347 347 130 130 130 348 348 348 132 132 132 135 135 135 349 349 349 350 350 350 136 136 136 351 351 351 138 138 138 352 352 352 239 239 239 140 140 140 143 143 143 353 353 353 354 354 354 355 355 355 145 145 145 356 356 356 146 146 146 147 147 147 148 148 148 357 357 357 358 358 358 149 149 149 359 359 359 151 151 151 152 152 152 360 360 360 361 361 361 57 57 57 362 362 362 153 153 153 339 339 339 7 8 6 9 11 10 15 15 16 16 17 17 276 276 277 277 278 278 279 279 280 280 281 281 0 47 48 49 50 51 52 53 54 55 56 57 58 59 60 61 62 63 64 65 66 67 68 69 70 71
https://cybercook.com.br/receitas/lanches/receita-de-torta-de-liquidificador-548
352:  0 72 363 73 352 352 364 75 75 73 75 365 365 366 366 354 354 362 362 351 351 367 367 365 366 354 339 368 110 369 363 181 86 185 370 87 371 372 373 89 374 375 115 376 377 378 7 8 6 9 11 10 15 15 16 16 17 17 277 277 280 280 281 281 379 379 380 380 381 381 0 47 48 49 50 51 52 53 54 55 56 57 58 59 60 61 62 63 64 65 66 67 68 69 70 71 98
https://cybercook.com.br/receitas/lanches
363:  0 72 382 382 382 383 383 383 347 347 347 384 384 384 385 385 385 351 351 351 386 386 386 352 352 352 387 387 387 354 354 354 388 388 388 389 389 389 390 390 390 391 391 391 362 362 362 392 392 392 393 393 393 394 394 394 395 395 395 396 396 396 397 397 397 36 36 36 398 398 398 399 399 399 400 400 400 401 401 401 402 402 402 403 403 403 404 404 404 405 405 405 406 406 406 41 41 41 407 407 407 408 408 408 409 409 409 410 410 410 366 366 366 411 411 411 412 412 412 413 413 413 363 363 363 7 8 6 9 11 10 15 15 16 16 17 17 277 277 280 280 281 281 379 379 380 380 381 381 0 47 48 49 50 51 52 53 54 55 56 57 58 59 60 61 62 63 64 65 66 67 68 69 70 71
https://cybercook.com.br/receitas/lanches/bolinho-de-arroz-327
384:  0 72 363 73 10 384 384 414 75 75 73 75 415 415 416 416 417 417 418 418 419 419 420 420 415 416 417 421 110 422 423 424 363 425 86 185 87 371 89 115 215 426 427 7 8 6 9 11 10 15 15 16 16 17 17 277 277 280 280 281 281 379 379 380 380 381 381 0 47 48 49 50 51 52 53 54 55 56 57 58 59 60 61 62 63 64 65 66 67 68 69 70 71 98
https://cybercook.com.br/receitas/lanches/bolinho-de-arroz-diferente-14615
416:  0 72 363 73 416 416 428 75 75 73 75 415 415 420 420 429 429 418 418 430 430 417 417 415 420 429 421 110 423 424 363 425 431 86 432 87 433 434 435 436 371 437 438 115 377 7 8 6 9 11 10 15 15 16 16 17 17 277 277 280 280 281 281 379 379 380 380 381 381 0 47 48 49 50 51 52 53 54 55 56 57 58 59 60 61 62 63 64 65 66 67 68 69 70 71 98
https://lista.cybercook.com.br/14615
428:  439 101
https://cybercook.com.br/receitas/acompanhamentos/receita-de-bolinho-de-arroz-de-forno-77632
429:  0 72 440 73 429 429 441 75 75 73 75 442 442 443 443 444 444 445 445 446 446 447 447 442 443 444 421 110 448 423 449 431 436 371 89 450 7 8 6 9 11 10 15 15 16 16 17 17 451 451 452 452 453 453 454 454 455 455 456 456 0 47 48 49 50 51 52 53 54 55 56 57 58 59 60 61 62 63 64 65 66 67 68 69 70 71 98
https://cybercook.com.br/receitas/amidos
448:  0 72 443 443 443 457 457 457 458 458 458 459 459 459 460 460 460 461 461 461 462 462 462 407 407 407 463 463 463 464 464 464 465 465 465 466 466 466 467 467 467 468 468 468 469 469 469 470 470 470 471 471 471 472 472 472 473 473 473 474 474 474 475 475 475 476 476 476 477 477 477 478 478 478 479 479 479 480 480 480 481 481 481 482 482 482 483 483 483 484 484 484 485 485 485 486 486 486 487 487 487 488 488 488 489 489 489 490 490 490 491 491 491 492 492 492 493 493 493 494 494 494 448 448 448 7 8 6 9 11 10 15 15 16 16 17 17 495 495 496 496 497 497 498 498 499 499 500 500 0 47 48 49 50 51 52 53 54 55 56 57 58 59 60 61 62 63 64 65 66 67 68 69 70 71
https://cybercook.com.br/receitas/acompanhamentos/sufle-de-cenoura-364
457:  0 72 440 73 457 457 501 75 75 73 75 502 502 503 503 504 504 505 505 506 506 507 507 502 503 504 448 508 340 206 509 510 111 85 86 112 185 187 87 89 377 215 11 6 7 8 6 9 11 10 15 15 16 16 17 17 451 451 452 452 453 453 454 454 455 455 456 456 0 47 48 49 50 51 52 53 54 55 56 57 58 59 60 61 62 63 64 65 66 67 68 69 70 71 98
https://lista.cybercook.com.br/364
501:  511 101
https://cybercook.com.br/receitas/acompanhamentos/sufle-de-legumes-1038
502:  0 72 440 73 502 502 512 75 75 73 75 513 513 503 503 504 504 514 514 457 457 507 507 513 503 504 65 508 340 226 510 515 111 85 185 210 516 371 517 518 89 90 7 8 6 9 11 10 15 15 16 16 17 17 451 451 452 452 453 453 454 454 455 455 456 456 0 47 48 49 50 51 52 53 54 55 56 57 58 59 60 61 62 63 64 65 66 67 68 69 70 71 98
https://lista.cybercook.com.br/1038
512:  519 101
https://cybercook.com.br/receitas/doces/receita-de-sufle-de-chocolate-1009
513:  0 72 70 73 513 513 520 75 75 73 75 503 503 504 504 507 507 506 506 505 505 514 514 503 504 507 339 508 521 340 522 227 523 111 85 112 210 517 524 89 7 8 6 9 11 10 15 15 16 16 17 17 216 216 217 217 218 218 219 219 220 220 221 221 0 47 48 49 50 51 52 53 54 55 56 57 58 59 60 61 62 63 64 65 66 67 68 69 70 71 98
https://lista.cybercook.com.br/1009
520:  525 101
https://cybercook.com.br/receitas/mousses-e-pudins
521:  0 72 345 345 345 346 346 346 348 348 348 526 526 526 353 353 353 527 527 527 356 356 356 528 528 528 529 529 529 530 530 530 531 531 531 532 532 532 361 361 361 533 533 533 534 534 534 535 535 535 536 536 536 537 537 537 538 538 538 539 539 539 540 540 540 541 541 541 542 542 542 543 543 543 544 544 544 545 545 545 546 546 546 547 547 547 548 548 548 549 549 549 550 550 550 551 551 551 552 552 552 553 553 553 554 554 554 555 555 555 556 556 556 557 557 557 558 558 558 559 559 559 521 521 521 7 8 6 9 11 10 15 15 16 16 17 17 560 560 561 561 562 562 563 563 564 564 565 565 0 47 48 49 50 51 52 53 54 55 56 57 58 59 60 61 62 63 64 65 66 67 68 69 70 71
https://cybercook.com.br/receitas/doces/brigadeirao-de-microondas-1415
526:  0 72 70 73 526 526 566 75 75 73 75 255 255 529 529 567 567 533 533 568 568 569 569 255 529 567 570 110 521 206 571 186 187 572 517 89 573 7 8 6 9 11 10 15 15 16 16 17 17 216 216 217 217 218 218 219 219 220 220 221 221 0 47 48 49 50 51 52 53 54 55 56 57 58 59 60 61 62 63 64 65 66 67 68 69 70 71 98
https://lista.cybercook.com.br/1415
566:  574 101
https://cybercook.com.br/receitas/doces/receita-de-brigadeirao-branco-de-microondas-11108
567:  0 72 70 73 567 567 575 75 75 73 75 576 576 577 577 568 568 353 353 578 578 533 533 576 577 568 339 570 110 521 206 571 186 210 572 517 524 89 573 7 8 6 9 11 10 15 15 16 16 17 17 216 216 217 217 218 218 219 219 220 220 221 221 0 47 48 49 50 51 52 53 54 55 56 57 58 59 60 61 62 63 64 65 66 67 68 69 70 71 98
https://cybercook.com.br/receitas/doces/receita-de-o-brigadeirao-da-marci-40928
576:  0 72 70 73 576 576 579 75 75 73 75 255 255 569 569 568 568 578 578 533 533 577 577 255 569 568 110 521 206 571 227 186 517 89 573 305 7 8 6 9 11 10 15 15 16 16 17 17 216 216 217 217 218 218 219 219 220 220 221 221 0 47 48 49 50 51 52 53 54 55 56 57 58 59 60 61 62 63 64 65 66 67 68 69 70 71 98
https://lista.cybercook.com.br/40928
579:  580 101
https://cybercook.com.br/receitas/doces/receita-de-brigadeirao-81872
577:  0 72 70 73 577 577 581 75 75 73 75 353 353 255 255 576 576 569 569 567 567 578 578 353 255 576 110 521 206 571 227 582 186 517 89 573 305 583 584 7 8 6 9 11 10 15 15 16 16 17 17 216 216 217 217 218 218 219 219 220 220 221 221 0 47 48 49 50 51 52 53 54 55 56 57 58 59 60 61 62 63 64 65 66 67 68 69 70 71 98
https://cybercook.com.br/receitas/receitas-sem-lactose
584:  0 72 347 363 347 154 103 154 157 103 157 585 585 586 586 587 587 408 408 588 588 589 589 590 590 244 244 205 205 591 591 592 592 593 593 594 594 595 595 596 596 577 577 597 597 598 598 599 599 600 600 601 601 602 602 195 195 603 603 604 604 605 605 606 606 584 584 584 7 8 6 9 11 10 15 15 16 16 17 17 116 116 117 117 118 118 119 119 120 120 121 121 0 47 48 49 50 51 52 53 54 55 56 57 58 59 60 61 62 63 64 65 66 67 68 69 70 71 98
https://cybercook.com.br/receitas/doces/rabanada-1245
585:  0 72 70 73 585 585 607 75 75 73 75 608 608 609 609 610 610 611 611 612 612 613 613 608 609 610 614 169 615 85 185 186 87 616 89 617 375 618 584 7 8 6 9 11 10 15 15 16 16 17 17 216 216 217 217 218 218 219 219 220 220 221 221 0 47 48 49 50 51 52 53 54 55 56 57 58 59 60 61 62 63 64 65 66 67 68 69 70 71 98
https://cybercook.com.br/receitas/doces/receita-de-rabanada-com-calda-80921
608:  0 72 70 73 608 608 619 75 75 73 75 585 585 609 609 620 620 611 611 358 358 612 612 585 609 620 339 614 621 616 89 622 7 8 6 9 11 10 15 15 16 16 17 17 216 216 217 217 218 218 219 219 220 220 221 221 0 47 48 49 50 51 52 53 54 55 56 57 58 59 60 61 62 63 64 65 66 67 68 69 70 71 98
https://cybercook.com.br/receitas/paes/receita-de-rabanada-de-panetone-58619
620:  0 72 12 73 620 620 623 75 75 73 75 610 610 613 613 624 624 609 609 358 358 612 612 610 613 624 339 12 625 111 626 616 89 627 628 7 8 6 9 11 10 15 15 16 16 17 17 629 629 630 630 631 631 632 632 633 633 634 634 0 47 48 49 50 51 52 53 54 55 56 57 58 59 60 61 62 63 64 65 66 67 68 69 70 71 98
https://lista.cybercook.com.br/58619
623:  635 101
https://cybercook.com.br/receitas/doces/como-fazer-rabanada-66385
624:  0 72 70 73 624 624 636 75 75 73 75 620 620 611 611 612 612 358 358 608 608 610 610 620 611 612 339 614 615 637 616 638 89 639 618 640 236 7 8 6 9 11 10 15 15 16 16 17 17 216 216 217 217 218 218 219 219 220 220 221 221 0 47 48 49 50 51 52 53 54 55 56 57 58 59 60 61 62 63 64 65 66 67 68 69 70 71 98
https://cybercook.com.br/receitas/casca-de-limao
640:  0 72 641 641 641 642 642 642 643 643 643 644 644 644 645 645 645 646 646 646 647 647 647 648 648 648 649 649 649 650 650 650 651 651 651 652 652 652 653 653 653 654 654 654 655 655 655 656 656 656 657 657 657 658 658 658 659 659 659 660 660 660 661 661 661 662 662 662 663 663 663 664 664 664 665 665 665 666 666 666 667 667 667 668 668 668 669 669 669 670 670 670 671 671 671 672 672 672 673 673 673 674 674 674 675 675 675 676 676 676 677 677 677 678 678 678 679 679 679 680 680 680 640 640 640 7 8 6 9 11 10 15 15 16 16 17 17 276 276 277 277 278 278 279 279 280 280 281 281 0 47 48 49 50 51 52 53 54 55 56 57 58 59 60 61 62 63 64 65 66 67 68 69 70 71
https://cybercook.com.br/receitas/bebidas/vinho-quente-64
641:  0 72 681 73 641 641 682 75 75 73 75 643 643 683 683 684 684 685 685 686 686 687 687 643 683 684 681 110 688 615 689 690 517 88 691 89 692 693 694 695 640 696 697 7 8 6 9 11 10 15 15 16 16 17 17 698 698 699 699 700 700 701 701 702 702 703 703 0 47 48 49 50 51 52 53 54 55 56 57 58 59 60 61 62 63 64 65 66 67 68 69 70 71 98
