https://www.cookinglight.com/
0:  0 0 0 1 2 3 4 5 6 7 8 9 1 0 0 0 10 0 11 0 12 1 2 3 4 5 6 7 8 1 0 0 0 13 13 13 14 14 14 15 15 15 0 16 17 18 19 20 21 22 23 24 25 26 10 0 27 28 29 30 31 32 33 11 0 34 35 36 37 34 38 39 12 1 2 3 4 5 6 7 8 9 40 41 42 43 44 44 45 11 45 46 11 46 47 12 47 48 49 48 50 51 25 22 23 52 52 0 0 0 0 0 0 11 11 53 11 53 54 11 54 55 11 55 56 11 56 12 12 57 12 57 58 12 58 59 12 59 60 12 60 10 10 61 62 61 63 64 63 65 35 65 66 62 66 0 1 10 5 67 68 69 40 41 42 43 2 0 70 71 72 73 74 75 76 77 78 79 80 81 82 83 84 85 86 87 88 89 90 91 92 93 94 95 96 97 98 99 100 101 102 103 104 105 106 107
https://www.cookinglight.com/account/signin
7:  108 109 7 7 7 109 103 104 105 106 107
https://www.cookinglight.com
108:  108 0 0 1 2 3 4 5 6 7 8 9 1 0 0 108 10 108 11 108 12 1 2 3 4 5 6 7 8 1 0 0 108 13 13 13 14 14 14 15 15 15 108 16 17 18 19 20 21 22 23 24 25 26 10 108 27 28 29 30 31 32 33 11 108 34 35 36 37 34 38 39 12 1 2 3 4 5 6 7 8 9 40 41 42 43 44 44 45 11 45 46 11 46 47 12 47 48 49 48 50 51 25 22 23 52 52 0 0 0 0 0 0 11 11 53 11 53 54 11 54 55 11 55 56 11 56 12 12 57 12 57 58 12 58 59 12 59 60 12 60 10 10 61 62 61 63 64 63 65 35 65 66 62 66 0 1 10 5 67 68 69 40 41 42 43 2 108 70 71 72 73 74 75 76 77 78 79 80 81 82 83 84 85 86 87 88 89 90 91 92 93 94 95 96 97 98 99 100 101 102 103 104 105 106 107
https://www.cookinglight.com/account/signup
109:  108 7 109 109 109 7 103 104 105 106 107
https://www.cookinglight.com/account/signout
8: 
https://www.cookinglight.com/eating-smart
11:  11 0 0 11 10 11 11 11 12 1 2 3 4 5 6 7 8 1 0 0 11 13 13 13 14 14 14 15 15 15 11 16 17 18 19 20 21 22 23 24 25 26 10 11 27 28 29 30 31 32 33 11 11 34 35 36 37 34 38 39 12 1 2 3 4 5 6 7 8 9 40 41 42 43 0 0 0 0 0 0 0 0 50 51 25 22 23 0 0 0 0 0 0 0 0 0 0 0 0 0 0 0 0 0 0 0 0 0 0 0 1 10 5 67 68 69 40 41 42 43 2 11 70 71 72 73 74 75 76 77 78 79 80 81 82 83 84 85 86 87 88 89 90 91 92 93 94 95 96 97 98 99 100 101 102 103 104 105 106 107
https://www.cookinglight.com/news
12:  12 0 0 12 10 12 11 12 12 1 2 3 4 5 6 7 8 1 0 0 12 13 13 13 14 14 14 15 15 15 12 16 17 18 19 20 21 22 23 24 25 26 10 12 27 28 29 30 31 32 33 11 12 34 35 36 37 34 38 39 12 1 2 3 4 5 6 7 8 9 40 41 42 43 0 0 0 0 0 0 0 0 0 0 0 0 0 0 0 0 0 0 0 0 0 0 0 1 10 5 67 68 69 40 41 42 43 2 12 70 71 72 73 74 75 76 77 78 79 80 81 82 83 84 85 86 87 88 89 90 91 92 93 94 95 96 97 98 99 100 101 102 103 104 105 106 107
https://www.cookinglight.com/healthy-living/weight-loss/31-day-healthy-meal-plans
13:  13 0 0 13 10 13 11 13 12 1 2 3 4 5 6 7 8 1 110 111 0 0 13 13 13 13 14 14 14 15 15 15 13 16 17 18 19 20 21 22 23 24 25 26 10 13 27 28 29 30 31 32 33 11 13 34 35 36 37 34 38 39 12 1 2 3 4 5 6 7 8 9 40 41 42 43 0 64 112 13 110 10 13 110 111 113 114 115 110 110 111 113 114 115 110 111 113 114 115 110 116 110 111 113 114 115 110 117 118 110 111 113 114 115 110 119 120 110 111 113 114 115 110 121 110 111 113 114 115 110 122 110 111 113 114 115 110 123 124 110 111 113 114 115 110 125 126 10 110 111 113 114 115 110 127 110 111 113 114 115 110 128 110 111 113 114 115 110 129 110 111 113 114 115 110 130 110 111 113 114 115 110 131 110 111 113 114 115 110 132 110 111 113 114 115 110 130 133 110 111 113 114 115 110 134 135 110 111 113 114 115 110 136 137 110 111 113 114 115 110 138 110 111 113 114 115 110 139 110 111 113 114 115 110 140 110 111 113 114 115 110 141 110 111 113 114 115 110 142 143 110 111 113 114 115 110 144 10 110 111 113 114 115 110 145 110 111 113 114 115 110 146 110 111 113 114 115 110 147 148 110 111 113 114 115 110 149 110 111 113 114 115 110 117 110 111 113 114 115 110 150 151 110 111 113 114 115 110 110 111 113 114 115 110 152 10 110 111 113 114 115 110 153 13 110 111 13 13 112 110 111 13 111 113 114 115 0 1 10 5 67 68 69 40 41 42 43 2 13 70 71 72 73 74 75 76 77 78 79 80 81 82 83 84 85 86 87 88 89 90 91 92 93 94 95 96 97 98 99 100 101 102 103 104 105 106 107
https://www.cookinglight.com/recipes/chili-chorizo-nachos
128:  128 0 0 128 10 128 11 128 12 1 2 3 4 5 6 7 8 1 110 111 0 0 128 13 13 13 14 14 14 15 15 15 128 16 17 18 19 20 21 22 23 24 25 26 10 128 27 28 29 30 31 32 33 11 128 34 35 36 37 34 38 39 12 1 2 3 4 5 6 7 8 9 40 41 42 43 0 154 111 110 113 155 114 156 2 0 1 10 5 67 68 69 40 41 42 43 2 128 70 71 72 73 74 75 76 77 78 79 80 81 82 83 84 85 86 87 88 89 90 91 92 93 94 95 96 97 98 99 100 101 102 103 104 105 106 107
https://www.cookinglight.com/author/jamie-vespa-ms-rd
154:  154 0 0 154 10 154 11 154 12 1 2 3 4 5 6 7 8 1 0 0 154 13 13 13 14 14 14 15 15 15 154 16 17 18 19 20 21 22 23 24 25 26 10 154 27 28 29 30 31 32 33 11 154 34 35 36 37 34 38 39 12 1 2 3 4 5 6 7 8 9 40 41 42 43 157 157 158 158 159 159 160 160 161 161 162 162 163 163 164 164 165 165 166 166 167 167 168 168 169 169 170 170 171 171 172 172 173 173 174 174 175 175 176 176 177 177 178 178 179 179 154 0 1 10 5 67 68 69 40 41 42 43 2 154 70 71 72 73 74 75 76 77 78 79 80 81 82 83 84 85 86 87 88 89 90 91 92 93 94 95 96 97 98 99 100 101 102 103 104 105 106 107
https://www.cookinglight.com/food/6-grain-bowls-that-make-the-most-of-fall-produce
157:  157 0 0 157 10 157 11 157 12 1 2 3 4 5 6 7 8 1 110 111 0 0 157 13 13 13 14 14 14 15 15 15 157 16 17 18 19 20 21 22 23 24 25 26 10 157 27 28 29 30 31 32 33 11 157 34 35 36 37 34 38 39 12 1 2 3 4 5 6 7 8 9 40 41 42 43 0 154 157 110 157 110 111 113 114 115 110 110 111 113 114 115 110 180 110 111 113 114 115 110 181 110 111 113 114 115 110 182 110 111 113 114 115 110 183 184 110 111 113 114 115 110 185 110 111 113 114 115 110 186 157 110 111 157 157 154 110 111 157 111 113 114 115 0 1 10 5 67 68 69 40 41 42 43 2 157 70 71 72 73 74 75 76 77 78 79 80 81 82 83 84 85 86 87 88 89 90 91 92 93 94 95 96 97 98 99 100 101 102 103 104 105 106 107
https://www.cookinglight.com/recipes/charred-cabbage-with-butternut-miso-mash
180:  180 0 0 180 10 180 11 180 12 1 2 3 4 5 6 7 8 1 110 111 0 0 180 13 13 13 14 14 14 15 15 15 180 16 17 18 19 20 21 22 23 24 25 26 10 180 27 28 29 30 31 32 33 11 180 34 35 36 37 34 38 39 12 1 2 3 4 5 6 7 8 9 40 41 42 43 0 16 110 154 111 110 113 155 114 156 2 0 1 10 5 67 68 69 40 41 42 43 2 180 70 71 72 73 74 75 76 77 78 79 80 81 82 83 84 85 86 87 88 89 90 91 92 93 94 95 96 97 98 99 100 101 102 103 104 105 106 107
https://www.cookinglight.com/recipes/brussels-and-quinoa-bowl-with-orange-thyme-vinaigrette
181:  181 0 0 181 10 181 11 181 12 1 2 3 4 5 6 7 8 1 110 111 0 0 181 13 13 13 14 14 14 15 15 15 181 16 17 18 19 20 21 22 23 24 25 26 10 181 27 28 29 30 31 32 33 11 181 34 35 36 37 34 38 39 12 1 2 3 4 5 6 7 8 9 40 41 42 43 0 16 110 154 111 110 113 155 114 156 2 0 1 10 5 67 68 69 40 41 42 43 2 181 70 71 72 73 74 75 76 77 78 79 80 81 82 83 84 85 86 87 88 89 90 91 92 93 94 95 96 97 98 99 100 101 102 103 104 105 106 107
https://www.cookinglight.com/recipes/kale-and-lentil-bowl-with-thai-almond-sauce
182:  182 0 0 182 10 182 11 182 12 1 2 3 4 5 6 7 8 1 110 111 0 0 182 13 13 13 14 14 14 15 15 15 182 16 17 18 19 20 21 22 23 24 25 26 10 182 27 28 29 30 31 32 33 11 182 34 35 36 37 34 38 39 12 1 2 3 4 5 6 7 8 9 40 41 42 43 0 16 110 154 111 110 113 155 114 156 2 0 1 10 5 67 68 69 40 41 42 43 2 182 70 71 72 73 74 75 76 77 78 79 80 81 82 83 84 85 86 87 88 89 90 91 92 93 94 95 96 97 98 99 100 101 102 103 104 105 106 107
https://www.cookinglight.com/recipes/broccoli-fried-rice-with-kimchi-cream
183:  183 0 0 183 10 183 11 183 12 1 2 3 4 5 6 7 8 1 110 111 0 0 183 13 13 13 14 14 14 15 15 15 183 16 17 18 19 20 21 22 23 24 25 26 10 183 27 28 29 30 31 32 33 11 183 34 35 36 37 34 38 39 12 1 2 3 4 5 6 7 8 9 40 41 42 43 0 16 110 154 111 110 113 155 114 156 184 2 0 1 10 5 67 68 69 40 41 42 43 2 183 70 71 72 73 74 75 76 77 78 79 80 81 82 83 84 85 86 87 88 89 90 91 92 93 94 95 96 97 98 99 100 101 102 103 104 105 106 107
https://www.cookinglight.com/recipes/broccoli-rabe-and-barley-bowl-with-cilantro-pesto
185:  185 0 0 185 10 185 11 185 12 1 2 3 4 5 6 7 8 1 110 111 0 0 185 13 13 13 14 14 14 15 15 15 185 16 17 18 19 20 21 22 23 24 25 26 10 185 27 28 29 30 31 32 33 11 185 34 35 36 37 34 38 39 12 1 2 3 4 5 6 7 8 9 40 41 42 43 0 16 110 154 111 110 113 155 114 156 2 0 1 10 5 67 68 69 40 41 42 43 2 185 70 71 72 73 74 75 76 77 78 79 80 81 82 83 84 85 86 87 88 89 90 91 92 93 94 95 96 97 98 99 100 101 102 103 104 105 106 107
https://www.cookinglight.com/recipes/crispy-cauliflower-with-chili-tahini-sauce-and-farro-pilaf
186:  186 0 0 186 10 186 11 186 12 1 2 3 4 5 6 7 8 1 110 111 0 0 186 13 13 13 14 14 14 15 15 15 186 16 17 18 19 20 21 22 23 24 25 26 10 186 27 28 29 30 31 32 33 11 186 34 35 36 37 34 38 39 12 1 2 3 4 5 6 7 8 9 40 41 42 43 0 16 154 111 110 113 155 114 156 2 0 1 10 5 67 68 69 40 41 42 43 2 186 70 71 72 73 74 75 76 77 78 79 80 81 82 83 84 85 86 87 88 89 90 91 92 93 94 95 96 97 98 99 100 101 102 103 104 105 106 107
https://www.cookinglight.com/food/recipe-finder/12-easy-weeknight-seafood-dinners
158:  158 0 0 158 10 158 11 158 12 1 2 3 4 5 6 7 8 1 110 111 0 0 158 13 13 13 14 14 14 15 15 15 158 16 17 18 19 20 21 22 23 24 25 26 10 158 27 28 29 30 31 32 33 11 158 34 35 36 37 34 38 39 12 1 2 3 4 5 6 7 8 9 40 41 42 43 0 16 187 154 158 110 158 110 111 113 114 115 110 188 110 111 113 114 115 110 189 110 111 113 114 115 110 190 110 111 113 114 115 110 191 110 111 113 114 115 110 110 111 113 114 115 110 192 110 111 113 114 115 110 193 110 111 113 114 115 110 194 110 111 113 114 115 110 110 111 113 114 115 110 195 110 111 113 114 115 110 196 110 111 113 114 115 110 197 110 111 113 114 115 110 110 111 113 114 115 110 198 110 111 113 114 115 110 199 110 111 113 114 115 110 200 158 110 111 158 158 187 154 110 111 158 111 113 114 115 0 1 10 5 67 68 69 40 41 42 43 2 158 70 71 72 73 74 75 76 77 78 79 80 81 82 83 84 85 86 87 88 89 90 91 92 93 94 95 96 97 98 99 100 101 102 103 104 105 106 107
https://www.cookinglight.com/recipes/steamed-shrimp-and-watermelon-salad
192:  192 0 0 192 10 192 11 192 12 1 2 3 4 5 6 7 8 1 110 111 0 0 192 13 13 13 14 14 14 15 15 15 192 16 17 18 19 20 21 22 23 24 25 26 10 192 27 28 29 30 31 32 33 11 192 34 35 36 37 34 38 39 12 1 2 3 4 5 6 7 8 9 40 41 42 43 0 16 110 187 111 110 113 155 114 156 2 0 1 10 5 67 68 69 40 41 42 43 2 192 70 71 72 73 74 75 76 77 78 79 80 81 82 83 84 85 86 87 88 89 90 91 92 93 94 95 96 97 98 99 100 101 102 103 104 105 106 107
https://www.cookinglight.com/recipes/thai-pineapple-shrimp-curry
193:  193 0 0 193 10 193 11 193 12 1 2 3 4 5 6 7 8 1 110 111 0 0 193 13 13 13 14 14 14 15 15 15 193 16 17 18 19 20 21 22 23 24 25 26 10 193 27 28 29 30 31 32 33 11 193 34 35 36 37 34 38 39 12 1 2 3 4 5 6 7 8 9 40 41 42 43 0 16 110 187 111 110 113 155 114 156 2 0 1 10 5 67 68 69 40 41 42 43 2 193 70 71 72 73 74 75 76 77 78 79 80 81 82 83 84 85 86 87 88 89 90 91 92 93 94 95 96 97 98 99 100 101 102 103 104 105 106 107
https://www.cookinglight.com/recipes/simple-lemon-shrimp-and-prosciutto-pasta
194:  194 0 0 194 10 194 11 194 12 1 2 3 4 5 6 7 8 1 110 111 0 0 194 13 13 13 14 14 14 15 15 15 194 16 17 18 19 20 21 22 23 24 25 26 10 194 27 28 29 30 31 32 33 11 194 34 35 36 37 34 38 39 12 1 2 3 4 5 6 7 8 9 40 41 42 43 0 16 110 187 111 110 113 155 114 156 2 0 1 10 5 67 68 69 40 41 42 43 2 194 70 71 72 73 74 75 76 77 78 79 80 81 82 83 84 85 86 87 88 89 90 91 92 93 94 95 96 97 98 99 100 101 102 103 104 105 106 107
https://www.cookinglight.com/recipes/grilled-tuna-with-chunky-tapenade-salsa
195:  195 0 0 195 10 195 11 195 12 1 2 3 4 5 6 7 8 1 110 111 0 0 195 13 13 13 14 14 14 15 15 15 195 16 17 18 19 20 21 22 23 24 25 26 10 195 27 28 29 30 31 32 33 11 195 34 35 36 37 34 38 39 12 1 2 3 4 5 6 7 8 9 40 41 42 43 0 16 110 187 111 110 113 155 114 156 2 0 1 10 5 67 68 69 40 41 42 43 2 195 70 71 72 73 74 75 76 77 78 79 80 81 82 83 84 85 86 87 88 89 90 91 92 93 94 95 96 97 98 99 100 101 102 103 104 105 106 107
https://www.cookinglight.com/recipes/spice-rubbed-tuna-steaks-with-caramelized-fennel
196:  196 0 0 196 10 196 11 196 12 1 2 3 4 5 6 7 8 1 110 111 0 0 196 13 13 13 14 14 14 15 15 15 196 16 17 18 19 20 21 22 23 24 25 26 10 196 27 28 29 30 31 32 33 11 196 34 35 36 37 34 38 39 12 1 2 3 4 5 6 7 8 9 40 41 42 43 0 16 110 187 111 110 113 155 114 156 2 0 1 10 5 67 68 69 40 41 42 43 2 196 70 71 72 73 74 75 76 77 78 79 80 81 82 83 84 85 86 87 88 89 90 91 92 93 94 95 96 97 98 99 100 101 102 103 104 105 106 107
https://www.cookinglight.com/recipes/soy-marinated-tuna-skewers
197:  197 0 0 197 10 197 11 197 12 1 2 3 4 5 6 7 8 1 110 111 0 0 197 13 13 13 14 14 14 15 15 15 197 16 17 18 19 20 21 22 23 24 25 26 10 197 27 28 29 30 31 32 33 11 197 34 35 36 37 34 38 39 12 1 2 3 4 5 6 7 8 9 40 41 42 43 0 16 187 111 110 113 155 114 156 2 0 1 10 5 67 68 69 40 41 42 43 2 197 70 71 72 73 74 75 76 77 78 79 80 81 82 83 84 85 86 87 88 89 90 91 92 93 94 95 96 97 98 99 100 101 102 103 104 105 106 107
https://www.cookinglight.com/recipes/tilapia-and-summer-squash-tacos
198:  198 0 0 198 10 198 11 198 12 1 2 3 4 5 6 7 8 1 110 111 0 0 198 13 13 13 14 14 14 15 15 15 198 16 17 18 19 20 21 22 23 24 25 26 10 198 27 28 29 30 31 32 33 11 198 34 35 36 37 34 38 39 12 1 2 3 4 5 6 7 8 9 40 41 42 43 0 16 187 111 110 113 155 114 156 2 0 1 10 5 67 68 69 40 41 42 43 2 198 70 71 72 73 74 75 76 77 78 79 80 81 82 83 84 85 86 87 88 89 90 91 92 93 94 95 96 97 98 99 100 101 102 103 104 105 106 107
https://www.cookinglight.com/recipes/blackened-tilapia-poboys
199:  199 0 0 199 10 199 11 199 12 1 2 3 4 5 6 7 8 1 110 111 0 0 199 13 13 13 14 14 14 15 15 15 199 16 17 18 19 20 21 22 23 24 25 26 10 199 27 28 29 30 31 32 33 11 199 34 35 36 37 34 38 39 12 1 2 3 4 5 6 7 8 9 40 41 42 43 0 16 110 187 111 110 113 155 114 156 2 0 1 10 5 67 68 69 40 41 42 43 2 199 70 71 72 73 74 75 76 77 78 79 80 81 82 83 84 85 86 87 88 89 90 91 92 93 94 95 96 97 98 99 100 101 102 103 104 105 106 107
https://www.cookinglight.com/recipes/crispy-fish-with-scallions-and-peppers
200:  200 0 0 200 10 200 11 200 12 1 2 3 4 5 6 7 8 1 110 111 0 0 200 13 13 13 14 14 14 15 15 15 200 16 17 18 19 20 21 22 23 24 25 26 10 200 27 28 29 30 31 32 33 11 200 34 35 36 37 34 38 39 12 1 2 3 4 5 6 7 8 9 40 41 42 43 0 16 187 111 110 113 155 114 156 2 0 1 10 5 67 68 69 40 41 42 43 2 200 70 71 72 73 74 75 76 77 78 79 80 81 82 83 84 85 86 87 88 89 90 91 92 93 94 95 96 97 98 99 100 101 102 103 104 105 106 107
https://www.cookinglight.com/author/robin-bashinsky
187:  187 0 0 187 10 187 11 187 12 1 2 3 4 5 6 7 8 1 0 0 187 13 13 13 14 14 14 15 15 15 187 16 17 18 19 20 21 22 23 24 25 26 10 187 27 28 29 30 31 32 33 11 187 34 35 36 37 34 38 39 12 1 2 3 4 5 6 7 8 9 40 41 42 43 201 158 158 202 202 203 203 204 204 205 205 206 206 207 207 208 208 209 209 210 210 211 211 212 212 213 213 214 214 215 215 216 216 217 217 218 218 219 219 220 220 221 221 222 222 223 223 187 0 1 10 5 67 68 69 40 41 42 43 2 187 70 71 72 73 74 75 76 77 78 79 80 81 82 83 84 85 86 87 88 89 90 91 92 93 94 95 96 97 98 99 100 101 102 103 104 105 106 107
https://www.cookinglight.com/cooking-101/essential-ingredients/miso-types
202:  202 0 0 202 10 202 11 202 12 1 2 3 4 5 6 7 8 1 110 111 0 0 202 13 13 13 14 14 14 15 15 15 202 16 17 18 19 20 21 22 23 24 25 26 10 202 27 28 29 30 31 32 33 11 202 34 35 36 37 34 38 39 12 1 2 3 4 5 6 7 8 9 40 41 42 43 0 52 187 110 111 113 114 115 202 110 2 110 110 110 224 110 110 0 1 10 5 67 68 69 40 41 42 43 2 202 70 71 72 73 74 75 76 77 78 79 80 81 82 83 84 85 86 87 88 89 90 91 92 93 94 95 96 97 98 99 100 101 102 103 104 105 106 107
https://www.cookinglight.com/food/recipe-finder/ways-to-use-miso
224:  224 0 0 224 10 224 11 224 12 1 2 3 4 5 6 7 8 1 110 111 0 0 224 13 13 13 14 14 14 15 15 15 224 16 17 18 19 20 21 22 23 24 25 26 10 224 27 28 29 30 31 32 33 11 224 34 35 36 37 34 38 39 12 1 2 3 4 5 6 7 8 9 40 41 42 43 0 16 224 110 224 110 111 113 114 115 110 225 110 111 113 114 115 110 226 110 111 113 114 115 110 227 110 111 113 114 115 110 228 110 111 113 114 115 110 229 110 111 113 114 115 110 230 110 111 113 114 115 110 231 110 111 113 114 115 110 232 232 233 234 235 110 111 113 114 115 110 236 110 111 113 114 115 110 237 110 111 113 114 115 110 238 110 111 113 114 115 110 239 110 111 113 114 115 110 240 110 111 113 114 115 110 241 110 111 113 114 115 110 242 110 111 113 114 115 110 243 110 111 113 114 115 110 244 110 111 113 114 115 110 245 110 111 113 114 115 110 133 110 111 113 114 115 110 246 110 111 113 114 115 110 141 110 111 113 114 115 110 247 110 111 113 114 115 110 248 110 111 113 114 115 110 249 110 111 113 114 115 110 250 110 111 113 114 115 110 251 110 111 113 114 115 110 252 110 111 113 114 115 110 253 110 111 113 114 115 110 254 110 111 113 114 115 110 255 110 111 113 114 115 110 256 257 258 110 111 113 114 115 110 259 260 110 111 113 114 115 110 261 262 110 111 113 114 115 110 263 110 111 113 114 115 110 264 224 110 111 224 224 110 111 224 111 113 114 115 0 1 10 5 67 68 69 40 41 42 43 2 224 70 71 72 73 74 75 76 77 78 79 80 81 82 83 84 85 86 87 88 89 90 91 92 93 94 95 96 97 98 99 100 101 102 103 104 105 106 107
https://www.cookinglight.com/recipes/red-miso-shrimp-bisque
225:  225 0 0 225 10 225 11 225 12 1 2 3 4 5 6 7 8 1 110 111 0 0 225 13 13 13 14 14 14 15 15 15 225 16 17 18 19 20 21 22 23 24 25 26 10 225 27 28 29 30 31 32 33 11 225 34 35 36 37 34 38 39 12 1 2 3 4 5 6 7 8 9 40 41 42 43 0 16 110 187 111 110 113 155 114 156 2 0 1 10 5 67 68 69 40 41 42 43 2 225 70 71 72 73 74 75 76 77 78 79 80 81 82 83 84 85 86 87 88 89 90 91 92 93 94 95 96 97 98 99 100 101 102 103 104 105 106 107
https://www.cookinglight.com/recipes/miso-ranch-dip
226:  226 0 0 226 10 226 11 226 12 1 2 3 4 5 6 7 8 1 110 111 0 0 226 13 13 13 14 14 14 15 15 15 226 16 17 18 19 20 21 22 23 24 25 26 10 226 27 28 29 30 31 32 33 11 226 34 35 36 37 34 38 39 12 1 2 3 4 5 6 7 8 9 40 41 42 43 0 16 110 187 111 110 113 155 114 156 2 0 1 10 5 67 68 69 40 41 42 43 2 226 70 71 72 73 74 75 76 77 78 79 80 81 82 83 84 85 86 87 88 89 90 91 92 93 94 95 96 97 98 99 100 101 102 103 104 105 106 107
https://www.cookinglight.com/recipes/miso-deviled-eggs
227:  227 0 0 227 10 227 11 227 12 1 2 3 4 5 6 7 8 1 110 111 0 0 227 13 13 13 14 14 14 15 15 15 227 16 17 18 19 20 21 22 23 24 25 26 10 227 27 28 29 30 31 32 33 11 227 34 35 36 37 34 38 39 12 1 2 3 4 5 6 7 8 9 40 41 42 43 0 16 110 187 111 110 113 155 114 156 2 0 1 10 5 67 68 69 40 41 42 43 2 227 70 71 72 73 74 75 76 77 78 79 80 81 82 83 84 85 86 87 88 89 90 91 92 93 94 95 96 97 98 99 100 101 102 103 104 105 106 107
https://www.cookinglight.com/recipes/pasta-with-miso-cream-sauce
228:  228 0 0 228 10 228 11 228 12 1 2 3 4 5 6 7 8 1 110 111 0 0 228 13 13 13 14 14 14 15 15 15 228 16 17 18 19 20 21 22 23 24 25 26 10 228 27 28 29 30 31 32 33 11 228 34 35 36 37 34 38 39 12 1 2 3 4 5 6 7 8 9 40 41 42 43 0 16 110 187 111 110 113 155 114 156 2 0 1 10 5 67 68 69 40 41 42 43 2 228 70 71 72 73 74 75 76 77 78 79 80 81 82 83 84 85 86 87 88 89 90 91 92 93 94 95 96 97 98 99 100 101 102 103 104 105 106 107
https://www.cookinglight.com/recipes/oatmeal-raisin-skillet-cookie
229:  229 0 0 229 10 229 11 229 12 1 2 3 4 5 6 7 8 1 110 111 0 0 229 13 13 13 14 14 14 15 15 15 229 16 17 18 19 20 21 22 23 24 25 26 10 229 27 28 29 30 31 32 33 11 229 34 35 36 37 34 38 39 12 1 2 3 4 5 6 7 8 9 40 41 42 43 0 16 187 111 110 113 155 114 156 2 0 1 10 5 67 68 69 40 41 42 43 2 229 70 71 72 73 74 75 76 77 78 79 80 81 82 83 84 85 86 87 88 89 90 91 92 93 94 95 96 97 98 99 100 101 102 103 104 105 106 107
https://www.cookinglight.com/recipes/grilled-chicken-soba-noodles
260:  260 0 0 260 10 260 11 260 12 1 2 3 4 5 6 7 8 1 110 111 0 0 260 13 13 13 14 14 14 15 15 15 260 16 17 18 19 20 21 22 23 24 25 26 10 260 27 28 29 30 31 32 33 11 260 34 35 36 37 34 38 39 12 1 2 3 4 5 6 7 8 9 40 41 42 43 0 16 110 265 111 110 113 155 114 156 2 0 1 10 5 67 68 69 40 41 42 43 2 260 70 71 72 73 74 75 76 77 78 79 80 81 82 83 84 85 86 87 88 89 90 91 92 93 94 95 96 97 98 99 100 101 102 103 104 105 106 107
https://www.cookinglight.com/author/laraine-perri
265:  265 0 0 265 10 265 11 265 12 1 2 3 4 5 6 7 8 1 0 0 265 13 13 13 14 14 14 15 15 15 265 16 17 18 19 20 21 22 23 24 25 26 10 265 27 28 29 30 31 32 33 11 265 34 35 36 37 34 38 39 12 1 2 3 4 5 6 7 8 9 40 41 42 43 266 266 0 1 10 5 67 68 69 40 41 42 43 2 265 70 71 72 73 74 75 76 77 78 79 80 81 82 83 84 85 86 87 88 89 90 91 92 93 94 95 96 97 98 99 100 101 102 103 104 105 106 107
https://www.cookinglight.com/recipe/endive-salad-pasta-radicchio
266:  266 0 0 266 10 266 11 266 12 1 2 3 4 5 6 7 8 1 110 111 0 0 266 13 13 13 14 14 14 15 15 15 266 16 17 18 19 20 21 22 23 24 25 26 10 266 27 28 29 30 31 32 33 11 266 34 35 36 37 34 38 39 12 1 2 3 4 5 6 7 8 9 40 41 42 43 0 16 265 111 110 113 155 114 156 267 2 0 1 10 5 67 68 69 40 41 42 43 2 266 70 71 72 73 74 75 76 77 78 79 80 81 82 83 84 85 86 87 88 89 90 91 92 93 94 95 96 97 98 99 100 101 102 103 104 105 106 107
https://www.cookinglight.com/food/recipe-finder/cooking-with-chicken-thighs
267:  267 0 0 267 10 267 11 267 12 1 2 3 4 5 6 7 8 1 110 111 0 0 267 13 13 13 14 14 14 15 15 15 267 16 17 18 19 20 21 22 23 24 25 26 10 267 27 28 29 30 31 32 33 11 267 34 35 36 37 34 38 39 12 1 2 3 4 5 6 7 8 9 40 41 42 43 0 16 268 267 110 269 267 110 111 113 114 115 110 270 271 110 111 113 114 115 110 272 110 111 113 114 115 110 273 110 111 113 114 115 110 274 110 111 113 114 115 110 275 110 111 113 114 115 110 276 110 111 113 114 115 110 277 110 111 113 114 115 110 278 110 111 113 114 115 110 279 280 110 111 113 114 115 110 281 110 111 113 114 115 110 282 283 110 111 113 114 115 110 284 110 111 113 114 115 110 285 110 111 113 114 115 110 286 110 111 113 114 115 110 287 110 111 113 114 115 110 288 289 110 111 113 114 115 110 290 110 111 113 114 115 110 291 110 111 113 114 115 110 292 293 110 111 113 114 115 110 294 110 111 113 114 115 110 295 110 111 113 114 115 110 296 110 111 113 114 115 110 297 298 110 111 113 114 115 110 299 110 111 113 114 115 110 300 110 111 113 114 115 110 301 110 111 113 114 115 110 302 110 111 113 114 115 110 303 110 111 113 114 115 110 304 110 111 113 114 115 110 305 110 111 113 114 115 110 306 110 111 113 114 115 110 307 110 111 113 114 115 110 308 110 111 113 114 115 110 309 310 110 111 113 114 115 110 311 110 111 113 114 115 110 312 110 111 113 114 115 110 313 110 111 113 114 115 110 314 110 111 113 114 115 110 315 110 111 113 114 115 110 316 110 111 113 114 115 110 317 110 111 113 114 115 110 318 110 111 113 114 115 110 319 110 111 113 114 115 110 320 110 111 113 114 115 110 321 110 111 113 114 115 110 322 110 111 113 114 115 110 323 110 111 113 114 115 110 324 110 111 113 114 115 110 325 110 111 113 114 115 110 326 110 111 113 114 115 110 327 110 111 113 114 115 110 328 110 111 113 114 115 110 329 110 111 113 114 115 110 330 110 111 113 114 115 110 331 110 111 113 114 115 110 332 110 111 113 114 115 110 333 334 267 110 111 267 267 268 110 111 267 111 113 114 115 0 1 10 5 67 68 69 40 41 42 43 2 267 70 71 72 73 74 75 76 77 78 79 80 81 82 83 84 85 86 87 88 89 90 91 92 93 94 95 96 97 98 99 100 101 102 103 104 105 106 107
https://www.cookinglight.com/author/cooking-light
268:  268 0 0 268 10 268 11 268 12 1 2 3 4 5 6 7 8 1 0 0 268 13 13 13 14 14 14 15 15 15 268 16 17 18 19 20 21 22 23 24 25 26 10 268 27 28 29 30 31 32 33 11 268 34 35 36 37 34 38 39 12 1 2 3 4 5 6 7 8 9 40 41 42 43 335 335 336 336 337 337 338 338 339 339 340 340 341 341 342 342 343 343 344 344 345 345 346 346 347 347 348 348 349 349 350 350 351 351 352 352 353 353 354 354 355 355 356 356 357 357 268 0 1 10 5 67 68 69 40 41 42 43 2 268 70 71 72 73 74 75 76 77 78 79 80 81 82 83 84 85 86 87 88 89 90 91 92 93 94 95 96 97 98 99 100 101 102 103 104 105 106 107
https://www.cookinglight.com/food/in-season/cooking-with-corn
335:  335 0 0 335 10 335 11 335 12 1 2 3 4 5 6 7 8 1 110 111 0 0 335 13 13 13 14 14 14 15 15 15 335 16 17 18 19 20 21 22 23 24 25 26 10 335 27 28 29 30 31 32 33 11 335 34 35 36 37 34 38 39 12 1 2 3 4 5 6 7 8 9 40 41 42 43 0 16 268 335 110 335 110 111 113 114 115 110 358 359 360 110 111 113 114 115 110 361 110 111 113 114 115 110 362 363 364 365 110 111 113 114 115 110 366 110 111 113 114 115 110 367 110 111 113 114 115 110 368 110 111 113 114 115 110 369 110 111 113 114 115 110 370 110 111 113 114 115 110 371 110 111 113 114 115 110 372 110 111 113 114 115 110 373 110 111 113 114 115 110 374 110 111 113 114 115 110 375 110 111 113 114 115 110 376 110 111 113 114 115 110 377 110 111 113 114 115 110 378 110 111 113 114 115 110 379 110 111 113 114 115 110 380 110 111 113 114 115 110 110 111 113 114 115 110 381 110 111 113 114 115 110 110 111 113 114 115 110 382 110 111 113 114 115 110 110 111 113 114 115 110 383 110 111 113 114 115 110 110 111 113 114 115 110 384 110 111 113 114 115 110 385 110 111 113 114 115 110 386 110 111 113 114 115 110 387 110 111 113 114 115 110 388 110 111 113 114 115 110 389 110 111 113 114 115 110 390 110 111 113 114 115 110 391 110 111 113 114 115 110 392 110 111 113 114 115 110 393 110 111 113 114 115 110 394 110 111 113 114 115 110 395 110 111 113 114 115 110 396 110 111 113 114 115 110 397 110 111 113 114 115 110 398 110 111 113 114 115 110 399 110 111 113 114 115 110 400 110 111 113 114 115 110 401 110 111 113 114 115 110 402 110 111 113 114 115 110 403 110 111 113 114 115 110 404 110 111 113 114 115 110 405 110 111 113 114 115 110 406 110 111 113 114 115 110 407 110 111 113 114 115 110 408 110 111 113 114 115 110 409 110 111 113 114 115 110 410 110 111 113 114 115 110 411 110 111 113 114 115 110 412 110 111 113 114 115 110 413 110 111 113 114 115 110 414 110 111 113 114 115 110 415 110 111 113 114 115 110 416 110 111 113 114 115 110 417 110 111 113 114 115 110 418 110 111 113 114 115 110 419 110 111 113 114 115 110 420 110 111 113 114 115 110 421 110 111 113 114 115 110 422 110 111 113 114 115 110 423 110 111 113 114 115 110 424 425 110 111 113 114 115 110 426 335 110 111 335 335 268 110 111 335 111 113 114 115 0 1 10 5 67 68 69 40 41 42 43 2 335 70 71 72 73 74 75 76 77 78 79 80 81 82 83 84 85 86 87 88 89 90 91 92 93 94 95 96 97 98 99 100 101 102 103 104 105 106 107
https://www.cookinglight.com/recipes/smoky-beer-poached-grilled-corn
388:  388 0 0 388 10 388 11 388 12 1 2 3 4 5 6 7 8 1 110 111 0 0 388 13 13 13 14 14 14 15 15 15 388 16 17 18 19 20 21 22 23 24 25 26 10 388 27 28 29 30 31 32 33 11 388 34 35 36 37 34 38 39 12 1 2 3 4 5 6 7 8 9 40 41 42 43 0 16 110 427 111 110 113 155 114 156 2 0 1 10 5 67 68 69 40 41 42 43 2 388 70 71 72 73 74 75 76 77 78 79 80 81 82 83 84 85 86 87 88 89 90 91 92 93 94 95 96 97 98 99 100 101 102 103 104 105 106 107
https://www.cookinglight.com/author/julia-levy
427:  427 0 0 427 10 427 11 427 12 1 2 3 4 5 6 7 8 1 0 0 427 13 13 13 14 14 14 15 15 15 427 16 17 18 19 20 21 22 23 24 25 26 10 427 27 28 29 30 31 32 33 11 427 34 35 36 37 34 38 39 12 1 2 3 4 5 6 7 8 9 40 41 42 43 428 428 429 429 430 430 431 431 432 432 433 433 434 434 435 435 436 436 437 437 438 438 439 439 440 440 441 441 442 442 443 443 444 444 445 445 446 446 447 447 448 448 449 449 388 388 427 0 1 10 5 67 68 69 40 41 42 43 2 427 70 71 72 73 74 75 76 77 78 79 80 81 82 83 84 85 86 87 88 89 90 91 92 93 94 95 96 97 98 99 100 101 102 103 104 105 106 107
https://www.cookinglight.com/recipes/mascarpone-crepes-honey-berries
428:  428 0 0 428 10 428 11 428 12 1 2 3 4 5 6 7 8 1 110 111 0 0 428 13 13 13 14 14 14 15 15 15 428 16 17 18 19 20 21 22 23 24 25 26 10 428 27 28 29 30 31 32 33 11 428 34 35 36 37 34 38 39 12 1 2 3 4 5 6 7 8 9 40 41 42 43 0 16 427 111 110 113 155 114 156 2 0 1 10 5 67 68 69 40 41 42 43 2 428 70 71 72 73 74 75 76 77 78 79 80 81 82 83 84 85 86 87 88 89 90 91 92 93 94 95 96 97 98 99 100 101 102 103 104 105 106 107
https://www.cookinglight.com/recipes/asparagus-leek-gruyere-mini-quiche-potato-crust
429:  429 0 0 429 10 429 11 429 12 1 2 3 4 5 6 7 8 1 110 111 0 0 429 13 13 13 14 14 14 15 15 15 429 16 17 18 19 20 21 22 23 24 25 26 10 429 27 28 29 30 31 32 33 11 429 34 35 36 37 34 38 39 12 1 2 3 4 5 6 7 8 9 40 41 42 43 0 16 110 427 111 110 113 155 114 156 2 0 1 10 5 67 68 69 40 41 42 43 2 429 70 71 72 73 74 75 76 77 78 79 80 81 82 83 84 85 86 87 88 89 90 91 92 93 94 95 96 97 98 99 100 101 102 103 104 105 106 107
https://www.cookinglight.com/recipes/strawberry-and-cucumber-tabbouleh
430:  430 0 0 430 10 430 11 430 12 1 2 3 4 5 6 7 8 1 110 111 0 0 430 13 13 13 14 14 14 15 15 15 430 16 17 18 19 20 21 22 23 24 25 26 10 430 27 28 29 30 31 32 33 11 430 34 35 36 37 34 38 39 12 1 2 3 4 5 6 7 8 9 40 41 42 43 0 16 110 427 111 110 113 155 114 156 2 0 1 10 5 67 68 69 40 41 42 43 2 430 70 71 72 73 74 75 76 77 78 79 80 81 82 83 84 85 86 87 88 89 90 91 92 93 94 95 96 97 98 99 100 101 102 103 104 105 106 107
https://www.cookinglight.com/recipes/big-batch-sun-dried-tomato-pasta-salad
431:  431 0 0 431 10 431 11 431 12 1 2 3 4 5 6 7 8 1 110 111 0 0 431 13 13 13 14 14 14 15 15 15 431 16 17 18 19 20 21 22 23 24 25 26 10 431 27 28 29 30 31 32 33 11 431 34 35 36 37 34 38 39 12 1 2 3 4 5 6 7 8 9 40 41 42 43 0 110 427 111 110 113 155 114 156 450 2 0 1 10 5 67 68 69 40 41 42 43 2 431 70 71 72 73 74 75 76 77 78 79 80 81 82 83 84 85 86 87 88 89 90 91 92 93 94 95 96 97 98 99 100 101 102 103 104 105 106 107
https://www.cookinglight.com/recipes/salmon-and-lentil-bowl-with-kefir-dressing
432:  432 0 0 432 10 432 11 432 12 1 2 3 4 5 6 7 8 1 110 111 0 0 432 13 13 13 14 14 14 15 15 15 432 16 17 18 19 20 21 22 23 24 25 26 10 432 27 28 29 30 31 32 33 11 432 34 35 36 37 34 38 39 12 1 2 3 4 5 6 7 8 9 40 41 42 43 0 16 110 427 111 110 113 155 114 156 2 0 1 10 5 67 68 69 40 41 42 43 2 432 70 71 72 73 74 75 76 77 78 79 80 81 82 83 84 85 86 87 88 89 90 91 92 93 94 95 96 97 98 99 100 101 102 103 104 105 106 107
https://www.cookinglight.com/recipes/big-batch-quinoa-taco-salad
433:  433 0 0 433 10 433 11 433 12 1 2 3 4 5 6 7 8 1 110 111 0 0 433 13 13 13 14 14 14 15 15 15 433 16 17 18 19 20 21 22 23 24 25 26 10 433 27 28 29 30 31 32 33 11 433 34 35 36 37 34 38 39 12 1 2 3 4 5 6 7 8 9 40 41 42 43 0 427 111 110 113 155 114 156 2 0 1 10 5 67 68 69 40 41 42 43 2 433 70 71 72 73 74 75 76 77 78 79 80 81 82 83 84 85 86 87 88 89 90 91 92 93 94 95 96 97 98 99 100 101 102 103 104 105 106 107
https://www.cookinglight.com/recipes/shaved-turnip-salad
434:  434 0 0 434 10 434 11 434 12 1 2 3 4 5 6 7 8 1 110 111 0 0 434 13 13 13 14 14 14 15 15 15 434 16 17 18 19 20 21 22 23 24 25 26 10 434 27 28 29 30 31 32 33 11 434 34 35 36 37 34 38 39 12 1 2 3 4 5 6 7 8 9 40 41 42 43 0 16 110 427 111 110 113 155 114 156 2 0 1 10 5 67 68 69 40 41 42 43 2 434 70 71 72 73 74 75 76 77 78 79 80 81 82 83 84 85 86 87 88 89 90 91 92 93 94 95 96 97 98 99 100 101 102 103 104 105 106 107
https://www.cookinglight.com/recipes/roasted-turnips-and-potatoes
435:  435 0 0 435 10 435 11 435 12 1 2 3 4 5 6 7 8 1 110 111 0 0 435 13 13 13 14 14 14 15 15 15 435 16 17 18 19 20 21 22 23 24 25 26 10 435 27 28 29 30 31 32 33 11 435 34 35 36 37 34 38 39 12 1 2 3 4 5 6 7 8 9 40 41 42 43 0 16 110 427 111 110 113 155 114 156 2 0 1 10 5 67 68 69 40 41 42 43 2 435 70 71 72 73 74 75 76 77 78 79 80 81 82 83 84 85 86 87 88 89 90 91 92 93 94 95 96 97 98 99 100 101 102 103 104 105 106 107
https://www.cookinglight.com/recipes/cauliflower-salad-with-herbs
436:  436 0 0 436 10 436 11 436 12 1 2 3 4 5 6 7 8 1 110 111 0 0 436 13 13 13 14 14 14 15 15 15 436 16 17 18 19 20 21 22 23 24 25 26 10 436 27 28 29 30 31 32 33 11 436 34 35 36 37 34 38 39 12 1 2 3 4 5 6 7 8 9 40 41 42 43 0 16 110 427 111 110 113 155 114 156 2 0 1 10 5 67 68 69 40 41 42 43 2 436 70 71 72 73 74 75 76 77 78 79 80 81 82 83 84 85 86 87 88 89 90 91 92 93 94 95 96 97 98 99 100 101 102 103 104 105 106 107
https://www.cookinglight.com/recipes/stir-fried-turnips
437:  437 0 0 437 10 437 11 437 12 1 2 3 4 5 6 7 8 1 110 111 0 0 437 13 13 13 14 14 14 15 15 15 437 16 17 18 19 20 21 22 23 24 25 26 10 437 27 28 29 30 31 32 33 11 437 34 35 36 37 34 38 39 12 1 2 3 4 5 6 7 8 9 40 41 42 43 0 16 110 427 111 110 113 155 114 156 2 0 1 10 5 67 68 69 40 41 42 43 2 437 70 71 72 73 74 75 76 77 78 79 80 81 82 83 84 85 86 87 88 89 90 91 92 93 94 95 96 97 98 99 100 101 102 103 104 105 106 107
https://www.cookinglight.com/recipes/grilled-wedge-salad-slaw
438:  438 0 0 438 10 438 11 438 12 1 2 3 4 5 6 7 8 1 110 111 0 0 438 13 13 13 14 14 14 15 15 15 438 16 17 18 19 20 21 22 23 24 25 26 10 438 27 28 29 30 31 32 33 11 438 34 35 36 37 34 38 39 12 1 2 3 4 5 6 7 8 9 40 41 42 43 0 16 110 427 111 110 113 155 114 156 2 0 1 10 5 67 68 69 40 41 42 43 2 438 70 71 72 73 74 75 76 77 78 79 80 81 82 83 84 85 86 87 88 89 90 91 92 93 94 95 96 97 98 99 100 101 102 103 104 105 106 107
https://www.cookinglight.com/recipes/sausage-baguette-pizzas
439:  439 0 0 439 10 439 11 439 12 1 2 3 4 5 6 7 8 1 110 111 0 0 439 13 13 13 14 14 14 15 15 15 439 16 17 18 19 20 21 22 23 24 25 26 10 439 27 28 29 30 31 32 33 11 439 34 35 36 37 34 38 39 12 1 2 3 4 5 6 7 8 9 40 41 42 43 0 16 110 427 111 110 113 155 114 156 2 0 1 10 5 67 68 69 40 41 42 43 2 439 70 71 72 73 74 75 76 77 78 79 80 81 82 83 84 85 86 87 88 89 90 91 92 93 94 95 96 97 98 99 100 101 102 103 104 105 106 107
https://www.cookinglight.com/recipes/dairy-free-chocolate-avocado-pudding
440:  440 0 0 440 10 440 11 440 12 1 2 3 4 5 6 7 8 1 110 111 0 0 440 13 13 13 14 14 14 15 15 15 440 16 17 18 19 20 21 22 23 24 25 26 10 440 27 28 29 30 31 32 33 11 440 34 35 36 37 34 38 39 12 1 2 3 4 5 6 7 8 9 40 41 42 43 0 110 427 111 110 113 155 114 156 2 0 1 10 5 67 68 69 40 41 42 43 2 440 70 71 72 73 74 75 76 77 78 79 80 81 82 83 84 85 86 87 88 89 90 91 92 93 94 95 96 97 98 99 100 101 102 103 104 105 106 107
https://www.cookinglight.com/recipes/mushroom-quiche-with-sweet-potato-crust
441:  441 0 0 441 10 441 11 441 12 1 2 3 4 5 6 7 8 1 110 111 0 0 441 13 13 13 14 14 14 15 15 15 441 16 17 18 19 20 21 22 23 24 25 26 10 441 27 28 29 30 31 32 33 11 441 34 35 36 37 34 38 39 12 1 2 3 4 5 6 7 8 9 40 41 42 43 0 16 427 111 110 113 155 114 156 2 0 1 10 5 67 68 69 40 41 42 43 2 441 70 71 72 73 74 75 76 77 78 79 80 81 82 83 84 85 86 87 88 89 90 91 92 93 94 95 96 97 98 99 100 101 102 103 104 105 106 107
https://www.cookinglight.com/recipes/vegetarian-pan-bagnat
442:  442 0 0 442 10 442 11 442 12 1 2 3 4 5 6 7 8 1 110 111 0 0 442 13 13 13 14 14 14 15 15 15 442 16 17 18 19 20 21 22 23 24 25 26 10 442 27 28 29 30 31 32 33 11 442 34 35 36 37 34 38 39 12 1 2 3 4 5 6 7 8 9 40 41 42 43 0 110 427 111 110 113 155 114 156 2 0 1 10 5 67 68 69 40 41 42 43 2 442 70 71 72 73 74 75 76 77 78 79 80 81 82 83 84 85 86 87 88 89 90 91 92 93 94 95 96 97 98 99 100 101 102 103 104 105 106 107
https://www.cookinglight.com/recipes/healthy-deviled-eggs
443:  443 0 0 443 10 443 11 443 12 1 2 3 4 5 6 7 8 1 110 111 0 0 443 13 13 13 14 14 14 15 15 15 443 16 17 18 19 20 21 22 23 24 25 26 10 443 27 28 29 30 31 32 33 11 443 34 35 36 37 34 38 39 12 1 2 3 4 5 6 7 8 9 40 41 42 43 0 427 111 110 113 155 114 156 451 452 2 0 1 10 5 67 68 69 40 41 42 43 2 443 70 71 72 73 74 75 76 77 78 79 80 81 82 83 84 85 86 87 88 89 90 91 92 93 94 95 96 97 98 99 100 101 102 103 104 105 106 107
https://www.cookinglight.com/eating-smart/nutrition-101/what-is-keto-diet-like-review
451:  451 0 0 451 10 451 11 451 12 1 2 3 4 5 6 7 8 1 110 111 0 0 451 13 13 13 14 14 14 15 15 15 451 16 17 18 19 20 21 22 23 24 25 26 10 451 27 28 29 30 31 32 33 11 451 34 35 36 37 34 38 39 12 1 2 3 4 5 6 7 8 9 40 41 42 43 0 11 453 110 111 113 114 115 451 110 454 455 455 456 2 457 110 458 459 460 110 461 458 0 1 10 5 67 68 69 40 41 42 43 2 451 70 71 72 73 74 75 76 77 78 79 80 81 82 83 84 85 86 87 88 89 90 91 92 93 94 95 96 97 98 99 100 101 102 103 104 105 106 107
https://www.cookinglight.com/author/jaime-milan
453:  453 0 0 453 10 453 11 453 12 1 2 3 4 5 6 7 8 1 0 0 453 13 13 13 14 14 14 15 15 15 453 16 17 18 19 20 21 22 23 24 25 26 10 453 27 28 29 30 31 32 33 11 453 34 35 36 37 34 38 39 12 1 2 3 4 5 6 7 8 9 40 41 42 43 462 463 463 464 464 465 465 466 466 467 467 468 468 469 469 470 470 471 471 472 472 473 473 474 474 475 475 476 476 477 477 478 478 479 479 480 480 481 481 482 482 483 483 484 484 485 485 453 0 1 10 5 67 68 69 40 41 42 43 2 453 70 71 72 73 74 75 76 77 78 79 80 81 82 83 84 85 86 87 88 89 90 91 92 93 94 95 96 97 98 99 100 101 102 103 104 105 106 107
https://www.cookinglight.com/news/kohls-weight-watchers-healthy-kitchen-line
464:  464 0 0 464 10 464 11 464 12 1 2 3 4 5 6 7 8 1 110 111 0 0 464 13 13 13 14 14 14 15 15 15 464 16 17 18 19 20 21 22 23 24 25 26 10 464 27 28 29 30 31 32 33 11 464 34 35 36 37 34 38 39 12 1 2 3 4 5 6 7 8 9 40 41 42 43 0 453 110 111 113 114 115 464 486 487 488 489 490 2 487 489 486 491 490 0 1 10 5 67 68 69 40 41 42 43 2 464 70 71 72 73 74 75 76 77 78 79 80 81 82 83 84 85 86 87 88 89 90 91 92 93 94 95 96 97 98 99 100 101 102 103 104 105 106 107
https://www.cookinglight.com/healthy-living/weight-watchers-new-zero-point-foods
488:  488 0 0 488 10 488 11 488 12 1 2 3 4 5 6 7 8 1 110 111 0 0 488 13 13 13 14 14 14 15 15 15 488 16 17 18 19 20 21 22 23 24 25 26 10 488 27 28 29 30 31 32 33 11 488 34 35 36 37 34 38 39 12 1 2 3 4 5 6 7 8 9 40 41 42 43 0 453 110 111 113 114 115 488 110 492 493 2 494 495 496 0 1 10 5 67 68 69 40 41 42 43 2 488 70 71 72 73 74 75 76 77 78 79 80 81 82 83 84 85 86 87 88 89 90 91 92 93 94 95 96 97 98 99 100 101 102 103 104 105 106 107
https://www.cookinglight.com/healthy-living/full-fat-foods-good-for-dieting
496:  496 0 0 496 10 496 11 496 12 1 2 3 4 5 6 7 8 1 110 111 0 0 496 13 13 13 14 14 14 15 15 15 496 16 17 18 19 20 21 22 23 24 25 26 10 496 27 28 29 30 31 32 33 11 496 34 35 36 37 34 38 39 12 1 2 3 4 5 6 7 8 9 40 41 42 43 0 496 110 496 110 111 113 114 115 110 111 113 114 115 110 110 111 113 114 115 110 110 111 113 114 115 110 110 111 113 114 115 110 110 111 113 114 115 110 110 111 113 114 115 110 110 111 113 114 115 110 110 111 113 114 115 110 497 498 110 111 113 114 115 110 496 110 111 496 496 110 111 496 111 113 114 115 0 1 10 5 67 68 69 40 41 42 43 2 496 70 71 72 73 74 75 76 77 78 79 80 81 82 83 84 85 86 87 88 89 90 91 92 93 94 95 96 97 98 99 100 101 102 103 104 105 106 107
https://www.cookinglight.com/food/recipe-finder/salad-dressing-recipes
497:  497 0 0 497 10 497 11 497 12 1 2 3 4 5 6 7 8 1 110 111 0 0 497 13 13 13 14 14 14 15 15 15 497 16 17 18 19 20 21 22 23 24 25 26 10 497 27 28 29 30 31 32 33 11 497 34 35 36 37 34 38 39 12 1 2 3 4 5 6 7 8 9 40 41 42 43 0 16 499 497 110 497 110 111 113 114 115 110 500 110 111 113 114 115 110 501 110 111 113 114 115 110 502 110 111 113 114 115 110 503 110 111 113 114 115 110 504 110 111 113 114 115 110 505 110 111 113 114 115 110 506 110 111 113 114 115 110 507 110 111 113 114 115 110 508 110 111 113 114 115 110 509 110 111 113 114 115 110 110 111 113 114 115 110 110 111 113 114 115 110 510 110 111 113 114 115 110 511 110 111 113 114 115 110 512 110 111 113 114 115 110 513 110 111 113 114 115 110 110 111 113 114 115 110 514 110 111 113 114 115 110 515 110 111 113 114 115 110 516 110 111 113 114 115 110 517 110 111 113 114 115 110 518 110 111 113 114 115 110 519 110 111 113 114 115 110 520 110 111 113 114 115 110 521 110 111 113 114 115 110 522 497 110 111 497 497 499 110 111 497 111 113 114 115 0 1 10 5 67 68 69 40 41 42 43 2 497 70 71 72 73 74 75 76 77 78 79 80 81 82 83 84 85 86 87 88 89 90 91 92 93 94 95 96 97 98 99 100 101 102 103 104 105 106 107
https://www.cookinglight.com/author/oxmoor-house-0
499:  499 0 0 499 10 499 11 499 12 1 2 3 4 5 6 7 8 1 0 0 499 13 13 13 14 14 14 15 15 15 499 16 17 18 19 20 21 22 23 24 25 26 10 499 27 28 29 30 31 32 33 11 499 34 35 36 37 34 38 39 12 1 2 3 4 5 6 7 8 9 40 41 42 43 523 523 524 524 124 124 525 525 526 526 527 527 497 497 0 1 10 5 67 68 69 40 41 42 43 2 499 70 71 72 73 74 75 76 77 78 79 80 81 82 83 84 85 86 87 88 89 90 91 92 93 94 95 96 97 98 99 100 101 102 103 104 105 106 107
https://www.cookinglight.com/eating-smart/nutrition-101/power-foods-for-diabetics-citrus
523:  523 0 0 523 10 523 11 523 12 1 2 3 4 5 6 7 8 1 110 111 0 0 523 13 13 13 14 14 14 15 15 15 523 16 17 18 19 20 21 22 23 24 25 26 10 523 27 28 29 30 31 32 33 11 523 34 35 36 37 34 38 39 12 1 2 3 4 5 6 7 8 9 40 41 42 43 0 11 499 110 111 113 114 115 523 110 528 2 529 528 528 110 23 530 531 0 1 10 5 67 68 69 40 41 42 43 2 523 70 71 72 73 74 75 76 77 78 79 80 81 82 83 84 85 86 87 88 89 90 91 92 93 94 95 96 97 98 99 100 101 102 103 104 105 106 107
https://www.cookinglight.com/eating-smart/nutrition-101/holiday-diabetes-recipes
530:  530 0 0 530 10 530 11 530 12 1 2 3 4 5 6 7 8 1 110 111 0 0 530 13 13 13 14 14 14 15 15 15 530 16 17 18 19 20 21 22 23 24 25 26 10 530 27 28 29 30 31 32 33 11 530 34 35 36 37 34 38 39 12 1 2 3 4 5 6 7 8 9 40 41 42 43 0 11 530 110 532 530 110 111 113 114 115 110 533 110 111 113 114 115 110 534 535 110 111 113 114 115 110 536 110 111 113 114 115 110 537 110 111 113 114 115 110 538 110 111 113 114 115 110 539 540 110 111 113 114 115 110 541 110 111 113 114 115 110 542 110 111 113 114 115 110 543 110 111 113 114 115 110 544 110 111 113 114 115 110 545 110 111 113 114 115 110 546 530 110 111 530 530 110 111 530 111 113 114 115 0 1 10 5 67 68 69 40 41 42 43 2 530 70 71 72 73 74 75 76 77 78 79 80 81 82 83 84 85 86 87 88 89 90 91 92 93 94 95 96 97 98 99 100 101 102 103 104 105 106 107
https://www.cookinglight.com/recipes/whole-roasted-cauliflower-pomegranate-pine-nuts
544:  544 0 0 544 10 544 11 544 12 1 2 3 4 5 6 7 8 1 110 111 0 0 544 13 13 13 14 14 14 15 15 15 544 16 17 18 19 20 21 22 23 24 25 26 10 544 27 28 29 30 31 32 33 11 544 34 35 36 37 34 38 39 12 1 2 3 4 5 6 7 8 9 40 41 42 43 0 16 187 111 110 113 155 114 156 2 0 1 10 5 67 68 69 40 41 42 43 2 544 70 71 72 73 74 75 76 77 78 79 80 81 82 83 84 85 86 87 88 89 90 91 92 93 94 95 96 97 98 99 100 101 102 103 104 105 106 107
https://www.cookinglight.com/recipes/sweet-potato-stacks-sage-browned-butter
545:  545 0 0 545 10 545 11 545 12 1 2 3 4 5 6 7 8 1 110 111 0 0 545 13 13 13 14 14 14 15 15 15 545 16 17 18 19 20 21 22 23 24 25 26 10 545 27 28 29 30 31 32 33 11 545 34 35 36 37 34 38 39 12 1 2 3 4 5 6 7 8 9 40 41 42 43 0 16 110 547 111 110 113 155 114 156 2 0 1 10 5 67 68 69 40 41 42 43 2 545 70 71 72 73 74 75 76 77 78 79 80 81 82 83 84 85 86 87 88 89 90 91 92 93 94 95 96 97 98 99 100 101 102 103 104 105 106 107
https://www.cookinglight.com/author/jiselle-basile
547:  547 0 0 547 10 547 11 547 12 1 2 3 4 5 6 7 8 1 0 0 547 13 13 13 14 14 14 15 15 15 547 16 17 18 19 20 21 22 23 24 25 26 10 547 27 28 29 30 31 32 33 11 547 34 35 36 37 34 38 39 12 1 2 3 4 5 6 7 8 9 40 41 42 43 548 549 549 550 550 551 551 552 552 0 1 10 5 67 68 69 40 41 42 43 2 547 70 71 72 73 74 75 76 77 78 79 80 81 82 83 84 85 86 87 88 89 90 91 92 93 94 95 96 97 98 99 100 101 102 103 104 105 106 107
https://www.cookinglight.com/cooking-101/how-to-chiffonade-basil
552:  552 0 0 552 10 552 11 552 12 1 2 3 4 5 6 7 8 1 110 111 0 0 552 13 13 13 14 14 14 15 15 15 552 16 17 18 19 20 21 22 23 24 25 26 10 552 27 28 29 30 31 32 33 11 552 34 35 36 37 34 38 39 12 1 2 3 4 5 6 7 8 9 40 41 42 43 0 547 110 111 113 114 115 552 2 110 110 110 553 554 555 0 1 10 5 67 68 69 40 41 42 43 2 552 70 71 72 73 74 75 76 77 78 79 80 81 82 83 84 85 86 87 88 89 90 91 92 93 94 95 96 97 98 99 100 101 102 103 104 105 106 107
https://www.cookinglight.com/food/in-season/uses-for-basil
553:  553 0 0 553 10 553 11 553 12 1 2 3 4 5 6 7 8 1 110 111 0 0 553 13 13 13 14 14 14 15 15 15 553 16 17 18 19 20 21 22 23 24 25 26 10 553 27 28 29 30 31 32 33 11 553 34 35 36 37 34 38 39 12 1 2 3 4 5 6 7 8 9 40 41 42 43 0 16 553 110 553 110 111 113 114 115 110 110 111 113 114 115 110 556 110 111 113 114 115 110 557 110 111 113 114 115 110 558 110 111 113 114 115 110 559 110 111 113 114 115 110 560 110 111 113 114 115 110 561 110 111 113 114 115 110 562 110 111 113 114 115 110 563 110 111 113 114 115 110 564 110 111 113 114 115 110 565 110 111 113 114 115 110 566 110 111 113 114 115 110 567 110 111 113 114 115 110 568 110 111 113 114 115 110 569 110 111 113 114 115 110 320 110 111 113 114 115 110 570 110 111 113 114 115 110 571 110 111 113 114 115 110 572 110 111 113 114 115 110 573 110 111 113 114 115 110 520 110 111 113 114 115 110 574 110 111 113 114 115 110 575 110 111 113 114 115 110 576 110 111 113 114 115 110 577 578 110 111 113 114 115 110 579 110 111 113 114 115 110 580 110 111 113 114 115 110 581 553 110 111 553 553 110 111 553 111 113 114 115 0 1 10 5 67 68 69 40 41 42 43 2 553 70 71 72 73 74 75 76 77 78 79 80 81 82 83 84 85 86 87 88 89 90 91 92 93 94 95 96 97 98 99 100 101 102 103 104 105 106 107
https://www.cookinglight.com/food/quick-healthy/5-ingredient-summer-recipes
555:  555 0 0 555 10 555 11 555 12 1 2 3 4 5 6 7 8 1 110 111 0 0 555 13 13 13 14 14 14 15 15 15 555 16 17 18 19 20 21 22 23 24 25 26 10 555 27 28 29 30 31 32 33 11 555 34 35 36 37 34 38 39 12 1 2 3 4 5 6 7 8 9 40 41 42 43 0 16 555 110 555 110 111 113 114 115 110 582 110 111 113 114 115 110 583 110 111 113 114 115 110 584 110 111 113 114 115 110 585 110 111 113 114 115 110 278 110 111 113 114 115 110 586 110 111 113 114 115 110 587 110 111 113 114 115 110 588 110 111 113 114 115 110 589 110 111 113 114 115 110 382 110 111 113 114 115 110 590 110 111 113 114 115 110 591 110 111 113 114 115 110 592 110 111 113 114 115 110 376 110 111 113 114 115 110 593 110 111 113 114 115 110 594 110 111 113 114 115 110 595 110 111 113 114 115 110 242 110 111 113 114 115 110 596 110 111 113 114 115 110 597 110 111 113 114 115 110 598 110 111 113 114 115 110 599 110 111 113 114 115 110 600 110 111 113 114 115 110 601 110 111 113 114 115 110 602 110 111 113 114 115 110 603 110 111 113 114 115 110 604 110 111 113 114 115 110 605 110 111 113 114 115 110 606 110 111 113 114 115 110 607 608 609 110 111 113 114 115 110 610 110 111 113 114 115 110 611 612 613 614 110 111 113 114 115 110 615 110 111 113 114 115 110 616 617 110 111 113 114 115 110 618 619 110 111 113 114 115 110 620 621 555 110 111 555 555 110 111 555 111 113 114 115 0 1 10 5 67 68 69 40 41 42 43 2 555 70 71 72 73 74 75 76 77 78 79 80 81 82 83 84 85 86 87 88 89 90 91 92 93 94 95 96 97 98 99 100 101 102 103 104 105 106 107
https://www.cookinglight.com/recipes/steak-veggies-zesty-chimichurri
582:  582 0 0 582 10 582 11 582 12 1 2 3 4 5 6 7 8 1 110 111 0 0 582 13 13 13 14 14 14 15 15 15 582 16 17 18 19 20 21 22 23 24 25 26 10 582 27 28 29 30 31 32 33 11 582 34 35 36 37 34 38 39 12 1 2 3 4 5 6 7 8 9 40 41 42 43 0 16 110 622 111 110 113 155 114 156 623 624 623 625 626 625 627 624 627 628 16 628 2 0 1 10 5 67 68 69 40 41 42 43 2 582 70 71 72 73 74 75 76 77 78 79 80 81 82 83 84 85 86 87 88 89 90 91 92 93 94 95 96 97 98 99 100 101 102 103 104 105 106 107
https://www.cookinglight.com/author/karen-rankin
622:  622 0 0 622 10 622 11 622 12 1 2 3 4 5 6 7 8 1 0 0 622 13 13 13 14 14 14 15 15 15 622 16 17 18 19 20 21 22 23 24 25 26 10 622 27 28 29 30 31 32 33 11 622 34 35 36 37 34 38 39 12 1 2 3 4 5 6 7 8 9 40 41 42 43 629 629 630 630 631 631 632 632 633 633 634 634 635 635 636 636 637 637 638 638 639 639 375 375 640 640 641 641 642 642 643 643 644 644 645 645 646 646 647 647 648 648 649 649 650 650 622 0 1 10 5 67 68 69 40 41 42 43 2 622 70 71 72 73 74 75 76 77 78 79 80 81 82 83 84 85 86 87 88 89 90 91 92 93 94 95 96 97 98 99 100 101 102 103 104 105 106 107
https://www.cookinglight.com/recipes/roasted-root-vegetables-with-balsamic-maple-glaze
640:  640 0 0 640 10 640 11 640 12 1 2 3 4 5 6 7 8 1 110 111 0 0 640 13 13 13 14 14 14 15 15 15 640 16 17 18 19 20 21 22 23 24 25 26 10 640 27 28 29 30 31 32 33 11 640 34 35 36 37 34 38 39 12 1 2 3 4 5 6 7 8 9 40 41 42 43 0 16 110 622 111 110 113 155 114 156 2 0 1 10 5 67 68 69 40 41 42 43 2 640 70 71 72 73 74 75 76 77 78 79 80 81 82 83 84 85 86 87 88 89 90 91 92 93 94 95 96 97 98 99 100 101 102 103 104 105 106 107
https://www.cookinglight.com/recipes/green-bean-casserole
641:  641 0 0 641 10 641 11 641 12 1 2 3 4 5 6 7 8 1 110 111 0 0 641 13 13 13 14 14 14 15 15 15 641 16 17 18 19 20 21 22 23 24 25 26 10 641 27 28 29 30 31 32 33 11 641 34 35 36 37 34 38 39 12 1 2 3 4 5 6 7 8 9 40 41 42 43 0 16 110 622 111 110 113 155 114 156 2 0 1 10 5 67 68 69 40 41 42 43 2 641 70 71 72 73 74 75 76 77 78 79 80 81 82 83 84 85 86 87 88 89 90 91 92 93 94 95 96 97 98 99 100 101 102 103 104 105 106 107
https://www.cookinglight.com/recipes/black-bean-tostadas-with-cabbage-slaw
642:  642 0 0 642 10 642 11 642 12 1 2 3 4 5 6 7 8 1 110 111 0 0 642 13 13 13 14 14 14 15 15 15 642 16 17 18 19 20 21 22 23 24 25 26 10 642 27 28 29 30 31 32 33 11 642 34 35 36 37 34 38 39 12 1 2 3 4 5 6 7 8 9 40 41 42 43 0 16 110 622 111 110 113 155 114 156 2 0 1 10 5 67 68 69 40 41 42 43 2 642 70 71 72 73 74 75 76 77 78 79 80 81 82 83 84 85 86 87 88 89 90 91 92 93 94 95 96 97 98 99 100 101 102 103 104 105 106 107
https://www.cookinglight.com/recipes/roasted-carrot-and-parsnip-batons-with-tahini-dip
643:  643 0 0 643 10 643 11 643 12 1 2 3 4 5 6 7 8 1 110 111 0 0 643 13 13 13 14 14 14 15 15 15 643 16 17 18 19 20 21 22 23 24 25 26 10 643 27 28 29 30 31 32 33 11 643 34 35 36 37 34 38 39 12 1 2 3 4 5 6 7 8 9 40 41 42 43 0 16 110 622 111 110 113 155 114 156 2 0 1 10 5 67 68 69 40 41 42 43 2 643 70 71 72 73 74 75 76 77 78 79 80 81 82 83 84 85 86 87 88 89 90 91 92 93 94 95 96 97 98 99 100 101 102 103 104 105 106 107
https://www.cookinglight.com/recipes/instant-pot-garlic-chicken-thighs
644:  644 0 0 644 10 644 11 644 12 1 2 3 4 5 6 7 8 1 110 111 0 0 644 13 13 13 14 14 14 15 15 15 644 16 17 18 19 20 21 22 23 24 25 26 10 644 27 28 29 30 31 32 33 11 644 34 35 36 37 34 38 39 12 1 2 3 4 5 6 7 8 9 40 41 42 43 0 622 111 110 113 155 114 156 2 0 1 10 5 67 68 69 40 41 42 43 2 644 70 71 72 73 74 75 76 77 78 79 80 81 82 83 84 85 86 87 88 89 90 91 92 93 94 95 96 97 98 99 100 101 102 103 104 105 106 107
https://www.cookinglight.com/recipes/shrimp-and-leek-spaghetti
645:  645 0 0 645 10 645 11 645 12 1 2 3 4 5 6 7 8 1 110 111 0 0 645 13 13 13 14 14 14 15 15 15 645 16 17 18 19 20 21 22 23 24 25 26 10 645 27 28 29 30 31 32 33 11 645 34 35 36 37 34 38 39 12 1 2 3 4 5 6 7 8 9 40 41 42 43 0 16 110 622 111 110 113 155 114 156 2 0 1 10 5 67 68 69 40 41 42 43 2 645 70 71 72 73 74 75 76 77 78 79 80 81 82 83 84 85 86 87 88 89 90 91 92 93 94 95 96 97 98 99 100 101 102 103 104 105 106 107
https://www.cookinglight.com/recipes/glazed-red-pearl-onions
646:  646 0 0 646 10 646 11 646 12 1 2 3 4 5 6 7 8 1 110 111 0 0 646 13 13 13 14 14 14 15 15 15 646 16 17 18 19 20 21 22 23 24 25 26 10 646 27 28 29 30 31 32 33 11 646 34 35 36 37 34 38 39 12 1 2 3 4 5 6 7 8 9 40 41 42 43 0 16 110 622 111 110 113 155 114 156 2 0 1 10 5 67 68 69 40 41 42 43 2 646 70 71 72 73 74 75 76 77 78 79 80 81 82 83 84 85 86 87 88 89 90 91 92 93 94 95 96 97 98 99 100 101 102 103 104 105 106 107
https://www.cookinglight.com/recipes/instant-pot-chili-beans
647:  647 0 0 647 10 647 11 647 12 1 2 3 4 5 6 7 8 1 110 111 0 0 647 13 13 13 14 14 14 15 15 15 647 16 17 18 19 20 21 22 23 24 25 26 10 647 27 28 29 30 31 32 33 11 647 34 35 36 37 34 38 39 12 1 2 3 4 5 6 7 8 9 40 41 42 43 0 622 111 110 113 155 114 156 2 0 1 10 5 67 68 69 40 41 42 43 2 647 70 71 72 73 74 75 76 77 78 79 80 81 82 83 84 85 86 87 88 89 90 91 92 93 94 95 96 97 98 99 100 101 102 103 104 105 106 107
https://www.cookinglight.com/recipes/zucchini-pesto-sausage-pizza
648:  648 0 0 648 10 648 11 648 12 1 2 3 4 5 6 7 8 1 110 111 0 0 648 13 13 13 14 14 14 15 15 15 648 16 17 18 19 20 21 22 23 24 25 26 10 648 27 28 29 30 31 32 33 11 648 34 35 36 37 34 38 39 12 1 2 3 4 5 6 7 8 9 40 41 42 43 0 16 110 622 111 110 113 155 114 156 2 0 1 10 5 67 68 69 40 41 42 43 2 648 70 71 72 73 74 75 76 77 78 79 80 81 82 83 84 85 86 87 88 89 90 91 92 93 94 95 96 97 98 99 100 101 102 103 104 105 106 107
https://www.cookinglight.com/recipes/sausage-herb-and-cranberrystuffed-onions
649:  649 0 0 649 10 649 11 649 12 1 2 3 4 5 6 7 8 1 110 111 0 0 649 13 13 13 14 14 14 15 15 15 649 16 17 18 19 20 21 22 23 24 25 26 10 649 27 28 29 30 31 32 33 11 649 34 35 36 37 34 38 39 12 1 2 3 4 5 6 7 8 9 40 41 42 43 0 16 110 622 111 110 113 155 114 156 2 0 1 10 5 67 68 69 40 41 42 43 2 649 70 71 72 73 74 75 76 77 78 79 80 81 82 83 84 85 86 87 88 89 90 91 92 93 94 95 96 97 98 99 100 101 102 103 104 105 106 107
https://www.cookinglight.com/recipes/instant-pot-cuban-black-beans
650:  650 0 0 650 10 650 11 650 12 1 2 3 4 5 6 7 8 1 110 111 0 0 650 13 13 13 14 14 14 15 15 15 650 16 17 18 19 20 21 22 23 24 25 26 10 650 27 28 29 30 31 32 33 11 650 34 35 36 37 34 38 39 12 1 2 3 4 5 6 7 8 9 40 41 42 43 0 110 622 111 110 113 155 114 156 2 0 1 10 5 67 68 69 40 41 42 43 2 650 70 71 72 73 74 75 76 77 78 79 80 81 82 83 84 85 86 87 88 89 90 91 92 93 94 95 96 97 98 99 100 101 102 103 104 105 106 107
https://www.cookinglight.com/food/recipe-finder/ways-to-use-preshredded-brussels-sprouts
629:  629 0 0 629 10 629 11 629 12 1 2 3 4 5 6 7 8 1 110 111 0 0 629 13 13 13 14 14 14 15 15 15 629 16 17 18 19 20 21 22 23 24 25 26 10 629 27 28 29 30 31 32 33 11 629 34 35 36 37 34 38 39 12 1 2 3 4 5 6 7 8 9 40 41 42 43 0 16 622 629 110 629 110 111 113 114 115 110 651 110 111 113 114 115 110 652 110 111 113 114 115 110 653 110 111 113 114 115 110 654 110 111 113 114 115 110 655 629 110 111 629 629 622 110 111 629 111 113 114 115 0 1 10 5 67 68 69 40 41 42 43 2 629 70 71 72 73 74 75 76 77 78 79 80 81 82 83 84 85 86 87 88 89 90 91 92 93 94 95 96 97 98 99 100 101 102 103 104 105 106 107
https://www.cookinglight.com/recipes/caesar-brussels-sprouts-salad-almonds
651:  651 0 0 651 10 651 11 651 12 1 2 3 4 5 6 7 8 1 110 111 0 0 651 13 13 13 14 14 14 15 15 15 651 16 17 18 19 20 21 22 23 24 25 26 10 651 27 28 29 30 31 32 33 11 651 34 35 36 37 34 38 39 12 1 2 3 4 5 6 7 8 9 40 41 42 43 0 16 622 111 110 113 155 114 156 2 0 1 10 5 67 68 69 40 41 42 43 2 651 70 71 72 73 74 75 76 77 78 79 80 81 82 83 84 85 86 87 88 89 90 91 92 93 94 95 96 97 98 99 100 101 102 103 104 105 106 107
https://www.cookinglight.com/recipes/pomegranate-avocado-citrus-brussels-sprouts-salad
652:  652 0 0 652 10 652 11 652 12 1 2 3 4 5 6 7 8 1 110 111 0 0 652 13 13 13 14 14 14 15 15 15 652 16 17 18 19 20 21 22 23 24 25 26 10 652 27 28 29 30 31 32 33 11 652 34 35 36 37 34 38 39 12 1 2 3 4 5 6 7 8 9 40 41 42 43 0 16 622 111 110 113 155 114 156 2 0 1 10 5 67 68 69 40 41 42 43 2 652 70 71 72 73 74 75 76 77 78 79 80 81 82 83 84 85 86 87 88 89 90 91 92 93 94 95 96 97 98 99 100 101 102 103 104 105 106 107
https://www.cookinglight.com/recipes/brussels-sprouts-saute-pecans-blue-cheese
653:  653 0 0 653 10 653 11 653 12 1 2 3 4 5 6 7 8 1 110 111 0 0 653 13 13 13 14 14 14 15 15 15 653 16 17 18 19 20 21 22 23 24 25 26 10 653 27 28 29 30 31 32 33 11 653 34 35 36 37 34 38 39 12 1 2 3 4 5 6 7 8 9 40 41 42 43 0 16 622 111 110 113 155 114 156 2 0 1 10 5 67 68 69 40 41 42 43 2 653 70 71 72 73 74 75 76 77 78 79 80 81 82 83 84 85 86 87 88 89 90 91 92 93 94 95 96 97 98 99 100 101 102 103 104 105 106 107
https://www.cookinglight.com/recipes/shaved-brussels-sprouts-salad-0
654:  654 0 0 654 10 654 11 654 12 1 2 3 4 5 6 7 8 1 110 111 0 0 654 13 13 13 14 14 14 15 15 15 654 16 17 18 19 20 21 22 23 24 25 26 10 654 27 28 29 30 31 32 33 11 654 34 35 36 37 34 38 39 12 1 2 3 4 5 6 7 8 9 40 41 42 43 0 16 656 111 110 113 155 114 156 2 0 1 10 5 67 68 69 40 41 42 43 2 654 70 71 72 73 74 75 76 77 78 79 80 81 82 83 84 85 86 87 88 89 90 91 92 93 94 95 96 97 98 99 100 101 102 103 104 105 106 107
https://www.cookinglight.com/author/hunter-lewis
656:  656 0 0 656 10 656 11 656 12 1 2 3 4 5 6 7 8 1 0 0 656 13 13 13 14 14 14 15 15 15 656 16 17 18 19 20 21 22 23 24 25 26 10 656 27 28 29 30 31 32 33 11 656 34 35 36 37 34 38 39 12 1 2 3 4 5 6 7 8 9 40 41 42 43 657 658 658 659 659 660 660 661 661 662 662 663 663 664 664 665 665 666 666 667 667 668 668 669 669 670 670 671 671 672 672 673 673 674 674 675 675 676 676 677 677 678 678 679 679 680 680 656 0 1 10 5 67 68 69 40 41 42 43 2 656 70 71 72 73 74 75 76 77 78 79 80 81 82 83 84 85 86 87 88 89 90 91 92 93 94 95 96 97 98 99 100 101 102 103 104 105 106 107
https://www.cookinglight.com/eating-smart/smart-choices/gut-health
658:  658 0 0 658 10 658 11 658 12 1 2 3 4 5 6 7 8 1 110 111 0 0 658 13 13 13 14 14 14 15 15 15 658 16 17 18 19 20 21 22 23 24 25 26 10 658 27 28 29 30 31 32 33 11 658 34 35 36 37 34 38 39 12 1 2 3 4 5 6 7 8 9 40 41 42 43 0 11 656 110 111 113 114 115 658 110 681 682 683 178 2 684 685 163 686 0 1 10 5 67 68 69 40 41 42 43 2 658 70 71 72 73 74 75 76 77 78 79 80 81 82 83 84 85 86 87 88 89 90 91 92 93 94 95 96 97 98 99 100 101 102 103 104 105 106 107
https://www.cookinglight.com/author/ann-pittman
681:  681 0 0 681 10 681 11 681 12 1 2 3 4 5 6 7 8 1 0 0 681 13 13 13 14 14 14 15 15 15 681 16 17 18 19 20 21 22 23 24 25 26 10 681 27 28 29 30 31 32 33 11 681 34 35 36 37 34 38 39 12 1 2 3 4 5 6 7 8 9 40 41 42 43 687 688 688 689 689 690 690 691 691 692 692 693 693 694 694 695 695 696 696 697 697 698 698 699 699 700 700 701 701 702 702 703 703 704 704 705 705 706 706 707 707 708 708 709 709 710 710 681 0 1 10 5 67 68 69 40 41 42 43 2 681 70 71 72 73 74 75 76 77 78 79 80 81 82 83 84 85 86 87 88 89 90 91 92 93 94 95 96 97 98 99 100 101 102 103 104 105 106 107
https://www.cookinglight.com/eating-smart/how-to-stock-pantry-fridge-freezer
688:  688 0 0 688 10 688 11 688 12 1 2 3 4 5 6 7 8 1 110 111 0 0 688 13 13 13 14 14 14 15 15 15 688 16 17 18 19 20 21 22 23 24 25 26 10 688 27 28 29 30 31 32 33 11 688 34 35 36 37 34 38 39 12 1 2 3 4 5 6 7 8 9 40 41 42 43 0 681 110 111 113 114 115 688 110 711 2 712 713 110 10 714 447 110 715 716 110 10 717 718 110 719 720 110 0 1 10 5 67 68 69 40 41 42 43 2 688 70 71 72 73 74 75 76 77 78 79 80 81 82 83 84 85 86 87 88 89 90 91 92 93 94 95 96 97 98 99 100 101 102 103 104 105 106 107
https://www.cookinglight.com/eating-smart/why-you-should-cook-more-at-home
711:  711 0 0 711 10 711 11 711 12 1 2 3 4 5 6 7 8 1 110 111 0 0 711 13 13 13 14 14 14 15 15 15 711 16 17 18 19 20 21 22 23 24 25 26 10 711 27 28 29 30 31 32 33 11 711 34 35 36 37 34 38 39 12 1 2 3 4 5 6 7 8 9 40 41 42 43 0 681 110 111 113 114 115 711 110 721 2 722 110 723 110 724 110 725 110 726 110 727 110 728 110 729 722 0 1 10 5 67 68 69 40 41 42 43 2 711 70 71 72 73 74 75 76 77 78 79 80 81 82 83 84 85 86 87 88 89 90 91 92 93 94 95 96 97 98 99 100 101 102 103 104 105 106 107
https://www.cookinglight.com/healthy-living/health/top-food-health-trends-2020
721:  721 0 0 721 10 721 11 721 12 1 2 3 4 5 6 7 8 1 110 111 0 0 721 13 13 13 14 14 14 15 15 15 721 16 17 18 19 20 21 22 23 24 25 26 10 721 27 28 29 30 31 32 33 11 721 34 35 36 37 34 38 39 12 1 2 3 4 5 6 7 8 9 40 41 42 43 0 64 730 110 111 113 114 115 721 110 2 110 110 110 722 731 110 110 110 732 110 110 711 722 0 1 10 5 67 68 69 40 41 42 43 2 721 70 71 72 73 74 75 76 77 78 79 80 81 82 83 84 85 86 87 88 89 90 91 92 93 94 95 96 97 98 99 100 101 102 103 104 105 106 107
https://www.cookinglight.com/author/carolyn-williams-phd-rd
730:  730 0 0 730 10 730 11 730 12 1 2 3 4 5 6 7 8 1 0 0 730 13 13 13 14 14 14 15 15 15 730 16 17 18 19 20 21 22 23 24 25 26 10 730 27 28 29 30 31 32 33 11 730 34 35 36 37 34 38 39 12 1 2 3 4 5 6 7 8 9 40 41 42 43 55 55 733 733 734 734 735 735 736 736 737 737 738 738 739 739 740 740 741 741 732 732 742 742 721 721 743 743 744 744 745 745 746 746 747 747 748 748 749 749 750 750 751 751 752 752 730 0 1 10 5 67 68 69 40 41 42 43 2 730 70 71 72 73 74 75 76 77 78 79 80 81 82 83 84 85 86 87 88 89 90 91 92 93 94 95 96 97 98 99 100 101 102 103 104 105 106 107
https://www.cookinglight.com/cooking-101/how-to-spring-clean-your-diet
733:  733 0 0 733 10 733 11 733 12 1 2 3 4 5 6 7 8 1 110 111 0 0 733 13 13 13 14 14 14 15 15 15 733 16 17 18 19 20 21 22 23 24 25 26 10 733 27 28 29 30 31 32 33 11 733 34 35 36 37 34 38 39 12 1 2 3 4 5 6 7 8 9 40 41 42 43 0 730 110 111 113 114 115 733 110 2 110 753 110 754 755 756 110 757 758 110 734 14 0 1 10 5 67 68 69 40 41 42 43 2 733 70 71 72 73 74 75 76 77 78 79 80 81 82 83 84 85 86 87 88 89 90 91 92 93 94 95 96 97 98 99 100 101 102 103 104 105 106 107
https://www.cookinglight.com/healthy-living/healthy-habits/how-much-serving-fruits-vegetables
754:  754 0 0 754 10 754 11 754 12 1 2 3 4 5 6 7 8 1 110 111 0 0 754 13 13 13 14 14 14 15 15 15 754 16 17 18 19 20 21 22 23 24 25 26 10 754 27 28 29 30 31 32 33 11 754 34 35 36 37 34 38 39 12 1 2 3 4 5 6 7 8 9 40 41 42 43 0 64 754 110 754 110 111 113 114 115 110 111 113 114 115 110 110 111 113 114 115 110 110 111 113 114 115 110 759 110 111 113 114 115 110 760 110 111 113 114 115 110 761 762 110 111 113 114 115 110 763 764 110 111 113 114 115 110 765 110 111 113 114 115 110 766 110 111 113 114 115 110 754 110 111 754 754 110 111 754 111 113 114 115 0 1 10 5 67 68 69 40 41 42 43 2 754 70 71 72 73 74 75 76 77 78 79 80 81 82 83 84 85 86 87 88 89 90 91 92 93 94 95 96 97 98 99 100 101 102 103 104 105 106 107
https://www.cookinglight.com/food/quick-healthy/20-minute-salad-recipes-00400000044717/
759:  759 0 0 759 10 759 11 759 12 1 2 3 4 5 6 7 8 1 110 111 0 0 759 13 13 13 14 14 14 15 15 15 759 16 17 18 19 20 21 22 23 24 25 26 10 759 27 28 29 30 31 32 33 11 759 34 35 36 37 34 38 39 12 1 2 3 4 5 6 7 8 9 40 41 42 43 0 16 759 110 759 110 111 113 114 115 110 767 110 111 113 114 115 110 768 110 111 113 114 115 110 769 110 111 113 114 115 110 770 110 111 113 114 115 110 771 110 111 113 114 115 110 772 110 111 113 114 115 110 773 110 111 113 114 115 110 774 110 111 113 114 115 110 775 776 110 111 113 114 115 110 777 110 111 113 114 115 110 778 110 111 113 114 115 110 779 110 111 113 114 115 110 780 110 111 113 114 115 110 781 110 111 113 114 115 110 782 110 111 113 114 115 110 783 110 111 113 114 115 110 784 110 111 113 114 115 110 785 110 111 113 114 115 110 786 110 111 113 114 115 110 787 110 111 113 114 115 110 788 110 111 113 114 115 110 789 790 110 111 113 114 115 110 791 792 110 111 113 114 115 110 793 110 111 113 114 115 110 794 110 111 113 114 115 110 795 110 111 113 114 115 110 796 110 111 113 114 115 110 797 110 111 113 114 115 110 798 110 111 113 114 115 110 799 110 111 113 114 115 110 800 801 110 111 113 114 115 110 802 110 111 113 114 115 110 803 110 111 113 114 115 110 804 110 111 113 114 115 110 805 110 111 113 114 115 110 806 110 111 113 114 115 110 807 110 111 113 114 115 110 808 110 111 113 114 115 110 809 110 111 113 114 115 110 810 811 812 813 110 111 113 114 115 110 814 110 111 113 114 115 110 815 110 111 113 114 115 110 816 110 111 113 114 115 110 817 110 111 113 114 115 110 818 819 820 821 110 111 113 114 115 110 822 110 111 113 114 115 110 823 110 111 113 114 115 110 824 110 111 113 114 115 110 825 110 111 113 114 115 110 826 110 111 113 114 115 110 827 110 111 113 114 115 110 828 110 111 113 114 115 110 829 759 110 111 759 759 110 111 759 111 113 114 115 0 1 10 5 67 68 69 40 41 42 43 2 759 70 71 72 73 74 75 76 77 78 79 80 81 82 83 84 85 86 87 88 89 90 91 92 93 94 95 96 97 98 99 100 101 102 103 104 105 106 107
https://www.cookinglight.com/recipes/arugula-egg-charred-asparagus-salad
768:  768 0 0 768 10 768 11 768 12 1 2 3 4 5 6 7 8 1 110 111 0 0 768 13 13 13 14 14 14 15 15 15 768 16 17 18 19 20 21 22 23 24 25 26 10 768 27 28 29 30 31 32 33 11 768 34 35 36 37 34 38 39 12 1 2 3 4 5 6 7 8 9 40 41 42 43 0 16 110 830 111 110 113 155 114 156 831 624 831 832 624 832 833 52 833 834 29 834 2 0 1 10 5 67 68 69 40 41 42 43 2 768 70 71 72 73 74 75 76 77 78 79 80 81 82 83 84 85 86 87 88 89 90 91 92 93 94 95 96 97 98 99 100 101 102 103 104 105 106 107
https://www.cookinglight.com/recipes/bibb-radicchio-asparagus-salad
832:  832 0 0 832 10 832 11 832 12 1 2 3 4 5 6 7 8 1 110 111 0 0 832 13 13 13 14 14 14 15 15 15 832 16 17 18 19 20 21 22 23 24 25 26 10 832 27 28 29 30 31 32 33 11 832 34 35 36 37 34 38 39 12 1 2 3 4 5 6 7 8 9 40 41 42 43 0 16 110 835 111 110 113 155 114 156 836 624 836 768 624 768 831 624 831 837 16 837 2 0 1 10 5 67 68 69 40 41 42 43 2 832 70 71 72 73 74 75 76 77 78 79 80 81 82 83 84 85 86 87 88 89 90 91 92 93 94 95 96 97 98 99 100 101 102 103 104 105 106 107
https://www.cookinglight.com/author/adam-hickman
835:  835 0 0 835 10 835 11 835 12 1 2 3 4 5 6 7 8 1 0 0 835 13 13 13 14 14 14 15 15 15 835 16 17 18 19 20 21 22 23 24 25 26 10 835 27 28 29 30 31 32 33 11 835 34 35 36 37 34 38 39 12 1 2 3 4 5 6 7 8 9 40 41 42 43 838 839 839 840 840 841 841 842 842 843 843 844 844 845 845 846 846 847 847 848 848 849 849 850 850 851 851 852 852 853 853 854 854 855 855 856 856 857 857 858 858 859 859 860 860 861 861 835 0 1 10 5 67 68 69 40 41 42 43 2 835 70 71 72 73 74 75 76 77 78 79 80 81 82 83 84 85 86 87 88 89 90 91 92 93 94 95 96 97 98 99 100 101 102 103 104 105 106 107
https://www.cookinglight.com/cooking-101/how-to-cook-a-raw-fresh-ham
839:  839 0 0 839 10 839 11 839 12 1 2 3 4 5 6 7 8 1 110 111 0 0 839 13 13 13 14 14 14 15 15 15 839 16 17 18 19 20 21 22 23 24 25 26 10 839 27 28 29 30 31 32 33 11 839 34 35 36 37 34 38 39 12 1 2 3 4 5 6 7 8 9 40 41 42 43 0 835 110 111 113 114 115 839 110 862 2 863 864 865 866 0 1 10 5 67 68 69 40 41 42 43 2 839 70 71 72 73 74 75 76 77 78 79 80 81 82 83 84 85 86 87 88 89 90 91 92 93 94 95 96 97 98 99 100 101 102 103 104 105 106 107
https://www.cookinglight.com/recipes/baked-ham-glazed-champagne
865:  865 0 0 865 10 865 11 865 12 1 2 3 4 5 6 7 8 1 110 111 0 0 865 13 13 13 14 14 14 15 15 15 865 16 17 18 19 20 21 22 23 24 25 26 10 865 27 28 29 30 31 32 33 11 865 34 35 36 37 34 38 39 12 1 2 3 4 5 6 7 8 9 40 41 42 43 0 16 110 111 110 113 155 114 156 2 0 1 10 5 67 68 69 40 41 42 43 2 865 70 71 72 73 74 75 76 77 78 79 80 81 82 83 84 85 86 87 88 89 90 91 92 93 94 95 96 97 98 99 100 101 102 103 104 105 106 107
