https://www.atelierdeschefs.fr/
0:  0 1 2 3 1 4 5 6 0 6 7 8 9 10 11 12 13 14 15 16 17 18 19 20 21 20 22 23 24 22 22 23 25 26 27 0 7 13 20 22 25 26 2 3 28 20 29 22 25 26 24 30 20 31 32 22 21 33 23 34 25 32 32 35 36 10 37 37 38 39 40 41 42 43 44 45 46 47 48
https://www.atelierdeschefs.fr/fr/liste-courses-recettes.php
1:  1 1 2 3 1 4 5 6 1 6 7 8 9 10 11 12 13 14 15 16 17 18 19 20 21 20 22 23 24 22 22 23 25 26 27 1 7 13 20 22 25 26 2 3 20 31 32 22 21 33 23 34 25 32 32 35 36 10 37 37 38 39 40 41 42 43 44 45 46 47 48
https://www.atelierdeschefs.fr/fr/
4:  4 1 2 3 1 4 5 6 4 6 7 8 9 10 11 12 13 14 15 16 17 18 19 20 21 20 22 23 24 22 22 23 25 26 27 4 7 13 20 22 25 26 2 3 28 20 29 22 25 26 24 30 20 31 32 22 21 33 23 34 25 32 32 35 36 10 37 37 38 39 40 41 42 43 44 45 46 47 48
https://www.atelierdeschefs.fr/fr/login.php
5:  5 1 2 3 1 4 5 6 5 6 7 8 9 10 11 12 13 14 15 16 17 18 19 20 21 20 22 23 24 22 22 23 25 26 27 5 7 13 20 22 25 26 2 3 49 49 20 31 32 22 21 33 23 34 25 32 32 35 36 10 37 37 38 39 40 41 42 43 44 45 46 47 48
https://www.atelierdeschefs.fr
6:  6 1 2 3 1 4 5 6 6 6 7 8 9 10 11 12 13 14 15 16 17 18 19 20 21 20 22 23 24 22 22 23 25 26 27 6 7 13 20 22 25 26 2 3 28 20 29 22 25 26 24 30 20 31 32 22 21 33 23 34 25 32 32 35 36 10 37 37 38 39 40 41 42 43 44 45 46 47 48
https://www.atelierdeschefs.fr/fr/formations-cap
7:  7 1 2 3 1 4 5 6 7 6 7 8 9 10 11 12 13 14 15 16 17 18 19 20 21 20 22 23 24 22 22 23 25 26 27 7 7 13 20 22 25 26 2 3 8 9 10 11 12 50 20 31 32 22 21 33 23 34 25 32 32 35 36 10 37 37 38 39 40 41 42 43 44 45 46 47 48
https://www.atelierdeschefs.fr/fr/stages-et-reconversions
13:  13 1 2 3 1 4 5 6 13 6 7 8 9 10 11 12 13 14 15 16 17 18 19 20 21 20 22 23 24 22 22 23 25 26 27 13 7 13 20 22 25 26 2 3 14 15 16 51 52 19 20 31 32 22 21 33 23 34 25 32 32 35 36 10 37 37 38 39 40 41 42 43 44 45 46 47 48
https://www.atelierdeschefs.fr/fr/formation/reconversionpropatisserie
51:  51 1 2 3 1 4 5 6 51 6 7 8 9 10 11 12 13 14 15 16 17 18 19 20 21 20 22 23 24 22 22 23 25 26 27 51 7 13 20 22 25 26 2 3 35 53 54 52 20 31 32 22 21 33 23 34 25 32 32 35 36 10 37 37 38 39 40 41 42 43 44 45 46 47 48
https://www.atelierdeschefs.fr/fr/concept/ateliers-cuisine/53-rueil-malmaison.php
53:  53 1 2 3 1 4 5 6 53 6 7 8 9 10 11 12 13 14 15 16 17 18 19 20 21 20 22 23 24 22 22 23 25 26 27 53 7 13 20 22 25 26 2 3 6 20 21 53 55 56 57 58 59 60 33 44 20 31 32 22 21 33 23 34 25 32 32 35 36 10 37 37 38 39 40 41 42 43 44 45 46 47 48
https://www.atelierdeschefs.fr/fr/cours/detail/id/262948
56:  56 1 2 3 1 4 5 6 56 6 7 8 9 10 11 12 13 14 15 16 17 18 19 20 21 20 22 23 24 22 22 23 25 26 27 56 7 13 20 22 25 26 2 3 6 20 60 56 61 22 62 62 63 64 64 65 66 66 67 33 44 20 31 32 22 21 33 23 34 25 32 32 35 36 10 37 37 38 39 40 41 42 43 44 45 46 47 48
https://www.atelierdeschefs.fr/fr/cours/detail/id/262951
64:  64 1 2 3 1 4 5 6 64 6 7 8 9 10 11 12 13 14 15 16 17 18 19 20 21 20 22 23 24 22 22 23 25 26 27 64 7 13 20 22 25 26 2 3 6 20 60 64 65 22 66 66 67 68 68 69 70 70 71 33 44 20 31 32 22 21 33 23 34 25 32 32 35 36 10 37 37 38 39 40 41 42 43 44 45 46 47 48
https://www.atelierdeschefs.fr/fr/cours/detail/id/262952
68:  68 1 2 3 1 4 5 6 68 6 7 8 9 10 11 12 13 14 15 16 17 18 19 20 21 20 22 23 24 22 22 23 25 26 27 68 7 13 20 22 25 26 2 3 6 20 60 68 69 22 70 70 71 72 72 73 74 74 75 33 44 20 31 32 22 21 33 23 34 25 32 32 35 36 10 37 37 38 39 40 41 42 43 44 45 46 47 48
https://www.atelierdeschefs.fr/fr/cours/detail/id/262954
72:  72 1 2 3 1 4 5 6 72 6 7 8 9 10 11 12 13 14 15 16 17 18 19 20 21 20 22 23 24 22 22 23 25 26 27 72 7 13 20 22 25 26 2 3 6 20 60 72 73 22 76 77 78 79 80 81 82 83 84 85 86 74 74 75 56 56 61 62 62 63 87 5 20 31 32 22 21 33 23 34 25 32 32 35 36 10 37 37 38 39 40 41 42 43 44 45 46 47 48
https://www.atelierdeschefs.fr/fr/media2
76:  76 1 2 3 1 4 5 6 76 6 7 8 9 10 11 12 13 14 15 16 17 18 19 20 21 20 22 23 24 22 22 23 25 26 27 76 7 13 20 22 25 26 2 3 49 49 20 31 32 22 21 33 23 34 25 32 32 35 36 10 37 37 38 39 40 41 42 43 44 45 46 47 48
https://www.atelierdeschefs.fr/fr/techniques-de-cuisine/68-realiser-une-meringue-italienne.php
77:  77 1 2 3 1 4 5 6 77 6 7 8 9 10 11 12 13 14 15 16 17 18 19 20 21 20 22 23 24 22 22 23 25 26 27 77 7 13 20 22 25 26 2 3 6 27 77 88 89 90 91 92 93 94 20 31 32 22 21 33 23 34 25 32 32 35 36 10 37 37 38 39 40 41 42 43 44 45 46 47 48
https://www.atelierdeschefs.fr/fr/techniquevideo/addcarnet/id/68
88:  88 1 2 3 1 4 5 6 88 6 7 8 9 10 11 12 13 14 15 16 17 18 19 20 21 20 22 23 24 22 22 23 25 26 27 88 7 13 20 22 25 26 2 3 49 49 20 31 32 22 21 33 23 34 25 32 32 35 36 10 37 37 38 39 40 41 42 43 44 45 46 47 48
https://www.atelierdeschefs.fr/fr/cours-en-ligne/207-macarons-meringue-italienne-et-speculoos.php
89:  89 1 2 3 1 4 5 6 89 6 7 8 9 10 11 12 13 14 15 16 17 18 19 20 21 20 22 23 24 22 22 23 25 26 27 89 7 13 20 22 25 26 2 3 6 24 95 89 89 96 97 98 96 89 89 77 78 99 79 100 89 89 90 101 102 103 104 105 106 89 89 98 97 20 31 32 22 21 33 23 34 25 32 32 35 36 10 37 37 38 39 40 41 42 43 44 45 46 47 48
https://www.atelierdeschefs.fr/fr/recette/imprimerrecette/id/24164
96: 
https://www.atelierdeschefs.fr/fr/courslive3/addcarnet/id/207
97:  97 1 2 3 1 4 5 6 97 6 7 8 9 10 11 12 13 14 15 16 17 18 19 20 21 20 22 23 24 22 22 23 25 26 27 97 7 13 20 22 25 26 2 3 49 49 20 31 32 22 21 33 23 34 25 32 32 35 36 10 37 37 38 39 40 41 42 43 44 45 46 47 48
https://www.atelierdeschefs.fr/fr/listecourse/addrecettelistecourse/recettes/24164
98: 
https://www.atelierdeschefs.fr/fr/techniques-de-cuisine/70-monter-des-blancs-en-neige.php
99:  99 1 2 3 1 4 5 6 99 6 7 8 9 10 11 12 13 14 15 16 17 18 19 20 21 20 22 23 24 22 22 23 25 26 27 99 7 13 20 22 25 26 2 3 6 27 99 107 108 109 110 111 112 113 114 115 20 31 32 22 21 33 23 34 25 32 32 35 36 10 37 37 38 39 40 41 42 43 44 45 46 47 48
https://www.atelierdeschefs.fr/fr/techniquevideo/addcarnet/id/70
107:  107 1 2 3 1 4 5 6 107 6 7 8 9 10 11 12 13 14 15 16 17 18 19 20 21 20 22 23 24 22 22 23 25 26 27 107 7 13 20 22 25 26 2 3 49 49 20 31 32 22 21 33 23 34 25 32 32 35 36 10 37 37 38 39 40 41 42 43 44 45 46 47 48
https://www.atelierdeschefs.fr/fr/cours-en-ligne/80-les-souffles-fromage-et-chocolat.php
108:  108 1 2 3 1 4 5 6 108 6 7 8 9 10 11 12 13 14 15 16 17 18 19 20 21 20 22 23 24 22 22 23 25 26 27 108 7 13 20 22 25 26 2 3 6 24 95 108 108 116 117 118 119 108 108 120 108 108 99 108 121 122 123 124 125 126 127 128 108 108 118 129 130 20 31 32 22 21 33 23 34 25 32 32 35 36 10 37 37 38 39 40 41 42 43 44 45 46 47 48
https://www.atelierdeschefs.fr/fr/recette/24090-sauce-chocolat-ontueuse.php
128:  128 1 2 3 1 4 5 6 128 6 7 8 9 10 11 12 13 14 15 16 17 18 19 20 21 20 22 23 24 22 22 23 25 26 27 128 7 13 20 22 25 26 2 3 6 26 131 128 81 81 132 132 133 134 135 136 137 138 139 123 140 141 126 127 20 31 32 22 21 33 23 34 25 32 32 35 36 10 37 37 38 39 40 41 42 43 44 45 46 47 48
https://www.atelierdeschefs.fr/fr/recettes-chocolat.php
131:  131 1 2 3 1 4 5 6 131 6 7 8 9 10 11 12 13 14 15 16 17 18 19 20 21 20 22 23 24 22 22 23 25 26 27 131 7 13 20 22 25 26 2 3 131 6 26 131 142 143 144 145 146 147 148 149 150 151 152 153 154 131 131 131 131 131 131 155 155 156 156 157 157 158 158 159 159 160 160 161 162 162 163 163 164 164 131 131 165 166 167 168 169 170 171 172 173 174 175 176 177 178 179 180 181 182 183 20 31 32 22 21 33 23 34 25 32 32 35 36 10 37 37 38 39 40 41 42 43 44 45 46 47 48
https://www.atelierdeschefs.fr/fr/recettes-de-mousse-au-chocolat.php
142:  142 1 2 3 1 4 5 6 142 6 7 8 9 10 11 12 13 14 15 16 17 18 19 20 21 20 22 23 24 22 22 23 25 26 27 142 7 13 20 22 25 26 2 3 6 24 95 184 142 185 186 187 188 142 142 189 142 142 190 142 191 192 193 194 195 196 197 198 142 142 187 199 200 20 31 32 22 21 33 23 34 25 32 32 35 36 10 37 37 38 39 40 41 42 43 44 45 46 47 48
https://www.atelierdeschefs.fr/fr/cours-en-ligne/1002-mousse-au-chocolat-blanc.php
192:  192 1 2 3 1 4 5 6 192 6 7 8 9 10 11 12 13 14 15 16 17 18 19 20 21 20 22 23 24 22 22 23 25 26 27 192 7 13 20 22 25 26 2 3 6 24 95 192 192 201 202 203 201 192 192 81 204 205 192 192 191 138 206 195 196 197 198 192 192 203 202 20 31 32 22 21 33 23 34 25 32 32 35 36 10 37 37 38 39 40 41 42 43 44 45 46 47 48
https://www.atelierdeschefs.fr/fr/recette/imprimerrecette/id/27968
201: 
https://www.atelierdeschefs.fr/fr/courslive3/addcarnet/id/1002
202:  202 1 2 3 1 4 5 6 202 6 7 8 9 10 11 12 13 14 15 16 17 18 19 20 21 20 22 23 24 22 22 23 25 26 27 202 7 13 20 22 25 26 2 3 49 49 20 31 32 22 21 33 23 34 25 32 32 35 36 10 37 37 38 39 40 41 42 43 44 45 46 47 48
https://www.atelierdeschefs.fr/fr/listecourse/addrecettelistecourse/recettes/27968
203: 
https://www.atelierdeschefs.fr/fr/techniques-de-cuisine/438-utiliser-de-la-gelatine-en-feuille.php
204:  204 1 2 3 1 4 5 6 204 6 7 8 9 10 11 12 13 14 15 16 17 18 19 20 21 20 22 23 24 22 22 23 25 26 27 204 7 13 20 22 25 26 2 3 6 27 204 207 208 209 210 211 212 213 214 215 20 31 32 22 21 33 23 34 25 32 32 35 36 10 37 37 38 39 40 41 42 43 44 45 46 47 48
https://www.atelierdeschefs.fr/fr/techniquevideo/addcarnet/id/438
207:  207 1 2 3 1 4 5 6 207 6 7 8 9 10 11 12 13 14 15 16 17 18 19 20 21 20 22 23 24 22 22 23 25 26 27 207 7 13 20 22 25 26 2 3 49 49 20 31 32 22 21 33 23 34 25 32 32 35 36 10 37 37 38 39 40 41 42 43 44 45 46 47 48
https://www.atelierdeschefs.fr/fr/cours-en-ligne/95-je-fais-quoi-avec-du-salsifis.php
208:  208 1 2 3 1 4 5 6 208 6 7 8 9 10 11 12 13 14 15 16 17 18 19 20 21 20 22 23 24 22 22 23 25 26 27 208 7 13 20 22 25 26 2 3 6 24 95 208 208 216 217 218 219 208 208 220 208 208 204 208 221 222 223 224 225 226 227 228 208 208 218 229 230 20 31 32 22 21 33 23 34 25 32 32 35 36 10 37 37 38 39 40 41 42 43 44 45 46 47 48
https://www.atelierdeschefs.fr/fr/recette/15408-glace-a-la-fleur-d-oranger.php
224:  224 1 2 3 1 4 5 6 224 6 7 8 9 10 11 12 13 14 15 16 17 18 19 20 21 20 22 23 24 22 22 23 25 26 27 224 7 13 20 22 25 26 2 3 6 26 231 224 76 232 232 233 233 234 235 236 237 238 239 240 241 242 243 244 245 20 31 32 22 21 33 23 34 25 32 32 35 36 10 37 37 38 39 40 41 42 43 44 45 46 47 48
https://www.atelierdeschefs.fr/fr/recettes-d-ete-desserts-gourmands.php
231:  231 1 2 3 1 4 5 6 231 6 7 8 9 10 11 12 13 14 15 16 17 18 19 20 21 20 22 23 24 22 22 23 25 26 27 231 7 13 20 22 25 26 2 3 231 6 26 231 246 247 248 249 250 251 252 253 231 231 231 231 231 231 254 254 255 255 256 256 224 224 257 257 258 258 259 259 260 260 261 261 262 262 231 231 263 263 20 31 32 22 21 33 23 34 25 32 32 35 36 10 37 37 38 39 40 41 42 43 44 45 46 47 48
https://www.atelierdeschefs.fr/fr/recette/15814-boule-de-glace-panee-aux-speculoos.php
256:  256 1 2 3 1 4 5 6 256 6 7 8 9 10 11 12 13 14 15 16 17 18 19 20 21 20 22 23 24 22 22 23 25 26 27 256 7 13 20 22 25 26 2 3 6 26 231 256 76 264 265 266 267 268 269 270 224 225 226 271 272 20 31 32 22 21 33 23 34 25 32 32 35 36 10 37 37 38 39 40 41 42 43 44 45 46 47 48
https://www.atelierdeschefs.fr/fr/recette/26200-fruits-de-saison-et-boule-de-glace.php
264:  264 1 2 3 1 4 5 6 264 6 7 8 9 10 11 12 13 14 15 16 17 18 19 20 21 20 22 23 24 22 22 23 25 26 27 264 7 13 20 22 25 26 2 3 6 26 273 264 76 274 274 83 83 256 275 276 277 278 279 265 280 281 282 267 268 20 31 32 22 21 33 23 34 25 32 32 35 36 10 37 37 38 39 40 41 42 43 44 45 46 47 48
https://www.atelierdeschefs.fr/fr/whirlpool-nos-meilleures-recettes.php
273:  273 1 2 3 1 4 5 6 273 6 7 8 9 10 11 12 13 14 15 16 17 18 19 20 21 20 22 23 24 22 22 23 25 26 27 273 7 13 20 22 25 26 2 3 273 6 26 273 273 273 273 273 273 273 283 283 284 284 285 285 286 286 287 287 288 288 289 289 290 290 291 291 264 264 273 273 292 293 293 20 31 32 22 21 33 23 34 25 32 32 35 36 10 37 37 38 39 40 41 42 43 44 45 46 47 48
https://www.atelierdeschefs.fr/fr/recette/26198-pain-tomate-a-la-provencale.php
288:  288 1 2 3 1 4 5 6 288 6 7 8 9 10 11 12 13 14 15 16 17 18 19 20 21 20 22 23 24 22 22 23 25 26 27 288 7 13 20 22 25 26 2 3 6 26 273 288 76 294 294 295 295 296 297 298 299 300 301 302 303 304 305 306 307 20 31 32 22 21 33 23 34 25 32 32 35 36 10 37 37 38 39 40 41 42 43 44 45 46 47 48
https://www.atelierdeschefs.fr/fr/techniques-de-cuisine/35-preparer-des-poireaux.php
294:  294 1 2 3 1 4 5 6 294 6 7 8 9 10 11 12 13 14 15 16 17 18 19 20 21 20 22 23 24 22 22 23 25 26 27 294 7 13 20 22 25 26 2 3 6 27 294 308 309 310 311 312 313 314 315 316 20 31 32 22 21 33 23 34 25 32 32 35 36 10 37 37 38 39 40 41 42 43 44 45 46 47 48
https://www.atelierdeschefs.fr/fr/techniquevideo/addcarnet/id/35
308:  308 1 2 3 1 4 5 6 308 6 7 8 9 10 11 12 13 14 15 16 17 18 19 20 21 20 22 23 24 22 22 23 25 26 27 308 7 13 20 22 25 26 2 3 49 49 20 31 32 22 21 33 23 34 25 32 32 35 36 10 37 37 38 39 40 41 42 43 44 45 46 47 48
https://www.atelierdeschefs.fr/fr/cours-en-ligne/451-pot-au-feu-soupe-&-sauce.php
309:  309 1 2 3 1 4 5 6 309 6 7 8 9 10 11 12 13 14 15 16 17 18 19 20 21 20 22 23 24 22 22 23 25 26 27 309 7 13 20 22 25 26 2 3 6 24 95 309 309 317 318 319 320 309 309 321 309 309 322 309 309 294 323 324 325 326 309 327 328 329 127 330 331 332 333 309 309 319 334 335 336 20 31 32 22 21 33 23 34 25 32 32 35 36 10 37 37 38 39 40 41 42 43 44 45 46 47 48
https://www.atelierdeschefs.fr/fr/recette/imprimerrecette/id/24345
320: 
https://www.atelierdeschefs.fr/fr/recette/imprimerrecette/id/25344
321: 
https://www.atelierdeschefs.fr/fr/recette/imprimerrecette/id/25510
322: 
https://www.atelierdeschefs.fr/fr/techniques-de-cuisine/92-preparer-des-topinambours.php
324:  324 1 2 3 1 4 5 6 324 6 7 8 9 10 11 12 13 14 15 16 17 18 19 20 21 20 22 23 24 22 22 23 25 26 27 324 7 13 20 22 25 26 2 3 6 27 324 337 338 339 309 340 20 31 32 22 21 33 23 34 25 32 32 35 36 10 37 37 38 39 40 41 42 43 44 45 46 47 48
https://www.atelierdeschefs.fr/fr/techniquevideo/addcarnet/id/92
337:  337 1 2 3 1 4 5 6 337 6 7 8 9 10 11 12 13 14 15 16 17 18 19 20 21 20 22 23 24 22 22 23 25 26 27 337 7 13 20 22 25 26 2 3 49 49 20 31 32 22 21 33 23 34 25 32 32 35 36 10 37 37 38 39 40 41 42 43 44 45 46 47 48
https://www.atelierdeschefs.fr/fr/cours-en-ligne/423-poires-crues-et-cuites-a-la-vanille.php
338:  338 1 2 3 1 4 5 6 338 6 7 8 9 10 11 12 13 14 15 16 17 18 19 20 21 20 22 23 24 22 22 23 25 26 27 338 7 13 20 22 25 26 2 3 6 24 95 338 338 341 342 343 344 338 338 345 338 338 346 338 338 347 348 324 326 349 338 350 351 352 221 262 353 354 355 338 338 343 356 357 358 20 31 32 22 21 33 23 34 25 32 32 35 36 10 37 37 38 39 40 41 42 43 44 45 46 47 48
https://www.atelierdeschefs.fr/fr/cours-en-ligne/708-entree-chic-aux-langoustines.php
352:  352 1 2 3 1 4 5 6 352 6 7 8 9 10 11 12 13 14 15 16 17 18 19 20 21 20 22 23 24 22 22 23 25 26 27 352 7 13 20 22 25 26 2 3 6 24 95 352 352 359 360 361 359 352 352 362 363 364 352 352 350 351 365 366 367 353 354 352 352 361 360 20 31 32 22 21 33 23 34 25 32 32 35 36 10 37 37 38 39 40 41 42 43 44 45 46 47 48
https://www.atelierdeschefs.fr/fr/recette/imprimerrecette/id/26453
359: 
https://www.atelierdeschefs.fr/fr/courslive3/addcarnet/id/708
360:  360 1 2 3 1 4 5 6 360 6 7 8 9 10 11 12 13 14 15 16 17 18 19 20 21 20 22 23 24 22 22 23 25 26 27 360 7 13 20 22 25 26 2 3 49 49 20 31 32 22 21 33 23 34 25 32 32 35 36 10 37 37 38 39 40 41 42 43 44 45 46 47 48
https://www.atelierdeschefs.fr/fr/listecourse/addrecettelistecourse/recettes/26453
361: 
https://www.atelierdeschefs.fr/fr/techniques-de-cuisine/62-flamber-dans-une-poele.php
362:  362 1 2 3 1 4 5 6 362 6 7 8 9 10 11 12 13 14 15 16 17 18 19 20 21 20 22 23 24 22 22 23 25 26 27 362 7 13 20 22 25 26 2 3 6 27 362 368 369 370 371 372 373 374 375 376 20 31 32 22 21 33 23 34 25 32 32 35 36 10 37 37 38 39 40 41 42 43 44 45 46 47 48
https://www.atelierdeschefs.fr/fr/techniquevideo/addcarnet/id/62
368:  368 1 2 3 1 4 5 6 368 6 7 8 9 10 11 12 13 14 15 16 17 18 19 20 21 20 22 23 24 22 22 23 25 26 27 368 7 13 20 22 25 26 2 3 49 49 20 31 32 22 21 33 23 34 25 32 32 35 36 10 37 37 38 39 40 41 42 43 44 45 46 47 48
https://www.atelierdeschefs.fr/fr/cours-en-ligne/225-la-cuisson-des-ufs.php
369:  369 1 2 3 1 4 5 6 369 6 7 8 9 10 11 12 13 14 15 16 17 18 19 20 21 20 22 23 24 22 22 23 25 26 27 369 7 13 20 22 25 26 2 3 6 24 95 369 369 377 378 379 380 369 369 381 369 369 382 369 369 362 383 384 369 385 386 387 388 389 390 391 392 369 369 379 393 394 395 20 31 32 22 21 33 23 34 25 32 32 35 36 10 37 37 38 39 40 41 42 43 44 45 46 47 48
https://www.atelierdeschefs.fr/fr/techniques-de-cuisine/532-realiser-une-sauce-au-vin.php
384:  384 1 2 3 1 4 5 6 384 6 7 8 9 10 11 12 13 14 15 16 17 18 19 20 21 20 22 23 24 22 22 23 25 26 27 384 7 13 20 22 25 26 2 3 6 27 384 396 397 398 399 400 401 402 403 404 20 31 32 22 21 33 23 34 25 32 32 35 36 10 37 37 38 39 40 41 42 43 44 45 46 47 48
https://www.atelierdeschefs.fr/fr/techniquevideo/addcarnet/id/532
396:  396 1 2 3 1 4 5 6 396 6 7 8 9 10 11 12 13 14 15 16 17 18 19 20 21 20 22 23 24 22 22 23 25 26 27 396 7 13 20 22 25 26 2 3 49 49 20 31 32 22 21 33 23 34 25 32 32 35 36 10 37 37 38 39 40 41 42 43 44 45 46 47 48
https://www.atelierdeschefs.fr/fr/cours-en-ligne/23-pastasotto-tomates-cerises-et-roquette.php
397:  397 1 2 3 1 4 5 6 397 6 7 8 9 10 11 12 13 14 15 16 17 18 19 20 21 20 22 23 24 22 22 23 25 26 27 397 7 13 20 22 25 26 2 3 6 24 95 397 397 405 406 407 408 397 397 409 397 397 384 397 410 411 412 413 414 415 416 417 397 397 407 418 419 20 31 32 22 21 33 23 34 25 32 32 35 36 10 37 37 38 39 40 41 42 43 44 45 46 47 48
https://www.atelierdeschefs.fr/fr/recette/ingredients/id/20778/id_courslive3/23
418:  397
https://www.atelierdeschefs.fr/fr/recette/ingredients/id/20779/id_courslive3/23
419:  397
https://www.atelierdeschefs.fr/fr/recette/imprimerrecette/id/20778%2C20779
405: 
https://www.atelierdeschefs.fr/fr/courslive3/addcarnet/id/23
406:  406 1 2 3 1 4 5 6 406 6 7 8 9 10 11 12 13 14 15 16 17 18 19 20 21 20 22 23 24 22 22 23 25 26 27 406 7 13 20 22 25 26 2 3 49 49 20 31 32 22 21 33 23 34 25 32 32 35 36 10 37 37 38 39 40 41 42 43 44 45 46 47 48
https://www.atelierdeschefs.fr/fr/listecourse/addrecettelistecourse/recettes/20778%2C20779
407: 
https://www.atelierdeschefs.fr/fr/recette/imprimerrecette/id/20778
408: 
https://www.atelierdeschefs.fr/fr/recette/imprimerrecette/id/20779
409: 
https://www.atelierdeschefs.fr/fr/cours-en-ligne/213-rouget-&-poivrons.php
410:  410 1 2 3 1 4 5 6 410 6 7 8 9 10 11 12 13 14 15 16 17 18 19 20 21 20 22 23 24 22 22 23 25 26 27 410 7 13 20 22 25 26 2 3 6 24 95 410 410 420 421 422 420 410 410 423 424 410 410 425 426 427 428 429 430 431 410 410 422 421 20 31 32 22 21 33 23 34 25 32 32 35 36 10 37 37 38 39 40 41 42 43 44 45 46 47 48
https://www.atelierdeschefs.fr/fr/recette/imprimerrecette/id/21751
420: 
https://www.atelierdeschefs.fr/fr/courslive3/addcarnet/id/213
421:  421 1 2 3 1 4 5 6 421 6 7 8 9 10 11 12 13 14 15 16 17 18 19 20 21 20 22 23 24 22 22 23 25 26 27 421 7 13 20 22 25 26 2 3 49 49 20 31 32 22 21 33 23 34 25 32 32 35 36 10 37 37 38 39 40 41 42 43 44 45 46 47 48
https://www.atelierdeschefs.fr/fr/listecourse/addrecettelistecourse/recettes/21751
422: 
https://www.atelierdeschefs.fr/fr/techniques-de-cuisine/30-desareter-un-filet-de-poisson.php
423:  423 1 2 3 1 4 5 6 423 6 7 8 9 10 11 12 13 14 15 16 17 18 19 20 21 20 22 23 24 22 22 23 25 26 27 423 7 13 20 22 25 26 2 3 6 27 423 432 433 434 435 436 437 438 439 440 20 31 32 22 21 33 23 34 25 32 32 35 36 10 37 37 38 39 40 41 42 43 44 45 46 47 48
https://www.atelierdeschefs.fr/fr/techniquevideo/addcarnet/id/30
432:  432 1 2 3 1 4 5 6 432 6 7 8 9 10 11 12 13 14 15 16 17 18 19 20 21 20 22 23 24 22 22 23 25 26 27 432 7 13 20 22 25 26 2 3 49 49 20 31 32 22 21 33 23 34 25 32 32 35 36 10 37 37 38 39 40 41 42 43 44 45 46 47 48
https://www.atelierdeschefs.fr/fr/cours-en-ligne/1-le-1er-jour-de-l-atelier-des-chefs-live.php
433:  433 1 2 3 1 4 5 6 433 6 7 8 9 10 11 12 13 14 15 16 17 18 19 20 21 20 22 23 24 22 22 23 25 26 27 433 7 13 20 22 25 26 2 3 6 24 95 433 433 441 442 443 444 433 433 445 433 433 423 383 446 433 447 448 449 450 451 452 453 454 433 433 443 455 456 20 31 32 22 21 33 23 34 25 32 32 35 36 10 37 37 38 39 40 41 42 43 44 45 46 47 48
https://www.atelierdeschefs.fr/fr/recette/ingredients/id/20353/id_courslive3/1
455:  433
https://www.atelierdeschefs.fr/fr/recette/ingredients/id/20354/id_courslive3/1
456:  433
https://www.atelierdeschefs.fr/fr/recette/imprimerrecette/id/20353%2C20354
441: 
https://www.atelierdeschefs.fr/fr/courslive3/addcarnet/id/1
442:  442 1 2 3 1 4 5 6 442 6 7 8 9 10 11 12 13 14 15 16 17 18 19 20 21 20 22 23 24 22 22 23 25 26 27 442 7 13 20 22 25 26 2 3 49 49 20 31 32 22 21 33 23 34 25 32 32 35 36 10 37 37 38 39 40 41 42 43 44 45 46 47 48
https://www.atelierdeschefs.fr/fr/listecourse/addrecettelistecourse/recettes/20353%2C20354
443: 
https://www.atelierdeschefs.fr/fr/recette/imprimerrecette/id/20353
444: 
https://www.atelierdeschefs.fr/fr/recette/imprimerrecette/id/20354
445: 
https://www.atelierdeschefs.fr/fr/techniques-de-cuisine/633-saisir-a-la-poele-un-pave-de-poisson.php
446:  446 1 2 3 1 4 5 6 446 6 7 8 9 10 11 12 13 14 15 16 17 18 19 20 21 20 22 23 24 22 22 23 25 26 27 446 7 13 20 22 25 26 2 3 6 27 446 457 433 458 459 460 447 461 462 463 20 31 32 22 21 33 23 34 25 32 32 35 36 10 37 37 38 39 40 41 42 43 44 45 46 47 48
https://www.atelierdeschefs.fr/fr/techniquevideo/addcarnet/id/633
457:  457 1 2 3 1 4 5 6 457 6 7 8 9 10 11 12 13 14 15 16 17 18 19 20 21 20 22 23 24 22 22 23 25 26 27 457 7 13 20 22 25 26 2 3 49 49 20 31 32 22 21 33 23 34 25 32 32 35 36 10 37 37 38 39 40 41 42 43 44 45 46 47 48
https://www.atelierdeschefs.fr/fr/cours-en-ligne/145-petites-brochettes.php
458:  458 1 2 3 1 4 5 6 458 6 7 8 9 10 11 12 13 14 15 16 17 18 19 20 21 20 22 23 24 22 22 23 25 26 27 458 7 13 20 22 25 26 2 3 6 24 95 458 458 464 465 466 467 458 458 468 458 458 469 458 458 190 383 446 458 470 471 472 473 474 127 475 476 458 458 466 477 478 479 20 31 32 22 21 33 23 34 25 32 32 35 36 10 37 37 38 39 40 41 42 43 44 45 46 47 48
https://www.atelierdeschefs.fr/fr/recette/imprimerrecette/id/23753%2C23755%2C23757
464: 
https://www.atelierdeschefs.fr/fr/courslive3/addcarnet/id/145
465:  465 1 2 3 1 4 5 6 465 6 7 8 9 10 11 12 13 14 15 16 17 18 19 20 21 20 22 23 24 22 22 23 25 26 27 465 7 13 20 22 25 26 2 3 49 49 20 31 32 22 21 33 23 34 25 32 32 35 36 10 37 37 38 39 40 41 42 43 44 45 46 47 48
https://www.atelierdeschefs.fr/fr/listecourse/addrecettelistecourse/recettes/23753%2C23755%2C23757
466: 
https://www.atelierdeschefs.fr/fr/recette/imprimerrecette/id/23753
467: 
https://www.atelierdeschefs.fr/fr/recette/imprimerrecette/id/23755
468: 
https://www.atelierdeschefs.fr/fr/recette/imprimerrecette/id/23757
469: 
https://www.atelierdeschefs.fr/fr/cours-en-ligne/269-brochettes-de-poulet-au-romarin.php
472:  472 1 2 3 1 4 5 6 472 6 7 8 9 10 11 12 13 14 15 16 17 18 19 20 21 20 22 23 24 22 22 23 25 26 27 472 7 13 20 22 25 26 2 3 6 24 95 472 472 480 481 482 480 472 472 190 483 472 472 473 484 485 486 487 488 489 472 472 482 481 20 31 32 22 21 33 23 34 25 32 32 35 36 10 37 37 38 39 40 41 42 43 44 45 46 47 48
https://www.atelierdeschefs.fr/fr/recette/imprimerrecette/id/24634
480: 
https://www.atelierdeschefs.fr/fr/courslive3/addcarnet/id/269
481:  481 1 2 3 1 4 5 6 481 6 7 8 9 10 11 12 13 14 15 16 17 18 19 20 21 20 22 23 24 22 22 23 25 26 27 481 7 13 20 22 25 26 2 3 49 49 20 31 32 22 21 33 23 34 25 32 32 35 36 10 37 37 38 39 40 41 42 43 44 45 46 47 48
https://www.atelierdeschefs.fr/fr/listecourse/addrecettelistecourse/recettes/24634
482: 
https://www.atelierdeschefs.fr/fr/techniques-de-cuisine/442-desosser.php
483:  483 1 2 3 1 4 5 6 483 6 7 8 9 10 11 12 13 14 15 16 17 18 19 20 21 20 22 23 24 22 22 23 25 26 27 483 7 13 20 22 25 26 2 3 6 27 483 490 491 472 492 493 494 20 31 32 22 21 33 23 34 25 32 32 35 36 10 37 37 38 39 40 41 42 43 44 45 46 47 48
https://www.atelierdeschefs.fr/fr/techniquevideo/addcarnet/id/442
490:  490 1 2 3 1 4 5 6 490 6 7 8 9 10 11 12 13 14 15 16 17 18 19 20 21 20 22 23 24 22 22 23 25 26 27 490 7 13 20 22 25 26 2 3 49 49 20 31 32 22 21 33 23 34 25 32 32 35 36 10 37 37 38 39 40 41 42 43 44 45 46 47 48
https://www.atelierdeschefs.fr/fr/cours-en-ligne/160-voyage-aux-antilles.php
491:  491 1 2 3 1 4 5 6 491 6 7 8 9 10 11 12 13 14 15 16 17 18 19 20 21 20 22 23 24 22 22 23 25 26 27 491 7 13 20 22 25 26 2 3 6 24 95 491 491 495 496 497 498 491 491 499 491 491 500 483 491 102 501 502 503 504 505 506 507 491 491 497 508 509 20 31 32 22 21 33 23 34 25 32 32 35 36 10 37 37 38 39 40 41 42 43 44 45 46 47 48
https://www.atelierdeschefs.fr/fr/recette/imprimerrecette/id/20692%2C23804
495: 
https://www.atelierdeschefs.fr/fr/courslive3/addcarnet/id/160
496:  496 1 2 3 1 4 5 6 496 6 7 8 9 10 11 12 13 14 15 16 17 18 19 20 21 20 22 23 24 22 22 23 25 26 27 496 7 13 20 22 25 26 2 3 49 49 20 31 32 22 21 33 23 34 25 32 32 35 36 10 37 37 38 39 40 41 42 43 44 45 46 47 48
https://www.atelierdeschefs.fr/fr/listecourse/addrecettelistecourse/recettes/20692%2C23804
497: 
https://www.atelierdeschefs.fr/fr/recette/imprimerrecette/id/20692
498: 
https://www.atelierdeschefs.fr/fr/recette/imprimerrecette/id/23804
499: 
https://www.atelierdeschefs.fr/fr/techniques-de-cuisine/149-eplucher-une-mangue.php
500:  500 1 2 3 1 4 5 6 500 6 7 8 9 10 11 12 13 14 15 16 17 18 19 20 21 20 22 23 24 22 22 23 25 26 27 500 7 13 20 22 25 26 2 3 6 27 500 510 511 512 513 514 515 491 516 517 20 31 32 22 21 33 23 34 25 32 32 35 36 10 37 37 38 39 40 41 42 43 44 45 46 47 48
https://www.atelierdeschefs.fr/fr/cours-en-ligne/37-creme-de-mangue-et-menthe.php
512:  512 1 2 3 1 4 5 6 512 6 7 8 9 10 11 12 13 14 15 16 17 18 19 20 21 20 22 23 24 22 22 23 25 26 27 512 7 13 20 22 25 26 2 3 6 24 95 512 512 518 519 520 498 512 512 521 512 512 500 512 102 501 502 503 504 505 506 507 512 512 520 522 523 20 31 32 22 21 33 23 34 25 32 32 35 36 10 37 37 38 39 40 41 42 43 44 45 46 47 48
https://www.atelierdeschefs.fr/fr/recette/imprimerrecette/id/20692%2C22239
518: 
https://www.atelierdeschefs.fr/fr/courslive3/addcarnet/id/37
519:  519 1 2 3 1 4 5 6 519 6 7 8 9 10 11 12 13 14 15 16 17 18 19 20 21 20 22 23 24 22 22 23 25 26 27 519 7 13 20 22 25 26 2 3 49 49 20 31 32 22 21 33 23 34 25 32 32 35 36 10 37 37 38 39 40 41 42 43 44 45 46 47 48
https://www.atelierdeschefs.fr/fr/listecourse/addrecettelistecourse/recettes/20692%2C22239
520: 
https://www.atelierdeschefs.fr/fr/recette/imprimerrecette/id/22239
521: 
https://www.atelierdeschefs.fr/fr/recette/ingredients/id/20692/id_courslive3/37
522:  512
https://www.atelierdeschefs.fr/fr/recette/ingredients/id/22239/id_courslive3/37
523:  512
https://www.atelierdeschefs.fr/fr/cours-en-ligne/79-rutabaga-&-mangue.php
513:  513 1 2 3 1 4 5 6 513 6 7 8 9 10 11 12 13 14 15 16 17 18 19 20 21 20 22 23 24 22 22 23 25 26 27 513 7 13 20 22 25 26 2 3 6 24 95 513 513 524 525 526 527 513 513 528 513 513 500 513 529 222 530 531 532 533 534 535 513 513 526 536 537 20 31 32 22 21 33 23 34 25 32 32 35 36 10 37 37 38 39 40 41 42 43 44 45 46 47 48
https://www.atelierdeschefs.fr/fr/recette/imprimerrecette/id/23155%2C23156
524: 
https://www.atelierdeschefs.fr/fr/courslive3/addcarnet/id/79
525:  525 1 2 3 1 4 5 6 525 6 7 8 9 10 11 12 13 14 15 16 17 18 19 20 21 20 22 23 24 22 22 23 25 26 27 525 7 13 20 22 25 26 2 3 49 49 20 31 32 22 21 33 23 34 25 32 32 35 36 10 37 37 38 39 40 41 42 43 44 45 46 47 48
https://www.atelierdeschefs.fr/fr/listecourse/addrecettelistecourse/recettes/23155%2C23156
526: 
https://www.atelierdeschefs.fr/fr/recette/imprimerrecette/id/23155
527: 
https://www.atelierdeschefs.fr/fr/recette/imprimerrecette/id/23156
528: 
https://www.atelierdeschefs.fr/fr/recette/6770-smoothie-mangue-carotte-et-orange-sanguine.php
530:  530 1 2 3 1 4 5 6 530 6 7 8 9 10 11 12 13 14 15 16 17 18 19 20 21 20 22 23 24 22 22 23 25 26 27 530 7 13 20 22 25 26 2 3 6 26 538 530 76 500 500 539 539 540 540 541 542 543 544 532 545 546 534 547 548 549 550 20 31 32 22 21 33 23 34 25 32 32 35 36 10 37 37 38 39 40 41 42 43 44 45 46 47 48
https://www.atelierdeschefs.fr/fr/recette/13294-salade-de-carottes-au-jus-d-orange-et-cumin.php
544:  544 1 2 3 1 4 5 6 544 6 7 8 9 10 11 12 13 14 15 16 17 18 19 20 21 20 22 23 24 22 22 23 25 26 27 544 7 13 20 22 25 26 2 3 6 26 551 544 76 349 349 552 552 383 383 548 553 554 555 556 557 558 559 560 561 562 563 20 31 32 22 21 33 23 34 25 32 32 35 36 10 37 37 38 39 40 41 42 43 44 45 46 47 48
https://www.atelierdeschefs.fr/fr/recettes-d-entrees-sans-gluten.php
551:  551 1 2 3 1 4 5 6 551 6 7 8 9 10 11 12 13 14 15 16 17 18 19 20 21 20 22 23 24 22 22 23 25 26 27 551 7 13 20 22 25 26 2 3 551 6 26 551 564 565 566 567 551 551 551 551 551 551 568 568 569 569 570 570 544 544 571 571 572 572 573 573 574 574 575 576 551 551 551 20 31 32 22 21 33 23 34 25 32 32 35 36 10 37 37 38 39 40 41 42 43 44 45 46 47 48
https://www.atelierdeschefs.fr/fr/recettes-sans-gluten.php
564:  564 1 2 3 1 4 5 6 564 6 7 8 9 10 11 12 13 14 15 16 17 18 19 20 21 20 22 23 24 22 22 23 25 26 27 564 7 13 20 22 25 26 2 3 564 6 26 564 551 565 566 564 564 564 564 564 564 577 577 578 578 579 579 580 580 581 581 582 582 570 570 572 572 583 583 584 584 564 564 585 585 20 31 32 22 21 33 23 34 25 32 32 35 36 10 37 37 38 39 40 41 42 43 44 45 46 47 48
https://www.atelierdeschefs.fr/fr/recette/5552-quinoa-au-curry-et-blanc-de-poulet.php
577:  577 1 2 3 1 4 5 6 577 6 7 8 9 10 11 12 13 14 15 16 17 18 19 20 21 20 22 23 24 22 22 23 25 26 27 577 7 13 20 22 25 26 2 3 6 26 564 577 190 190 424 424 586 587 588 589 590 591 592 593 594 595 596 597 20 31 32 22 21 33 23 34 25 32 32 35 36 10 37 37 38 39 40 41 42 43 44 45 46 47 48
https://www.atelierdeschefs.fr/fr/recette/12680-poulet-au-vin-blanc-et-aux-lardons-spaghettoni.php
587:  587 1 2 3 1 4 5 6 587 6 7 8 9 10 11 12 13 14 15 16 17 18 19 20 21 20 22 23 24 22 22 23 25 26 27 587 7 13 20 22 25 26 2 3 6 26 598 587 76 190 190 599 599 552 552 600 588 601 602 603 604 605 606 577 607 608 609 20 31 32 22 21 33 23 34 25 32 32 35 36 10 37 37 38 39 40 41 42 43 44 45 46 47 48
https://www.atelierdeschefs.fr/fr/recette/450-moules-marinieres.php
608:  608 1 2 3 1 4 5 6 608 6 7 8 9 10 11 12 13 14 15 16 17 18 19 20 21 20 22 23 24 22 22 23 25 26 27 608 7 13 20 22 25 26 2 3 6 26 610 608 76 611 611 612 612 613 613 614 615 616 617 618 619 620 621 622 367 623 624 20 31 32 22 21 33 23 34 25 32 32 35 36 10 37 37 38 39 40 41 42 43 44 45 46 47 48
https://www.atelierdeschefs.fr/fr/recette/3681-poulet-satay-aux-vermicelles.php
609:  609 1 2 3 1 4 5 6 609 6 7 8 9 10 11 12 13 14 15 16 17 18 19 20 21 20 22 23 24 22 22 23 25 26 27 609 7 13 20 22 25 26 2 3 6 26 625 609 190 190 626 626 627 627 628 629 630 631 632 633 634 635 488 636 637 638 20 31 32 22 21 33 23 34 25 32 32 35 36 10 37 37 38 39 40 41 42 43 44 45 46 47 48
https://www.atelierdeschefs.fr/fr/recettes-viande.php
598:  598 1 2 3 1 4 5 6 598 6 7 8 9 10 11 12 13 14 15 16 17 18 19 20 21 20 22 23 24 22 22 23 25 26 27 598 7 13 20 22 25 26 2 3 598 6 26 598 598 598 598 598 598 598 639 639 640 640 641 641 642 642 643 643 644 644 645 645 646 646 647 647 648 648 598 598 649 650 651 652 653 654 655 656 657 658 659 660 661 662 663 664 665 666 667 20 31 32 22 21 33 23 34 25 32 32 35 36 10 37 37 38 39 40 41 42 43 44 45 46 47 48
https://www.atelierdeschefs.fr/fr/techniques-de-cuisine/2-ciseler-des-oignons.php
599:  599 1 2 3 1 4 5 6 599 6 7 8 9 10 11 12 13 14 15 16 17 18 19 20 21 20 22 23 24 22 22 23 25 26 27 599 7 13 20 22 25 26 2 3 6 27 599 668 669 670 671 672 673 674 675 676 20 31 32 22 21 33 23 34 25 32 32 35 36 10 37 37 38 39 40 41 42 43 44 45 46 47 48
https://www.atelierdeschefs.fr/fr/recette/12566-poulet-aux-lardons-et-au-vin-rouge.php
600:  600 1 2 3 1 4 5 6 600 6 7 8 9 10 11 12 13 14 15 16 17 18 19 20 21 20 22 23 24 22 22 23 25 26 27 600 7 13 20 22 25 26 2 3 6 26 598 600 76 190 190 677 677 678 678 587 601 603 604 621 624 679 680 681 682 683 684 20 31 32 22 21 33 23 34 25 32 32 35 36 10 37 37 38 39 40 41 42 43 44 45 46 47 48
https://www.atelierdeschefs.fr/fr/recette/20981-gateau-au-vin-blanc.php
602:  602 1 2 3 1 4 5 6 602 6 7 8 9 10 11 12 13 14 15 16 17 18 19 20 21 20 22 23 24 22 22 23 25 26 27 602 7 13 20 22 25 26 2 3 6 26 685 602 76 99 99 686 686 687 688 587 689 690 605 606 607 691 608 692 693 20 31 32 22 21 33 23 34 25 32 32 35 36 10 37 37 38 39 40 41 42 43 44 45 46 47 48
https://www.atelierdeschefs.fr/fr/recette/12184-poulet-roti-au-safran-et-au-vin-jaune.php
603:  603 1 2 3 1 4 5 6 603 6 7 8 9 10 11 12 13 14 15 16 17 18 19 20 21 20 22 23 24 22 22 23 25 26 27 603 7 13 20 22 25 26 2 3 6 26 598 603 76 694 694 695 695 696 697 698 699 700 587 701 702 703 704 705 706 20 31 32 22 21 33 23 34 25 32 32 35 36 10 37 37 38 39 40 41 42 43 44 45 46 47 48
https://www.atelierdeschefs.fr/fr/recette/5918-maquereau-marine-au-vin-blanc.php
605:  605 1 2 3 1 4 5 6 605 6 7 8 9 10 11 12 13 14 15 16 17 18 19 20 21 20 22 23 24 22 22 23 25 26 27 605 7 13 20 22 25 26 2 3 6 26 707 605 76 423 423 349 349 613 613 679 602 587 708 606 280 709 607 282 608 710 693 20 31 32 22 21 33 23 34 25 32 32 35 36 10 37 37 38 39 40 41 42 43 44 45 46 47 48
https://www.atelierdeschefs.fr/fr/recette/26676-lapin-en-cocotte-au-vin-blanc-et-au-thym-citron.php
606:  606 1 2 3 1 4 5 6 606 6 7 8 9 10 11 12 13 14 15 16 17 18 19 20 21 20 22 23 24 22 22 23 25 26 27 606 7 13 20 22 25 26 2 3 6 26 711 606 76 712 712 190 190 607 713 602 587 714 715 605 716 717 718 608 719 20 31 32 22 21 33 23 34 25 32 32 35 36 10 37 37 38 39 40 41 42 43 44 45 46 47 48
https://www.atelierdeschefs.fr/fr/recette/20986-cocotte-de-lentilles-au-vin-blanc.php
607:  607 1 2 3 1 4 5 6 607 6 7 8 9 10 11 12 13 14 15 16 17 18 19 20 21 20 22 23 24 22 22 23 25 26 27 607 7 13 20 22 25 26 2 3 6 26 720 607 76 721 721 678 678 722 722 606 602 587 605 716 608 719 648 693 723 724 725 20 31 32 22 21 33 23 34 25 32 32 35 36 10 37 37 38 39 40 41 42 43 44 45 46 47 48
https://www.atelierdeschefs.fr/fr/recette/21378-poulet-thai-au-curry-vert-maison-et-lait-de-coco.php
589:  589 1 2 3 1 4 5 6 589 6 7 8 9 10 11 12 13 14 15 16 17 18 19 20 21 20 22 23 24 22 22 23 25 26 27 589 7 13 20 22 25 26 2 3 6 26 726 589 727 727 728 728 626 626 591 729 586 730 731 732 590 733 734 592 735 736 20 31 32 22 21 33 23 34 25 32 32 35 36 10 37 37 38 39 40 41 42 43 44 45 46 47 48
https://www.atelierdeschefs.fr/fr/recette/17268-curry-massaman.php
736:  736 1 2 3 1 4 5 6 736 6 7 8 9 10 11 12 13 14 15 16 17 18 19 20 21 20 22 23 24 22 22 23 25 26 27 736 7 13 20 22 25 26 2 3 6 26 737 736 76 727 727 611 611 613 613 738 739 731 740 586 741 742 743 590 744 745 591 20 31 32 22 21 33 23 34 25 32 32 35 36 10 37 37 38 39 40 41 42 43 44 45 46 47 48
https://www.atelierdeschefs.fr/fr/recettes-thailandaise.php
726:  726 1 2 3 1 4 5 6 726 6 7 8 9 10 11 12 13 14 15 16 17 18 19 20 21 20 22 23 24 22 22 23 25 26 27 726 7 13 20 22 25 26 2 3 726 6 26 726 609 746 747 748 749 750 625 751 752 753 726 726 726 726 726 726 589 589 735 735 754 754 755 755 756 756 757 757 746 746 758 758 759 759 760 760 726 726 761 761 20 31 32 22 21 33 23 34 25 32 32 35 36 10 37 37 38 39 40 41 42 43 44 45 46 47 48
https://www.atelierdeschefs.fr/fr/techniques-de-cuisine/552-preparer-une-aubergine.php
727:  727 1 2 3 1 4 5 6 727 6 7 8 9 10 11 12 13 14 15 16 17 18 19 20 21 20 22 23 24 22 22 23 25 26 27 727 7 13 20 22 25 26 2 3 6 27 727 762 763 764 765 766 767 768 769 770 20 31 32 22 21 33 23 34 25 32 32 35 36 10 37 37 38 39 40 41 42 43 44 45 46 47 48
https://www.atelierdeschefs.fr/fr/techniques-de-cuisine/100-aiguiser-un-couteau.php
728:  728 1 2 3 1 4 5 6 728 6 7 8 9 10 11 12 13 14 15 16 17 18 19 20 21 20 22 23 24 22 22 23 25 26 27 728 7 13 20 22 25 26 2 3 6 27 728 771 20 31 32 22 21 33 23 34 25 32 32 35 36 10 37 37 38 39 40 41 42 43 44 45 46 47 48
https://www.atelierdeschefs.fr/fr/recette/27600-curry-vert-de-gambas-thai-riz-parfume.php
729:  729 1 2 3 1 4 5 6 729 6 7 8 9 10 11 12 13 14 15 16 17 18 19 20 21 20 22 23 24 22 22 23 25 26 27 729 7 13 20 22 25 26 2 3 6 26 772 729 76 728 728 773 773 383 383 774 730 589 731 591 732 775 755 733 735 736 586 20 31 32 22 21 33 23 34 25 32 32 35 36 10 37 37 38 39 40 41 42 43 44 45 46 47 48
https://www.atelierdeschefs.fr/fr/recette/12888-pate-de-curry-verte-thaie.php
730:  730 1 2 3 1 4 5 6 730 6 7 8 9 10 11 12 13 14 15 16 17 18 19 20 21 20 22 23 24 22 22 23 25 26 27 730 7 13 20 22 25 26 2 3 6 26 776 730 76 611 611 777 777 778 778 779 780 781 733 729 589 735 736 757 755 782 333 20 31 32 22 21 33 23 34 25 32 32 35 36 10 37 37 38 39 40 41 42 43 44 45 46 47 48
https://www.atelierdeschefs.fr/fr/recette/12458-curry-de-lotte-facon-thai.php
733:  733 1 2 3 1 4 5 6 733 6 7 8 9 10 11 12 13 14 15 16 17 18 19 20 21 20 22 23 24 22 22 23 25 26 27 733 7 13 20 22 25 26 2 3 6 26 783 733 76 777 777 784 784 695 695 785 786 757 729 589 787 735 736 730 755 788 789 20 31 32 22 21 33 23 34 25 32 32 35 36 10 37 37 38 39 40 41 42 43 44 45 46 47 48
https://www.atelierdeschefs.fr/fr/recette/7490-poulet-marine-au-citron-vert-et-riz-saute.php
734:  734 1 2 3 1 4 5 6 734 6 7 8 9 10 11 12 13 14 15 16 17 18 19 20 21 20 22 23 24 22 22 23 25 26 27 734 7 13 20 22 25 26 2 3 6 26 625 734 76 190 190 777 777 790 586 791 792 793 794 589 795 796 797 798 699 20 31 32 22 21 33 23 34 25 32 32 35 36 10 37 37 38 39 40 41 42 43 44 45 46 47 48
https://www.atelierdeschefs.fr/fr/recette/12703-curry-de-pilons-de-poulet-coco.php
590:  590 1 2 3 1 4 5 6 590 6 7 8 9 10 11 12 13 14 15 16 17 18 19 20 21 20 22 23 24 22 22 23 25 26 27 590 7 13 20 22 25 26 2 3 6 26 799 590 76 190 190 591 589 597 586 800 801 802 803 804 805 595 592 20 31 32 22 21 33 23 34 25 32 32 35 36 10 37 37 38 39 40 41 42 43 44 45 46 47 48
https://www.atelierdeschefs.fr/fr/recette/13419-pilon-de-poulet-au-tandoori-cuit-au-barbecue.php
800:  800 1 2 3 1 4 5 6 800 6 7 8 9 10 11 12 13 14 15 16 17 18 19 20 21 20 22 23 24 22 22 23 25 26 27 800 7 13 20 22 25 26 2 3 6 26 598 800 76 326 326 695 695 806 806 590 801 807 808 809 810 489 811 812 701 703 704 20 31 32 22 21 33 23 34 25 32 32 35 36 10 37 37 38 39 40 41 42 43 44 45 46 47 48
https://www.atelierdeschefs.fr/fr/recette/12702-pilons-de-poulet-a-la-moutarde-a-l-ancienne.php
801:  801 1 2 3 1 4 5 6 801 6 7 8 9 10 11 12 13 14 15 16 17 18 19 20 21 20 22 23 24 22 22 23 25 26 27 801 7 13 20 22 25 26 2 3 6 26 598 801 76 190 190 326 326 813 813 800 814 811 590 815 718 816 817 609 589 818 696 20 31 32 22 21 33 23 34 25 32 32 35 36 10 37 37 38 39 40 41 42 43 44 45 46 47 48
https://www.atelierdeschefs.fr/fr/recette/12589-cocotte-de-poulet-aux-champignons.php
802:  802 1 2 3 1 4 5 6 802 6 7 8 9 10 11 12 13 14 15 16 17 18 19 20 21 20 22 23 24 22 22 23 25 26 27 802 7 13 20 22 25 26 2 3 6 26 598 802 76 819 819 190 190 803 804 820 821 822 823 824 825 826 827 828 829 20 31 32 22 21 33 23 34 25 32 32 35 36 10 37 37 38 39 40 41 42 43 44 45 46 47 48
https://www.atelierdeschefs.fr/fr/recette/12581-cocotte-de-poulet-miel-et-cannelle.php
803:  803 1 2 3 1 4 5 6 803 6 7 8 9 10 11 12 13 14 15 16 17 18 19 20 21 20 22 23 24 22 22 23 25 26 27 803 7 13 20 22 25 26 2 3 6 26 598 803 76 190 190 830 830 697 802 804 810 831 832 833 828 834 820 609 648 20 31 32 22 21 33 23 34 25 32 32 35 36 10 37 37 38 39 40 41 42 43 44 45 46 47 48
https://www.atelierdeschefs.fr/fr/recette/12576-poulet-en-cocotte-au-gingembre.php
804:  804 1 2 3 1 4 5 6 804 6 7 8 9 10 11 12 13 14 15 16 17 18 19 20 21 20 22 23 24 22 22 23 25 26 27 804 7 13 20 22 25 26 2 3 6 26 598 804 76 190 190 728 728 802 803 699 820 835 836 828 821 837 838 609 648 20 31 32 22 21 33 23 34 25 32 32 35 36 10 37 37 38 39 40 41 42 43 44 45 46 47 48
https://www.atelierdeschefs.fr/fr/recette/11983-poulet-roti-coco-et-noix-de-cajou.php
805:  805 1 2 3 1 4 5 6 805 6 7 8 9 10 11 12 13 14 15 16 17 18 19 20 21 20 22 23 24 22 22 23 25 26 27 805 7 13 20 22 25 26 2 3 6 26 598 805 76 694 694 695 695 696 697 699 701 702 603 703 704 705 706 809 810 20 31 32 22 21 33 23 34 25 32 32 35 36 10 37 37 38 39 40 41 42 43 44 45 46 47 48
https://www.atelierdeschefs.fr/fr/recettes-en-couleurs.php
799:  799 1 2 3 1 4 5 6 799 6 7 8 9 10 11 12 13 14 15 16 17 18 19 20 21 20 22 23 24 22 22 23 25 26 27 799 7 13 20 22 25 26 2 3 799 6 26 799 839 840 841 842 843 799 799 799 799 799 799 844 844 845 845 800 800 590 590 846 846 847 847 848 848 594 594 849 850 799 799 799 20 31 32 22 21 33 23 34 25 32 32 35 36 10 37 37 38 39 40 41 42 43 44 45 46 47 48
https://www.atelierdeschefs.fr/fr/recette/22717-quiche-au-curry-poulet-et-ananas.php
592:  592 1 2 3 1 4 5 6 592 6 7 8 9 10 11 12 13 14 15 16 17 18 19 20 21 20 22 23 24 22 22 23 25 26 27 592 7 13 20 22 25 26 2 3 6 26 851 592 76 86 86 190 190 586 589 590 591 852 853 593 594 595 596 597 577 20 31 32 22 21 33 23 34 25 32 32 35 36 10 37 37 38 39 40 41 42 43 44 45 46 47 48
https://www.atelierdeschefs.fr/fr/recettes-de-poulet-a-l-ananas.php
851:  851 1 2 3 1 4 5 6 851 6 7 8 9 10 11 12 13 14 15 16 17 18 19 20 21 20 22 23 24 22 22 23 25 26 27 851 7 13 20 22 25 26 2 3 851 6 26 851 851 851 851 851 851 851 592 592 854 855 851 851 851 20 31 32 22 21 33 23 34 25 32 32 35 36 10 37 37 38 39 40 41 42 43 44 45 46 47 48
https://www.atelierdeschefs.fr/fr/recette/11642-curry-de-volaille-a-l-ananas-riz-aux-amandes.php
852:  852 1 2 3 1 4 5 6 852 6 7 8 9 10 11 12 13 14 15 16 17 18 19 20 21 20 22 23 24 22 22 23 25 26 27 852 7 13 20 22 25 26 2 3 6 26 598 852 76 190 190 856 856 738 782 857 732 853 729 858 859 619 591 860 861 20 31 32 22 21 33 23 34 25 32 32 35 36 10 37 37 38 39 40 41 42 43 44 45 46 47 48
https://www.atelierdeschefs.fr/fr/recette/25418-ananas-roti-financier-curry-emulsion-coco.php
853:  853 1 2 3 1 4 5 6 853 6 7 8 9 10 11 12 13 14 15 16 17 18 19 20 21 20 22 23 24 22 22 23 25 26 27 853 7 13 20 22 25 26 2 3 6 26 862 853 76 863 863 204 204 864 865 866 867 868 869 852 787 774 592 870 871 20 31 32 22 21 33 23 34 25 32 32 35 36 10 37 37 38 39 40 41 42 43 44 45 46 47 48
https://www.atelierdeschefs.fr/fr/recette/12645-filet-de-poulet-au-curry-de-fruits-riz-basmati.php
593:  593 1 2 3 1 4 5 6 593 6 7 8 9 10 11 12 13 14 15 16 17 18 19 20 21 20 22 23 24 22 22 23 25 26 27 593 7 13 20 22 25 26 2 3 6 26 841 593 76 190 190 424 424 872 872 590 873 586 874 875 828 876 877 847 878 879 835 20 31 32 22 21 33 23 34 25 32 32 35 36 10 37 37 38 39 40 41 42 43 44 45 46 47 48
https://www.atelierdeschefs.fr/fr/techniques-de-cuisine/414-preparer-des-pommes.php
872:  872 1 2 3 1 4 5 6 872 6 7 8 9 10 11 12 13 14 15 16 17 18 19 20 21 20 22 23 24 22 22 23 25 26 27 872 7 13 20 22 25 26 2 3 6 27 872 880 881 882 883 884 885 886 887 20 31 32 22 21 33 23 34 25 32 32 35 36 10 37 37 38 39 40 41 42 43 44 45 46 47 48
https://www.atelierdeschefs.fr/fr/recette/12644-filet-de-poulet-pane-au-poivre-vert.php
875:  875 1 2 3 1 4 5 6 875 6 7 8 9 10 11 12 13 14 15 16 17 18 19 20 21 20 22 23 24 22 22 23 25 26 27 875 7 13 20 22 25 26 2 3 6 26 598 875 76 190 190 727 727 611 611 879 873 874 593 828 876 877 847 878 835 888 889 20 31 32 22 21 33 23 34 25 32 32 35 36 10 37 37 38 39 40 41 42 43 44 45 46 47 48
https://www.atelierdeschefs.fr/fr/recette/12629-filet-de-poulet-a-la-creme-d-ail-haricots-beurre.php
876:  876 1 2 3 1 4 5 6 876 6 7 8 9 10 11 12 13 14 15 16 17 18 19 20 21 20 22 23 24 22 22 23 25 26 27 876 7 13 20 22 25 26 2 3 6 26 598 876 76 190 190 890 890 813 813 877 821 828 891 892 893 894 873 895 874 896 593 20 31 32 22 21 33 23 34 25 32 32 35 36 10 37 37 38 39 40 41 42 43 44 45 46 47 48
https://www.atelierdeschefs.fr/fr/recette/12007-filet-de-poulet-a-la-creme-provencale.php
877:  877 1 2 3 1 4 5 6 877 6 7 8 9 10 11 12 13 14 15 16 17 18 19 20 21 20 22 23 24 22 22 23 25 26 27 877 7 13 20 22 25 26 2 3 6 26 598 877 76 190 190 727 727 611 611 876 891 873 874 593 875 828 821 847 878 879 835 20 31 32 22 21 33 23 34 25 32 32 35 36 10 37 37 38 39 40 41 42 43 44 45 46 47 48
https://www.atelierdeschefs.fr/fr/recette/17315-chapati-au-poulet-au-curry.php
594:  594 1 2 3 1 4 5 6 594 6 7 8 9 10 11 12 13 14 15 16 17 18 19 20 21 20 22 23 24 22 22 23 25 26 27 594 7 13 20 22 25 26 2 3 6 26 897 594 76 190 190 898 898 899 899 586 589 590 591 592 593 900 595 596 597 577 901 20 31 32 22 21 33 23 34 25 32 32 35 36 10 37 37 38 39 40 41 42 43 44 45 46 47 48
https://www.atelierdeschefs.fr/fr/recettes-de-crepes-du-monde.php
897:  897 1 2 3 1 4 5 6 897 6 7 8 9 10 11 12 13 14 15 16 17 18 19 20 21 20 22 23 24 22 22 23 25 26 27 897 7 13 20 22 25 26 2 3 897 6 26 897 902 903 904 905 897 897 897 897 897 897 906 906 907 907 908 908 909 909 910 910 911 911 912 912 594 594 900 900 913 897 897 914 914 20 31 32 22 21 33 23 34 25 32 32 35 36 10 37 37 38 39 40 41 42 43 44 45 46 47 48
https://www.atelierdeschefs.fr/fr/techniques-de-cuisine/202-cuire-des-crepes-a-la-crepiere.php
898:  898 1 2 3 1 4 5 6 898 6 7 8 9 10 11 12 13 14 15 16 17 18 19 20 21 20 22 23 24 22 22 23 25 26 27 898 7 13 20 22 25 26 2 3 6 27 898 915 916 917 918 919 920 374 921 387 20 31 32 22 21 33 23 34 25 32 32 35 36 10 37 37 38 39 40 41 42 43 44 45 46 47 48
https://www.atelierdeschefs.fr/fr/recette/17314-chapati-indienne-pain-traditionnel-indien.php
900:  900 1 2 3 1 4 5 6 900 6 7 8 9 10 11 12 13 14 15 16 17 18 19 20 21 20 22 23 24 22 22 23 25 26 27 900 7 13 20 22 25 26 2 3 6 26 897 900 76 898 898 424 424 83 83 594 922 923 924 925 926 927 928 929 930 931 932 20 31 32 22 21 33 23 34 25 32 32 35 36 10 37 37 38 39 40 41 42 43 44 45 46 47 48
https://www.atelierdeschefs.fr/fr/recette/21408-empanadas-au-poulet.php
901:  901 1 2 3 1 4 5 6 901 6 7 8 9 10 11 12 13 14 15 16 17 18 19 20 21 20 22 23 24 22 22 23 25 26 27 901 7 13 20 22 25 26 2 3 6 26 598 901 76 773 773 599 599 933 934 594 935 936 937 600 609 589 818 696 697 20 31 32 22 21 33 23 34 25 32 32 35 36 10 37 37 38 39 40 41 42 43 44 45 46 47 48
https://www.atelierdeschefs.fr/fr/recette/16281-nuggets-de-poulet-au-curry-mayonnaise-tomatee.php
596:  596 1 2 3 1 4 5 6 596 6 7 8 9 10 11 12 13 14 15 16 17 18 19 20 21 20 22 23 24 22 22 23 25 26 27 596 7 13 20 22 25 26 2 3 6 26 598 596 76 938 938 939 939 586 940 941 589 590 591 592 593 594 595 597 577 20 31 32 22 21 33 23 34 25 32 32 35 36 10 37 37 38 39 40 41 42 43 44 45 46 47 48
https://www.atelierdeschefs.fr/fr/techniques-de-cuisine/274-hacher-au-hachoir.php
938:  938 1 2 3 1 4 5 6 938 6 7 8 9 10 11 12 13 14 15 16 17 18 19 20 21 20 22 23 24 22 22 23 25 26 27 938 7 13 20 22 25 26 2 3 6 27 938 942 943 944 945 946 947 948 20 31 32 22 21 33 23 34 25 32 32 35 36 10 37 37 38 39 40 41 42 43 44 45 46 47 48
https://www.atelierdeschefs.fr/fr/techniques-de-cuisine/136-monter-une-sauce-mayonnaise.php
939:  939 1 2 3 1 4 5 6 939 6 7 8 9 10 11 12 13 14 15 16 17 18 19 20 21 20 22 23 24 22 22 23 25 26 27 939 7 13 20 22 25 26 2 3 6 27 939 949 950 951 952 953 954 955 956 957 20 31 32 22 21 33 23 34 25 32 32 35 36 10 37 37 38 39 40 41 42 43 44 45 46 47 48
https://www.atelierdeschefs.fr/fr/recette/13713-nuggets-de-poulet-et-sauce-raita.php
940:  940 1 2 3 1 4 5 6 940 6 7 8 9 10 11 12 13 14 15 16 17 18 19 20 21 20 22 23 24 22 22 23 25 26 27 940 7 13 20 22 25 26 2 3 6 26 598 940 76 958 958 959 959 424 424 588 941 596 832 960 818 961 962 597 963 964 488 20 31 32 22 21 33 23 34 25 32 32 35 36 10 37 37 38 39 40 41 42 43 44 45 46 47 48
https://www.atelierdeschefs.fr/fr/recette/23903-nuggets-de-poulet-et-puree-de-patates-douces.php
941:  941 1 2 3 1 4 5 6 941 6 7 8 9 10 11 12 13 14 15 16 17 18 19 20 21 20 22 23 24 22 22 23 25 26 27 941 7 13 20 22 25 26 2 3 6 26 965 941 76 958 958 959 959 966 966 940 596 967 968 969 970 971 972 973 974 975 976 20 31 32 22 21 33 23 34 25 32 32 35 36 10 37 37 38 39 40 41 42 43 44 45 46 47 48
https://www.atelierdeschefs.fr/fr/recette/779-pave-de-saumon-champignons-a-la-creme-riz-basmati.php
579:  579 1 2 3 1 4 5 6 579 6 7 8 9 10 11 12 13 14 15 16 17 18 19 20 21 20 22 23 24 22 22 23 25 26 27 579 7 13 20 22 25 26 2 3 6 26 564 579 977 977 446 446 423 423 978 979 980 981 982 983 984 985 986 987 988 961 20 31 32 22 21 33 23 34 25 32 32 35 36 10 37 37 38 39 40 41 42 43 44 45 46 47 48
https://www.atelierdeschefs.fr/fr/techniques-de-cuisine/302-cuire-des-champignons.php
977:  977 1 2 3 1 4 5 6 977 6 7 8 9 10 11 12 13 14 15 16 17 18 19 20 21 20 22 23 24 22 22 23 25 26 27 977 7 13 20 22 25 26 2 3 6 27 977 989 990 991 992 993 994 995 996 997 20 31 32 22 21 33 23 34 25 32 32 35 36 10 37 37 38 39 40 41 42 43 44 45 46 47 48
https://www.atelierdeschefs.fr/fr/cours-en-ligne/359-amuse-bouches-autour-des-champignons.php
992:  992 1 2 3 1 4 5 6 992 6 7 8 9 10 11 12 13 14 15 16 17 18 19 20 21 20 22 23 24 22 22 23 25 26 27 992 7 13 20 22 25 26 2 3 6 24 95 992 992 998 999 1000 1001 992 992 1002 992 992 977 383 992 1003 1004 1005 1006 824 1007 1008 1009 992 992 1000 1010 1011 20 31 32 22 21 33 23 34 25 32 32 35 36 10 37 37 38 39 40 41 42 43 44 45 46 47 48
https://www.atelierdeschefs.fr/fr/cours-en-ligne/389-millefeuille-kakis-et-fleur-d-oranger.php
993:  993 1 2 3 1 4 5 6 993 6 7 8 9 10 11 12 13 14 15 16 17 18 19 20 21 20 22 23 24 22 22 23 25 26 27 993 7 13 20 22 25 26 2 3 6 24 95 993 993 1012 1013 1014 1015 993 993 1016 993 993 1017 993 993 347 190 1018 1019 977 993 1020 1021 240 224 238 241 242 243 993 993 1014 1022 1023 1024 20 31 32 22 21 33 23 34 25 32 32 35 36 10 37 37 38 39 40 41 42 43 44 45 46 47 48
https://www.atelierdeschefs.fr/fr/cours-en-ligne/442-gratin-b-uf-&-sauce.php
994:  994 1 2 3 1 4 5 6 994 6 7 8 9 10 11 12 13 14 15 16 17 18 19 20 21 20 22 23 24 22 22 23 25 26 27 994 7 13 20 22 25 26 2 3 6 24 95 994 994 1025 1026 1027 1028 994 994 1029 994 994 1030 994 994 190 977 384 1031 1032 994 1033 327 328 329 1034 330 1035 333 994 994 1027 1036 1037 1038 20 31 32 22 21 33 23 34 25 32 32 35 36 10 37 37 38 39 40 41 42 43 44 45 46 47 48
https://www.atelierdeschefs.fr/fr/cours-en-ligne/481-cuisson-et-decoupe-autour-de-la-dinde.php
996:  996 1 2 3 1 4 5 6 996 6 7 8 9 10 11 12 13 14 15 16 17 18 19 20 21 20 22 23 24 22 22 23 25 26 27 996 7 13 20 22 25 26 2 3 6 24 95 996 996 1039 1040 1041 1042 996 996 1043 996 996 190 1018 977 326 383 996 1044 1045 1046 1047 1048 1049 1050 1051 996 996 1041 1052 1053 20 31 32 22 21 33 23 34 25 32 32 35 36 10 37 37 38 39 40 41 42 43 44 45 46 47 48
https://www.atelierdeschefs.fr/fr/cours-en-ligne/496-bouchees-&-brouillade.php
997:  997 1 2 3 1 4 5 6 997 6 7 8 9 10 11 12 13 14 15 16 17 18 19 20 21 20 22 23 24 22 22 23 25 26 27 997 7 13 20 22 25 26 2 3 6 24 95 997 997 1054 1055 1056 1057 997 997 1058 997 997 1059 977 1060 997 1061 386 1062 1063 1064 644 1065 1066 997 997 1056 1067 1068 20 31 32 22 21 33 23 34 25 32 32 35 36 10 37 37 38 39 40 41 42 43 44 45 46 47 48
https://www.atelierdeschefs.fr/fr/techniquevideo/addcarnet/id/302
989:  989 1 2 3 1 4 5 6 989 6 7 8 9 10 11 12 13 14 15 16 17 18 19 20 21 20 22 23 24 22 22 23 25 26 27 989 7 13 20 22 25 26 2 3 49 49 20 31 32 22 21 33 23 34 25 32 32 35 36 10 37 37 38 39 40 41 42 43 44 45 46 47 48
https://www.atelierdeschefs.fr/fr/cours-en-ligne/196-tourte-morilles-et-poulet.php
990:  990 1 2 3 1 4 5 6 990 6 7 8 9 10 11 12 13 14 15 16 17 18 19 20 21 20 22 23 24 22 22 23 25 26 27 990 7 13 20 22 25 26 2 3 6 24 95 990 990 1069 1070 1071 1069 990 990 190 977 383 990 990 1072 1073 1074 601 1075 609 589 990 990 1071 1070 20 31 32 22 21 33 23 34 25 32 32 35 36 10 37 37 38 39 40 41 42 43 44 45 46 47 48
https://www.atelierdeschefs.fr/fr/cours-en-ligne/304-ravioles-et-ravioli-pour-l-aperitif.php
991:  991 1 2 3 1 4 5 6 991 6 7 8 9 10 11 12 13 14 15 16 17 18 19 20 21 20 22 23 24 22 22 23 25 26 27 991 7 13 20 22 25 26 2 3 6 24 95 991 991 1076 1077 1078 1079 991 991 1080 991 991 1081 977 991 1082 1083 474 222 1084 1085 1086 1087 991 991 1078 1088 1089 20 31 32 22 21 33 23 34 25 32 32 35 36 10 37 37 38 39 40 41 42 43 44 45 46 47 48
https://www.atelierdeschefs.fr/fr/recette/22089-pave-de-saumon-mi-cuit-puree-de-pommes-de-terre.php
987:  987 1 2 3 1 4 5 6 987 6 7 8 9 10 11 12 13 14 15 16 17 18 19 20 21 20 22 23 24 22 22 23 25 26 27 987 7 13 20 22 25 26 2 3 6 26 1090 987 76 1091 1091 806 806 1092 1092 1093 1094 1095 1096 1097 1098 1099 1100 978 1101 981 1102 20 31 32 22 21 33 23 34 25 32 32 35 36 10 37 37 38 39 40 41 42 43 44 45 46 47 48
https://www.atelierdeschefs.fr/fr/recettes-de-fleur-de-sel-de-madagascar.php
1090:  1090 1 2 3 1 4 5 6 1090 6 7 8 9 10 11 12 13 14 15 16 17 18 19 20 21 20 22 23 24 22 22 23 25 26 27 1090 7 13 20 22 25 26 2 3 1090 6 26 1090 1103 1104 1105 1106 1107 1108 1090 1090 1090 1090 1090 1090 1109 1109 1110 1110 1111 1111 1112 1112 1113 1113 1062 1062 1114 1114 1115 1115 1116 1116 1117 1117 1090 1090 1118 1119 1120 1121 1122 1123 1124 1125 1126 1127 1128 1129 1130 1131 1132 1133 1134 1135 1136 1137 20 31 32 22 21 33 23 34 25 32 32 35 36 10 37 37 38 39 40 41 42 43 44 45 46 47 48
https://www.atelierdeschefs.fr/fr/techniques-de-cuisine/570-preparer-des-pommes-de-terre.php
1091:  1091 1 2 3 1 4 5 6 1091 6 7 8 9 10 11 12 13 14 15 16 17 18 19 20 21 20 22 23 24 22 22 23 25 26 27 1091 7 13 20 22 25 26 2 3 6 27 1091 1138 1139 1140 1141 1142 1143 1144 676 20 31 32 22 21 33 23 34 25 32 32 35 36 10 37 37 38 39 40 41 42 43 44 45 46 47 48
https://www.atelierdeschefs.fr/fr/techniques-de-cuisine/431-le-materiel-de-bar-pour-piler.php
1092:  1092 1 2 3 1 4 5 6 1092 6 7 8 9 10 11 12 13 14 15 16 17 18 19 20 21 20 22 23 24 22 22 23 25 26 27 1092 7 13 20 22 25 26 2 3 6 27 1092 1145 1146 1147 1148 20 31 32 22 21 33 23 34 25 32 32 35 36 10 37 37 38 39 40 41 42 43 44 45 46 47 48
https://www.atelierdeschefs.fr/fr/recette/1095-saumon-mi-cuit-au-saumon-fume.php
1093:  1093 1 2 3 1 4 5 6 1093 6 7 8 9 10 11 12 13 14 15 16 17 18 19 20 21 20 22 23 24 22 22 23 25 26 27 1093 7 13 20 22 25 26 2 3 6 26 1149 1093 76 1150 1150 423 423 424 424 1095 1096 1097 1098 1099 1151 987 1094 1152 1153 1102 1154 20 31 32 22 21 33 23 34 25 32 32 35 36 10 37 37 38 39 40 41 42 43 44 45 46 47 48
https://www.atelierdeschefs.fr/fr/recette/20963-pave-de-saumon-mi-cuit-concombre-et-pomme-verte.php
1094:  1094 1 2 3 1 4 5 6 1094 6 7 8 9 10 11 12 13 14 15 16 17 18 19 20 21 20 22 23 24 22 22 23 25 26 27 1094 7 13 20 22 25 26 2 3 6 26 1155 1094 76 423 423 1156 1156 1157 1157 1093 987 1095 1096 1097 1098 1099 1100 978 1101 981 1102 20 31 32 22 21 33 23 34 25 32 32 35 36 10 37 37 38 39 40 41 42 43 44 45 46 47 48
https://www.atelierdeschefs.fr/fr/recette/23266-pave-de-saumon-au-bouillon-de-boutons-de-rose.php
980:  980 1 2 3 1 4 5 6 980 6 7 8 9 10 11 12 13 14 15 16 17 18 19 20 21 20 22 23 24 22 22 23 25 26 27 980 7 13 20 22 25 26 2 3 6 26 1104 980 349 349 813 813 552 552 981 579 982 983 985 986 987 988 961 1158 1094 1159 20 31 32 22 21 33 23 34 25 32 32 35 36 10 37 37 38 39 40 41 42 43 44 45 46 47 48
https://www.atelierdeschefs.fr/fr/recette/20056-pave-de-saumon-haricots-verts-a-l-echalote.php
1159:  1159 1 2 3 1 4 5 6 1159 6 7 8 9 10 11 12 13 14 15 16 17 18 19 20 21 20 22 23 24 22 22 23 25 26 27 1159 7 13 20 22 25 26 2 3 6 26 1160 1159 76 446 446 349 349 424 424 981 983 1094 980 579 982 985 986 987 988 961 1100 20 31 32 22 21 33 23 34 25 32 32 35 36 10 37 37 38 39 40 41 42 43 44 45 46 47 48
https://www.atelierdeschefs.fr/fr/recette/16039-gourmandises-chocolat-blanc-et-fruits-rouges.php
580:  580 1 2 3 1 4 5 6 580 6 7 8 9 10 11 12 13 14 15 16 17 18 19 20 21 20 22 23 24 22 22 23 25 26 27 580 7 13 20 22 25 26 2 3 6 26 1161 580 76 78 78 132 132 1162 1162 280 1163 282 1164 1165 1166 1167 1168 138 1169 1170 1171 20 31 32 22 21 33 23 34 25 32 32 35 36 10 37 37 38 39 40 41 42 43 44 45 46 47 48
https://www.atelierdeschefs.fr/fr/recettes-de-desserts-de-paques.php
1161:  1161 1 2 3 1 4 5 6 1161 6 7 8 9 10 11 12 13 14 15 16 17 18 19 20 21 20 22 23 24 22 22 23 25 26 27 1161 7 13 20 22 25 26 2 3 1161 6 26 1161 1172 131 1173 1174 1175 1176 1177 1178 1161 1161 1161 1161 1161 1161 1179 1179 1180 1180 1181 1181 1182 1182 580 580 1183 1183 1184 1184 1169 1169 1185 1185 1186 1186 1161 1161 1187 1187 20 31 32 22 21 33 23 34 25 32 32 35 36 10 37 37 38 39 40 41 42 43 44 45 46 47 48
https://www.atelierdeschefs.fr/fr/recette/14736-tartelette-aux-myrtilles-et-creme-d-amande.php
1185:  1185 1 2 3 1 4 5 6 1185 6 7 8 9 10 11 12 13 14 15 16 17 18 19 20 21 20 22 23 24 22 22 23 25 26 27 1185 7 13 20 22 25 26 2 3 6 26 1161 1185 76 1188 1188 1189 1189 1190 1191 1192 1193 1194 1195 1196 1197 1198 1199 1200 1201 20 31 32 22 21 33 23 34 25 32 32 35 36 10 37 37 38 39 40 41 42 43 44 45 46 47 48
https://www.atelierdeschefs.fr/fr/recette/14156-ile-flottante-creme-anglaise-aux-fraises-tagada.php
1186:  1186 1 2 3 1 4 5 6 1186 6 7 8 9 10 11 12 13 14 15 16 17 18 19 20 21 20 22 23 24 22 22 23 25 26 27 1186 7 13 20 22 25 26 2 3 6 26 1202 1186 76 81 81 83 83 1203 1204 1205 1206 1207 1208 1209 1210 1211 1212 876 877 20 31 32 22 21 33 23 34 25 32 32 35 36 10 37 37 38 39 40 41 42 43 44 45 46 47 48
https://www.atelierdeschefs.fr/fr/recettes-de-desserts-de-paques-p2.php
1187:  1187 1 2 3 1 4 5 6 1187 6 7 8 9 10 11 12 13 14 15 16 17 18 19 20 21 20 22 23 24 22 22 23 25 26 27 1187 7 13 20 22 25 26 2 3 1187 6 26 1161 1172 131 1173 1174 1175 1176 1177 1178 1187 1187 1187 1187 1187 1187 1213 1213 1214 1214 1161 1161 1187 1187 20 31 32 22 21 33 23 34 25 32 32 35 36 10 37 37 38 39 40 41 42 43 44 45 46 47 48
https://www.atelierdeschefs.fr/fr/recettes-fruits.php
1172:  1172 1 2 3 1 4 5 6 1172 6 7 8 9 10 11 12 13 14 15 16 17 18 19 20 21 20 22 23 24 22 22 23 25 26 27 1172 7 13 20 22 25 26 2 3 1172 6 26 1172 1215 1216 1217 1173 1155 1218 1219 1174 1220 1221 1222 1223 1224 1225 1172 1172 1172 1172 1172 1172 1226 1226 1227 1227 1228 1228 1229 1229 1230 1230 1231 1231 280 280 281 281 282 282 264 264 1172 1172 1232 1233 1234 1235 1236 1237 1238 1239 1240 1241 1242 1243 1244 1245 1246 1247 1248 1249 20 31 32 22 21 33 23 34 25 32 32 35 36 10 37 37 38 39 40 41 42 43 44 45 46 47 48
https://www.atelierdeschefs.fr/fr/recettes-de-fruits-rouges.php
1173:  1173 1 2 3 1 4 5 6 1173 6 7 8 9 10 11 12 13 14 15 16 17 18 19 20 21 20 22 23 24 22 22 23 25 26 27 1173 7 13 20 22 25 26 2 3 1173 6 26 1173 1250 1174 1223 1251 1252 1173 1173 1173 1173 1173 1173 1253 1253 1254 1254 1255 1255 280 280 1256 1256 1257 1257 1258 1258 1259 1259 1260 1260 1261 1261 1173 1173 1262 1263 1263 20 31 32 22 21 33 23 34 25 32 32 35 36 10 37 37 38 39 40 41 42 43 44 45 46 47 48
https://www.atelierdeschefs.fr/fr/recettes-de-fraise.php
1174:  1174 1 2 3 1 4 5 6 1174 6 7 8 9 10 11 12 13 14 15 16 17 18 19 20 21 20 22 23 24 22 22 23 25 26 27 1174 7 13 20 22 25 26 2 3 1174 6 26 1174 1264 1265 1266 1267 1268 1269 1270 1271 1272 1273 1274 1275 1276 1277 1174 1174 1174 1174 1174 1174 1278 1278 1279 1279 1280 1280 1281 1281 1282 1282 1283 1283 1253 1253 1284 1284 1214 1214 1285 1285 1174 1174 1286 1287 1288 1289 1290 1291 1292 1293 1294 1295 1296 1297 1298 20 31 32 22 21 33 23 34 25 32 32 35 36 10 37 37 38 39 40 41 42 43 44 45 46 47 48
https://www.atelierdeschefs.fr/fr/recettes-d-entremets-de-paques.php
1175:  1175 1 2 3 1 4 5 6 1175 6 7 8 9 10 11 12 13 14 15 16 17 18 19 20 21 20 22 23 24 22 22 23 25 26 27 1175 7 13 20 22 25 26 2 3 1175 6 26 1175 1202 1299 1175 1175 1175 1175 1175 1175 1179 1179 1300 1300 1301 1301 1302 1302 1213 1213 1303 1303 1304 1304 1305 1306 1307 1175 1175 1175 20 31 32 22 21 33 23 34 25 32 32 35 36 10 37 37 38 39 40 41 42 43 44 45 46 47 48
https://www.atelierdeschefs.fr/fr/recettes-tartes-pour-paques.php
1176:  1176 1 2 3 1 4 5 6 1176 6 7 8 9 10 11 12 13 14 15 16 17 18 19 20 21 20 22 23 24 22 22 23 25 26 27 1176 7 13 20 22 25 26 2 3 1176 6 26 1176 1176 1176 1176 1176 1176 1176 1285 1285 1308 1308 1309 1309 1310 1310 1311 1311 1312 1312 1190 1190 1313 1313 1314 1314 1315 1315 1176 1176 1316 1316 20 31 32 22 21 33 23 34 25 32 32 35 36 10 37 37 38 39 40 41 42 43 44 45 46 47 48
https://www.atelierdeschefs.fr/fr/recettes-mousses-pour-paques.php
1177:  1177 1 2 3 1 4 5 6 1177 6 7 8 9 10 11 12 13 14 15 16 17 18 19 20 21 20 22 23 24 22 22 23 25 26 27 1177 7 13 20 22 25 26 2 3 1177 6 26 1177 1177 1177 1177 1177 1177 1177 1317 1317 1318 1318 1319 1319 1320 1320 1182 1182 580 580 1321 1321 1322 1322 1323 1323 1324 1324 1177 1177 1325 1326 1326 20 31 32 22 21 33 23 34 25 32 32 35 36 10 37 37 38 39 40 41 42 43 44 45 46 47 48
https://www.atelierdeschefs.fr/fr/recettes-d-oeufs-en-chocolat.php
1178:  1178 1 2 3 1 4 5 6 1178 6 7 8 9 10 11 12 13 14 15 16 17 18 19 20 21 20 22 23 24 22 22 23 25 26 27 1178 7 13 20 22 25 26 2 3 1178 6 26 1178 131 1327 1328 1329 1299 1330 1178 1178 1178 1178 1178 1178 1317 1317 1331 1331 1332 1332 1333 1178 1178 1178 20 31 32 22 21 33 23 34 25 32 32 35 36 10 37 37 38 39 40 41 42 43 44 45 46 47 48
https://www.atelierdeschefs.fr/fr/recette/1533-le-fraisier-classique.php
1179:  1179 1 2 3 1 4 5 6 1179 6 7 8 9 10 11 12 13 14 15 16 17 18 19 20 21 20 22 23 24 22 22 23 25 26 27 1179 7 13 20 22 25 26 2 3 6 26 1161 1179 1334 1334 204 204 1335 1336 1337 1338 1339 1340 1341 1342 1343 1344 1345 1346 20 31 32 22 21 33 23 34 25 32 32 35 36 10 37 37 38 39 40 41 42 43 44 45 46 47 48
https://www.atelierdeschefs.fr/fr/recette/20084-hot-cross-buns.php
1181:  1181 1 2 3 1 4 5 6 1181 6 7 8 9 10 11 12 13 14 15 16 17 18 19 20 21 20 22 23 24 22 22 23 25 26 27 1181 7 13 20 22 25 26 2 3 6 26 1347 1181 76 1348 1348 1349 1350 584 926 1351 1352 1353 1354 1355 1356 1047 1357 20 31 32 22 21 33 23 34 25 32 32 35 36 10 37 37 38 39 40 41 42 43 44 45 46 47 48
https://www.atelierdeschefs.fr/fr/recette/36-mousse-au-fromage-blanc-et-fruits-rouges.php
1182:  1182 1 2 3 1 4 5 6 1182 6 7 8 9 10 11 12 13 14 15 16 17 18 19 20 21 20 22 23 24 22 22 23 25 26 27 1182 7 13 20 22 25 26 2 3 6 26 1161 1182 76 204 204 1162 1162 1323 280 687 282 1358 1359 138 196 1360 1361 1362 688 20 31 32 22 21 33 23 34 25 32 32 35 36 10 37 37 38 39 40 41 42 43 44 45 46 47 48
https://www.atelierdeschefs.fr/fr/techniques-de-cuisine/98-fouetter-de-la-creme.php
1162:  1162 1 2 3 1 4 5 6 1162 6 7 8 9 10 11 12 13 14 15 16 17 18 19 20 21 20 22 23 24 22 22 23 25 26 27 1162 7 13 20 22 25 26 2 3 6 27 1162 1363 210 1364 1365 1366 1367 1368 215 1369 20 31 32 22 21 33 23 34 25 32 32 35 36 10 37 37 38 39 40 41 42 43 44 45 46 47 48
https://www.atelierdeschefs.fr/fr/techniquevideo/addcarnet/id/98
1363:  1363 1 2 3 1 4 5 6 1363 6 7 8 9 10 11 12 13 14 15 16 17 18 19 20 21 20 22 23 24 22 22 23 25 26 27 1363 7 13 20 22 25 26 2 3 49 49 20 31 32 22 21 33 23 34 25 32 32 35 36 10 37 37 38 39 40 41 42 43 44 45 46 47 48
https://www.atelierdeschefs.fr/fr/cours-en-ligne/285-la-patisserie-la-tarte-tropezienne.php
1364:  1364 1 2 3 1 4 5 6 1364 6 7 8 9 10 11 12 13 14 15 16 17 18 19 20 21 20 22 23 24 22 22 23 25 26 27 1364 7 13 20 22 25 26 2 3 6 24 95 1364 1364 1370 1371 1372 1370 1364 1364 78 1162 1348 83 1373 1364 1364 1374 1375 1376 1377 1378 1379 1380 1364 1364 1372 1371 20 31 32 22 21 33 23 34 25 32 32 35 36 10 37 37 38 39 40 41 42 43 44 45 46 47 48
https://www.atelierdeschefs.fr/fr/cours-en-ligne/348-la-patisserie-la-foret-noire.php
1365:  1365 1 2 3 1 4 5 6 1365 6 7 8 9 10 11 12 13 14 15 16 17 18 19 20 21 20 22 23 24 22 22 23 25 26 27 1365 7 13 20 22 25 26 2 3 6 24 95 1365 1365 1381 1382 1383 1381 1365 1365 78 99 1162 1384 132 1365 1365 1385 1322 1386 1387 1388 1389 1390 1365 1365 1383 1382 20 31 32 22 21 33 23 34 25 32 32 35 36 10 37 37 38 39 40 41 42 43 44 45 46 47 48
https://www.atelierdeschefs.fr/fr/cours-en-ligne/568-notre-menu-saint-valentin.php
1367:  1367 1 2 3 1 4 5 6 1367 6 7 8 9 10 11 12 13 14 15 16 17 18 19 20 21 20 22 23 24 22 22 23 25 26 27 1367 7 13 20 22 25 26 2 3 6 24 95 1367 1367 1391 1392 1393 1394 1367 1367 1395 1367 1367 1396 1367 1367 1397 1398 1162 274 424 1367 953 1399 1400 1401 1402 960 1403 1404 1367 1367 1393 1405 1406 1407 20 31 32 22 21 33 23 34 25 32 32 35 36 10 37 37 38 39 40 41 42 43 44 45 46 47 48
https://www.atelierdeschefs.fr/fr/cours-en-ligne/638-rhubarbe-&-clafoutis.php
1368:  1368 1 2 3 1 4 5 6 1368 6 7 8 9 10 11 12 13 14 15 16 17 18 19 20 21 20 22 23 24 22 22 23 25 26 27 1368 7 13 20 22 25 26 2 3 6 24 95 1368 1368 1408 1409 1410 1411 1368 1368 1412 1368 1368 1162 1413 1368 1414 1415 1416 1417 1418 1419 427 1420 1368 1368 1410 1421 1422 20 31 32 22 21 33 23 34 25 32 32 35 36 10 37 37 38 39 40 41 42 43 44 45 46 47 48
https://www.atelierdeschefs.fr/fr/cours-en-ligne/725-mille-feuille-aux-fruits-rouges.php
1369:  1369 1 2 3 1 4 5 6 1369 6 7 8 9 10 11 12 13 14 15 16 17 18 19 20 21 20 22 23 24 22 22 23 25 26 27 1369 7 13 20 22 25 26 2 3 6 24 95 1369 1369 1423 1424 1425 1423 1369 1369 1162 1426 1427 1369 1369 1428 1429 1430 1431 1432 1433 1434 1369 1369 1425 1424 20 31 32 22 21 33 23 34 25 32 32 35 36 10 37 37 38 39 40 41 42 43 44 45 46 47 48
https://www.atelierdeschefs.fr/fr/recette/1097-brownies-au-chocolat-blanc-et-noix-de-pecan.php
1164:  1164 1 2 3 1 4 5 6 1164 6 7 8 9 10 11 12 13 14 15 16 17 18 19 20 21 20 22 23 24 22 22 23 25 26 27 1164 7 13 20 22 25 26 2 3 6 26 1435 1164 132 132 1436 1436 1437 1438 1439 1165 1166 1343 1167 1168 138 1169 1163 1440 20 31 32 22 21 33 23 34 25 32 32 35 36 10 37 37 38 39 40 41 42 43 44 45 46 47 48
https://www.atelierdeschefs.fr/fr/recette/11864-riz-au-lait-au-chocolat-blanc-vanille.php
1440:  1440 1 2 3 1 4 5 6 1440 6 7 8 9 10 11 12 13 14 15 16 17 18 19 20 21 20 22 23 24 22 22 23 25 26 27 1440 7 13 20 22 25 26 2 3 6 26 1441 1440 76 1398 1398 132 132 1442 1442 1443 1444 1445 1446 1447 1448 1449 1450 1451 1452 1453 1454 20 31 32 22 21 33 23 34 25 32 32 35 36 10 37 37 38 39 40 41 42 43 44 45 46 47 48
https://www.atelierdeschefs.fr/fr/pour-les-plus-grands.php
1435:  1435 1 2 3 1 4 5 6 1435 6 7 8 9 10 11 12 13 14 15 16 17 18 19 20 21 20 22 23 24 22 22 23 25 26 27 1435 7 13 20 22 25 26 2 3 1435 6 26 1435 1455 1456 1435 1435 1435 1435 1435 1435 1164 1164 1457 1457 1458 1458 1207 1207 1345 1345 1459 1459 1460 1460 1461 1461 1154 1154 1462 1462 1435 1435 1463 1463 20 31 32 22 21 33 23 34 25 32 32 35 36 10 37 37 38 39 40 41 42 43 44 45 46 47 48
https://www.atelierdeschefs.fr/fr/techniques-de-cuisine/641-mettre-du-beurre-a-fondre.php
1436:  1436 1 2 3 1 4 5 6 1436 6 7 8 9 10 11 12 13 14 15 16 17 18 19 20 21 20 22 23 24 22 22 23 25 26 27 1436 7 13 20 22 25 26 2 3 6 27 1436 1464 1465 1466 387 1148 1467 1468 20 31 32 22 21 33 23 34 25 32 32 35 36 10 37 37 38 39 40 41 42 43 44 45 46 47 48
https://www.atelierdeschefs.fr/fr/recette/20021-viennoise-au-chocolat.php
1438:  1438 1 2 3 1 4 5 6 1438 6 7 8 9 10 11 12 13 14 15 16 17 18 19 20 21 20 22 23 24 22 22 23 25 26 27 1438 7 13 20 22 25 26 2 3 6 26 1469 1438 76 132 132 1439 1470 1471 1472 1473 1474 1475 1476 1477 1478 1479 1480 20 31 32 22 21 33 23 34 25 32 32 35 36 10 37 37 38 39 40 41 42 43 44 45 46 47 48
https://www.atelierdeschefs.fr/fr/recette/10522-chocolat-chaud-a-la-viennoise.php
1439:  1439 1 2 3 1 4 5 6 1439 6 7 8 9 10 11 12 13 14 15 16 17 18 19 20 21 20 22 23 24 22 22 23 25 26 27 1439 7 13 20 22 25 26 2 3 6 26 1481 1439 76 1162 1162 1482 1483 1484 1485 1486 1487 1488 1489 1438 1490 1491 1492 20 31 32 22 21 33 23 34 25 32 32 35 36 10 37 37 38 39 40 41 42 43 44 45 46 47 48
https://www.atelierdeschefs.fr/fr/recette/20889-cupcake-chocolat-blanc-a-la-framboise.php
1166:  1166 1 2 3 1 4 5 6 1166 6 7 8 9 10 11 12 13 14 15 16 17 18 19 20 21 20 22 23 24 22 22 23 25 26 27 1166 7 13 20 22 25 26 2 3 6 26 1223 1166 76 78 78 728 728 1493 1494 158 1164 1165 1167 1168 138 1169 1163 1495 1496 20 31 32 22 21 33 23 34 25 32 32 35 36 10 37 37 38 39 40 41 42 43 44 45 46 47 48
https://www.atelierdeschefs.fr/fr/recette/14113-fondant-chocolat-framboise-emulsion-au-caramel.php
1495:  1495 1 2 3 1 4 5 6 1495 6 7 8 9 10 11 12 13 14 15 16 17 18 19 20 21 20 22 23 24 22 22 23 25 26 27 1495 7 13 20 22 25 26 2 3 6 26 1223 1495 76 863 863 1497 1497 1498 1499 1500 1501 1502 1503 1504 1505 1459 1506 1507 1508 20 31 32 22 21 33 23 34 25 32 32 35 36 10 37 37 38 39 40 41 42 43 44 45 46 47 48
https://www.atelierdeschefs.fr/fr/recette/11235-cookies-au-chocolat-blanc.php
1167:  1167 1 2 3 1 4 5 6 1167 6 7 8 9 10 11 12 13 14 15 16 17 18 19 20 21 20 22 23 24 22 22 23 25 26 27 1167 7 13 20 22 25 26 2 3 6 26 144 1167 76 728 728 132 132 1509 1479 1475 1510 1511 1512 1513 1514 1515 1164 1165 1166 20 31 32 22 21 33 23 34 25 32 32 35 36 10 37 37 38 39 40 41 42 43 44 45 46 47 48
https://www.atelierdeschefs.fr/fr/recette/22821-biscuit-chocolat-et-mangue.php
1509:  1509 1 2 3 1 4 5 6 1509 6 7 8 9 10 11 12 13 14 15 16 17 18 19 20 21 20 22 23 24 22 22 23 25 26 27 1509 7 13 20 22 25 26 2 3 6 26 1516 1509 76 132 132 1517 1517 1512 1183 1513 1213 1518 1180 1519 1520 1484 1317 1521 1522 20 31 32 22 21 33 23 34 25 32 32 35 36 10 37 37 38 39 40 41 42 43 44 45 46 47 48
https://www.atelierdeschefs.fr/fr/recette/11238-cookies-au-chocolat-noir-et-piment-d-espelette.php
1510:  1510 1 2 3 1 4 5 6 1510 6 7 8 9 10 11 12 13 14 15 16 17 18 19 20 21 20 22 23 24 22 22 23 25 26 27 1510 7 13 20 22 25 26 2 3 6 26 1523 1510 76 132 132 83 83 1524 1167 1511 1514 1525 1526 1527 1528 1529 225 1484 1530 20 31 32 22 21 33 23 34 25 32 32 35 36 10 37 37 38 39 40 41 42 43 44 45 46 47 48
https://www.atelierdeschefs.fr/fr/recette/28018-cookies-au-chocolat.php
1511:  1511 1 2 3 1 4 5 6 1511 6 7 8 9 10 11 12 13 14 15 16 17 18 19 20 21 20 22 23 24 22 22 23 25 26 27 1511 7 13 20 22 25 26 2 3 6 26 1441 1511 76 132 132 721 721 1167 1510 1514 1477 1479 1475 1531 225 1532 1533 1534 1535 20 31 32 22 21 33 23 34 25 32 32 35 36 10 37 37 38 39 40 41 42 43 44 45 46 47 48
https://www.atelierdeschefs.fr/fr/recette/1564-biscuit-moelleux-au-chocolat.php
1512:  1512 1 2 3 1 4 5 6 1512 6 7 8 9 10 11 12 13 14 15 16 17 18 19 20 21 20 22 23 24 22 22 23 25 26 27 1512 7 13 20 22 25 26 2 3 6 26 1536 1512 76 1509 1537 1520 1529 1538 1539 1540 1458 1513 1541 1437 1484 20 31 32 22 21 33 23 34 25 32 32 35 36 10 37 37 38 39 40 41 42 43 44 45 46 47 48
https://www.atelierdeschefs.fr/fr/recette/12776-biscuits-croustillants-chocolat-gingembre.php
1513:  1513 1 2 3 1 4 5 6 1513 6 7 8 9 10 11 12 13 14 15 16 17 18 19 20 21 20 22 23 24 22 22 23 25 26 27 1513 7 13 20 22 25 26 2 3 6 26 1542 1513 76 132 132 1543 1543 1509 1512 1544 1520 1484 1545 1546 1547 1521 1548 1167 1549 20 31 32 22 21 33 23 34 25 32 32 35 36 10 37 37 38 39 40 41 42 43 44 45 46 47 48
https://www.atelierdeschefs.fr/fr/recette/7548-cookies-aux-deux-chocolats.php
1514:  1514 1 2 3 1 4 5 6 1514 6 7 8 9 10 11 12 13 14 15 16 17 18 19 20 21 20 22 23 24 22 22 23 25 26 27 1514 7 13 20 22 25 26 2 3 6 26 1550 1514 76 1167 1510 1511 1477 1479 1475 1531 1532 1533 1551 155 1552 20 31 32 22 21 33 23 34 25 32 32 35 36 10 37 37 38 39 40 41 42 43 44 45 46 47 48
https://www.atelierdeschefs.fr/fr/recette/11244-cookies-au-carambar.php
1515:  1515 1 2 3 1 4 5 6 1515 6 7 8 9 10 11 12 13 14 15 16 17 18 19 20 21 20 22 23 24 22 22 23 25 26 27 1515 7 13 20 22 25 26 2 3 6 26 1441 1515 76 728 728 1553 1553 1554 1167 1475 1555 1254 1556 1557 1228 1558 1533 1559 1560 20 31 32 22 21 33 23 34 25 32 32 35 36 10 37 37 38 39 40 41 42 43 44 45 46 47 48
https://www.atelierdeschefs.fr/fr/recette/20273-macaron-chocolat-blanc-citron-vert-et-speculoos.php
1168:  1168 1 2 3 1 4 5 6 1168 6 7 8 9 10 11 12 13 14 15 16 17 18 19 20 21 20 22 23 24 22 22 23 25 26 27 1168 7 13 20 22 25 26 2 3 6 26 1561 1168 76 100 100 1562 1562 1563 1564 1527 1565 1566 1169 1567 1568 1569 1570 1571 1572 20 31 32 22 21 33 23 34 25 32 32 35 36 10 37 37 38 39 40 41 42 43 44 45 46 47 48
https://www.atelierdeschefs.fr/fr/recette/4223-macaron-huile-d-olive-vanille-et-chocolat-blanc.php
1568:  1568 1 2 3 1 4 5 6 1568 6 7 8 9 10 11 12 13 14 15 16 17 18 19 20 21 20 22 23 24 22 22 23 25 26 27 1568 7 13 20 22 25 26 2 3 6 26 1441 1568 76 100 100 99 99 1573 1574 1575 1576 1577 1578 1579 1580 1581 1165 1582 1583 20 31 32 22 21 33 23 34 25 32 32 35 36 10 37 37 38 39 40 41 42 43 44 45 46 47 48
https://www.atelierdeschefs.fr/fr/recette/16715-macaron-sucre-cuit-chocolat-orange.php
1569:  1569 1 2 3 1 4 5 6 1569 6 7 8 9 10 11 12 13 14 15 16 17 18 19 20 21 20 22 23 24 22 22 23 25 26 27 1569 7 13 20 22 25 26 2 3 6 26 1221 1569 76 100 100 1584 1584 1571 1585 1586 1587 1588 1589 1590 1591 1592 1593 1594 1595 20 31 32 22 21 33 23 34 25 32 32 35 36 10 37 37 38 39 40 41 42 43 44 45 46 47 48
https://www.atelierdeschefs.fr/fr/recette/17880-macaron-miel-chocolat.php
1570:  1570 1 2 3 1 4 5 6 1570 6 7 8 9 10 11 12 13 14 15 16 17 18 19 20 21 20 22 23 24 22 22 23 25 26 27 1570 7 13 20 22 25 26 2 3 6 26 1596 1570 76 100 100 99 99 1584 1584 1563 1564 1527 1565 1168 1566 1567 1569 1571 1586 1568 1587 20 31 32 22 21 33 23 34 25 32 32 35 36 10 37 37 38 39 40 41 42 43 44 45 46 47 48
https://www.atelierdeschefs.fr/fr/recette/25899-macaron-sucre-cuit-chocolat-noir-et-noix-de-coco.php
1571:  1571 1 2 3 1 4 5 6 1571 6 7 8 9 10 11 12 13 14 15 16 17 18 19 20 21 20 22 23 24 22 22 23 25 26 27 1571 7 13 20 22 25 26 2 3 6 26 1597 1571 76 77 77 100 100 1569 1585 1586 1587 1588 1589 1590 1591 1592 1593 1594 1595 20 31 32 22 21 33 23 34 25 32 32 35 36 10 37 37 38 39 40 41 42 43 44 45 46 47 48
