https://www.bbc.co.uk/food/recipes
0:  1 0 2 3 0 1 4 5 6 7 8 9 10 11 12 13 14 15 16 0 17 11 18 0 19 20 21 22 23 24 25 26 27 28 29 30 31 0 32 33 33 34 35 36 33 37 38 39 40 41 42 43 44 45 46 47 48 49 50 51 52 53 54 55 56 57 58 59 60 22 25 61 62 63 64 65 1 4 5 6 7 8 9 10 11 12 13 14 15 16 66 67 68 69 2 70 71 72 73
https://www.bbc.co.uk
1:  74 1 2 3 74 75 76 77 78 79 80 81 1 82 74 75 76 77 78 79 80 81 83 84 85 8 86 87 88 89 90 91 92 93 94 95 4 96 97 98 5 99 100 101 102 103 104 105 106 107 108 109 110 111 112 113 114 115 116 117 118 119 120 121 122 123 124 125 126 11 127 60 128 129 130 131 132 133 134 135 136 137 138 139 140 141 142 143 144 145 74 75 76 77 78 79 80 81 83 84 85 8 146 67 147 148 149 150 71 72 151 152 153 73
https://www.bbc.co.uk/food/collections/english_regional_classics
128:  1 128 2 3 128 1 4 5 6 7 8 9 10 11 12 13 14 15 16 128 17 11 18 0 19 20 21 22 23 24 25 26 27 28 29 30 31 154 154 155 156 157 158 159 160 161 162 163 164 165 166 167 168 169 170 171 172 173 174 175 176 177 178 179 180 181 182 183 40 184 185 186 61 62 63 64 65 1 4 5 6 7 8 9 10 11 12 13 14 15 16 66 67 68 69 2 70 71 72 73
https://www.bbc.co.uk/food/recipes/dorset_apple_cake_37804
154:  1 154 2 3 154 1 4 5 6 7 8 9 10 11 12 13 14 15 16 154 17 11 18 0 19 20 21 22 23 24 25 26 27 28 29 30 31 187 188 189 190 187 191 192 193 194 195 196 197 198 199 200 201 202 203 204 154 25 205 205 206 207 207 208 209 209 202 210 211 212 61 62 63 64 65 1 4 5 6 7 8 9 10 11 12 13 14 15 16 66 67 68 69 2 70 71 72 73
https://www.bbc.co.uk/food/diets/vegetarian
187:  1 187 2 3 187 1 4 5 6 7 8 9 10 11 12 13 14 15 16 187 17 11 18 0 19 20 21 22 23 24 25 26 27 28 29 30 31 213 214 215 216 217 218 219 220 221 222 223 224 225 226 227 214 61 62 63 64 65 1 4 5 6 7 8 9 10 11 12 13 14 15 16 66 67 68 69 2 70 71 72 73
https://www.bbc.co.uk/food/collections/protein-packed_vegetarian_dinners
224:  1 224 2 3 224 1 4 5 6 7 8 9 10 11 12 13 14 15 16 224 17 11 18 0 19 20 21 22 23 24 25 26 27 28 29 30 31 228 228 229 230 231 232 233 234 235 236 237 238 239 240 241 242 243 244 245 246 247 248 249 250 251 252 253 254 255 256 257 258 259 260 261 262 263 264 265 61 62 63 64 65 1 4 5 6 7 8 9 10 11 12 13 14 15 16 66 67 68 69 2 70 71 72 73
https://www.bbc.co.uk/food/collections/summery_traybakes
256:  1 256 2 3 256 1 4 5 6 7 8 9 10 11 12 13 14 15 16 256 17 11 18 0 19 20 21 22 23 24 25 26 27 28 29 30 31 266 266 267 268 269 270 271 272 273 241 274 275 276 277 278 243 244 245 246 247 248 249 250 251 224 252 253 254 255 257 258 259 260 261 262 263 264 265 61 62 63 64 65 1 4 5 6 7 8 9 10 11 12 13 14 15 16 66 67 68 69 2 70 71 72 73
https://www.bbc.co.uk/food/recipes/greek-style_chicken_and_64546
266:  1 266 2 3 266 1 4 5 6 7 8 9 10 11 12 13 14 15 16 266 17 11 18 0 19 20 21 22 23 24 25 26 27 28 29 30 31 279 279 280 189 281 282 283 284 285 286 287 288 289 290 291 292 293 294 295 25 278 278 296 297 297 291 280 298 299 300 210 211 212 61 62 63 64 65 1 4 5 6 7 8 9 10 11 12 13 14 15 16 66 67 68 69 2 70 71 72 73
https://www.bbc.co.uk/food/chefs/hairy_bikers
279:  1 279 2 3 279 1 4 5 6 7 8 9 10 11 12 13 14 15 16 279 17 11 18 0 19 20 21 22 23 24 25 26 27 28 29 30 31 279 301 302 303 304 305 306 307 308 309 310 170 311 312 313 314 315 316 317 318 319 320 321 322 323 324 325 326 327 328 329 330 331 332 333 334 335 336 337 280 338 339 340 341 342 343 344 345 346 347 348 349 350 351 352 353 354 61 62 63 64 65 1 4 5 6 7 8 9 10 11 12 13 14 15 16 66 67 68 69 2 70 71 72 73
https://www.bbc.co.uk/food/chefs/hairy_bikers/a-z
301:  1 301 2 3 301 1 4 5 6 7 8 9 10 11 12 13 14 15 16 301 17 11 18 0 19 20 21 22 23 24 25 26 27 28 29 30 31 279 301 355 356 357 358 359 360 361 362 363 364 365 366 367 368 369 370 371 372 373 374 375 376 377 378 379 380 381 382 383 384 385 386 317 387 388 389 326 327 328 329 330 331 332 333 334 335 336 337 280 338 339 340 341 342 343 344 345 346 347 348 349 350 351 352 353 354 61 62 63 64 65 1 4 5 6 7 8 9 10 11 12 13 14 15 16 66 67 68 69 2 70 71 72 73
https://www.bbc.co.uk/food/recipes/american_style_pancakes_03212
384:  1 384 2 3 384 1 4 5 6 7 8 9 10 11 12 13 14 15 16 384 17 11 18 0 19 20 21 22 23 24 25 26 27 28 29 30 31 279 279 330 189 390 391 392 201 196 393 198 191 394 25 395 395 396 397 397 398 330 399 400 401 402 210 211 212 61 62 63 64 65 1 4 5 6 7 8 9 10 11 12 13 14 15 16 66 67 68 69 2 70 71 72 73
https://www.bbc.co.uk/food/recipes/american_style_pancakes_03212/shopping-list
390:  1 390 2 3 390 1 4 5 6 7 8 9 10 11 12 13 14 15 16 390 17 11 201 394 196 392 191 393 198 391 384 1 4 5 6 7 8 9 10 11 12 13 14 15 16 66 67 68 69 2 70 71 72 73
https://www.bbc.co.uk/food/sausage
391:  1 391 2 3 391 1 4 5 6 7 8 9 10 11 12 13 14 15 16 391 17 11 18 0 19 20 21 22 23 24 25 26 27 28 29 30 31 403 403 391 404 405 406 407 408 409 410 411 412 413 414 415 416 417 418 419 420 421 422 423 424 425 426 427 428 325 429 430 431 432 433 434 435 436 437 438 439 440 61 62 63 64 65 1 4 5 6 7 8 9 10 11 12 13 14 15 16 66 67 68 69 2 70 71 72 73
https://www.bbc.co.uk/food/recipes/bangers_and_mash_with_80175
403:  1 403 2 3 403 1 4 5 6 7 8 9 10 11 12 13 14 15 16 403 17 11 18 0 19 20 21 22 23 24 25 26 27 28 29 30 31 441 441 350 189 442 391 443 444 445 295 191 199 446 191 447 448 403 449 25 427 427 450 405 405 391 350 451 452 453 454 455 425 456 457 458 459 210 211 212 61 62 63 64 65 1 4 5 6 7 8 9 10 11 12 13 14 15 16 66 67 68 69 2 70 71 72 73
https://www.bbc.co.uk/food/pea
448:  1 448 2 3 448 1 4 5 6 7 8 9 10 11 12 13 14 15 16 448 17 11 18 0 19 20 21 22 23 24 25 26 27 28 29 30 31 460 460 448 461 462 463 464 465 466 467 468 469 470 471 472 473 474 475 476 477 478 479 480 481 482 483 484 485 325 486 487 488 489 490 491 52 282 492 493 494 495 496 57 497 498 443 499 500 501 502 503 504 505 61 62 63 64 65 1 4 5 6 7 8 9 10 11 12 13 14 15 16 66 67 68 69 2 70 71 72 73
https://www.bbc.co.uk/food/recipes/pea_and_pancetta_soup_82240
460:  1 460 2 3 460 1 4 5 6 7 8 9 10 11 12 13 14 15 16 460 17 11 18 0 19 20 21 22 23 24 25 26 27 28 29 30 31 506 506 507 189 508 509 448 510 196 511 25 512 512 513 514 514 515 485 485 448 507 516 517 210 211 212 61 62 63 64 65 1 4 5 6 7 8 9 10 11 12 13 14 15 16 66 67 68 69 2 70 71 72 73
https://www.bbc.co.uk/food/recipes/pizza_on_toast_09337
512:  1 512 2 3 512 1 4 5 6 7 8 9 10 11 12 13 14 15 16 512 17 11 18 0 19 20 21 22 23 24 25 26 27 28 29 30 31 187 518 518 189 519 187 520 521 522 523 25 460 460 513 524 524 525 526 526 520 210 211 212 61 62 63 64 65 1 4 5 6 7 8 9 10 11 12 13 14 15 16 66 67 68 69 2 70 71 72 73
https://www.bbc.co.uk/food/chefs/justine_pattison
518:  1 518 2 3 518 1 4 5 6 7 8 9 10 11 12 13 14 15 16 518 17 11 18 0 19 20 21 22 23 24 25 26 27 28 29 30 31 518 527 528 529 530 531 532 533 534 535 536 537 538 539 540 541 542 543 544 545 546 547 548 549 550 551 325 552 61 62 63 64 65 1 4 5 6 7 8 9 10 11 12 13 14 15 16 66 67 68 69 2 70 71 72 73
https://www.bbc.co.uk/food/chefs/justine_pattison/a-z
527:  1 527 2 3 527 1 4 5 6 7 8 9 10 11 12 13 14 15 16 527 17 11 18 0 19 20 21 22 23 24 25 26 27 28 29 30 31 518 527 553 554 555 556 557 558 559 560 561 562 563 564 565 566 567 568 569 570 571 572 573 574 575 552 61 62 63 64 65 1 4 5 6 7 8 9 10 11 12 13 14 15 16 66 67 68 69 2 70 71 72 73
https://www.bbc.co.uk/food/chefs/justine_pattison/a-z/a/1
553:  1 553 2 3 553 1 4 5 6 7 8 9 10 11 12 13 14 15 16 553 17 11 18 0 19 20 21 22 23 24 25 26 27 28 29 30 31 518 527 553 554 555 556 557 558 559 560 561 562 563 564 565 566 567 568 569 570 571 572 573 574 575 552 61 62 63 64 65 1 4 5 6 7 8 9 10 11 12 13 14 15 16 66 67 68 69 2 70 71 72 73
https://www.bbc.co.uk/food/chefs/justine_pattison/a-z/b/1
554:  1 554 2 3 554 1 4 5 6 7 8 9 10 11 12 13 14 15 16 554 17 11 18 0 19 20 21 22 23 24 25 26 27 28 29 30 31 518 527 553 554 555 556 557 558 559 560 561 562 563 564 565 566 567 568 569 570 571 572 573 576 577 578 579 580 528 581 582 583 532 584 585 552 61 62 63 64 65 1 4 5 6 7 8 9 10 11 12 13 14 15 16 66 67 68 69 2 70 71 72 73
https://www.bbc.co.uk/food/recipes/baked_chicken_breast_49731
576:  1 576 2 3 576 1 4 5 6 7 8 9 10 11 12 13 14 15 16 576 17 11 18 0 19 20 21 22 23 24 25 26 27 28 29 30 31 518 518 189 586 587 286 588 589 444 590 591 576 25 592 592 593 268 268 594 595 595 587 210 211 212 61 62 63 64 65 1 4 5 6 7 8 9 10 11 12 13 14 15 16 66 67 68 69 2 70 71 72 73
https://www.bbc.co.uk/food/recipes/baked_chicken_breast_49731/shopping-list
586:  1 586 2 3 586 1 4 5 6 7 8 9 10 11 12 13 14 15 16 586 17 11 589 444 286 591 588 590 587 576 1 4 5 6 7 8 9 10 11 12 13 14 15 16 66 67 68 69 2 70 71 72 73
https://www.bbc.co.uk/food/chicken_breast
587:  1 587 2 3 587 1 4 5 6 7 8 9 10 11 12 13 14 15 16 587 17 11 18 0 19 20 21 22 23 24 25 26 27 28 29 30 31 596 596 587 597 598 595 599 600 267 528 601 602 304 603 604 605 606 607 608 609 408 477 610 611 313 612 613 614 325 615 616 617 618 619 620 291 621 61 62 63 64 65 1 4 5 6 7 8 9 10 11 12 13 14 15 16 66 67 68 69 2 70 71 72 73
https://www.bbc.co.uk/food/chicken_breast/a-z
597:  1 597 2 3 597 1 4 5 6 7 8 9 10 11 12 13 14 15 16 597 17 11 18 0 19 20 21 22 23 24 25 26 27 28 29 30 31 596 596 587 597 622 623 624 625 626 627 628 629 630 631 632 633 634 635 636 637 638 639 640 641 642 643 644 645 646 647 615 616 617 618 619 620 291 621 61 62 63 64 65 1 4 5 6 7 8 9 10 11 12 13 14 15 16 66 67 68 69 2 70 71 72 73
https://www.bbc.co.uk/food/chicken_breast/a-z/t/1
640:  1 640 2 3 640 1 4 5 6 7 8 9 10 11 12 13 14 15 16 640 17 11 18 0 19 20 21 22 23 24 25 26 27 28 29 30 31 596 596 587 597 622 623 624 625 626 627 628 629 630 631 632 633 634 635 636 637 638 639 640 641 642 643 648 649 650 651 652 653 654 655 656 657 658 659 660 661 662 663 664 615 616 617 618 619 620 291 621 61 62 63 64 65 1 4 5 6 7 8 9 10 11 12 13 14 15 16 66 67 68 69 2 70 71 72 73
https://www.bbc.co.uk/food/recipes/tandoorichickenwithb_82082
649:  1 649 2 3 649 1 4 5 6 7 8 9 10 11 12 13 14 15 16 649 17 11 18 0 19 20 21 22 23 24 25 26 27 28 29 30 31 665 665 666 189 667 668 668 669 670 196 587 191 671 672 196 673 674 675 195 669 196 676 675 668 288 677 668 49 678 191 679 680 196 191 675 443 195 681 682 683 196 680 684 685 686 687 649 688 689 690 25 210 211 212 61 62 63 64 65 1 4 5 6 7 8 9 10 11 12 13 14 15 16 66 67 68 69 2 70 71 72 73
https://www.bbc.co.uk/food/chefs/atul_kochhar
665:  1 665 2 3 665 1 4 5 6 7 8 9 10 11 12 13 14 15 16 665 17 11 18 0 19 20 21 22 23 24 25 26 27 28 29 30 31 665 691 692 693 694 695 696 697 698 699 700 701 702 703 704 705 706 707 649 708 709 710 711 712 713 714 325 347 349 715 280 350 666 716 717 718 61 62 63 64 65 1 4 5 6 7 8 9 10 11 12 13 14 15 16 66 67 68 69 2 70 71 72 73
https://www.bbc.co.uk/food/recipes/monkfish_curry_96937
692:  1 692 2 3 692 1 4 5 6 7 8 9 10 11 12 13 14 15 16 692 17 11 18 0 19 20 21 22 23 24 25 26 27 28 29 30 31 665 665 349 189 719 669 720 288 721 49 722 670 723 724 725 723 726 681 727 49 443 288 721 680 669 728 729 681 196 723 730 677 668 720 49 731 732 733 734 196 502 735 25 736 736 737 738 738 724 349 739 740 741 742 210 211 212 61 62 63 64 65 1 4 5 6 7 8 9 10 11 12 13 14 15 16 66 67 68 69 2 70 71 72 73
https://www.bbc.co.uk/food/recipes/monkfish_curry_96937/shopping-list
719:  1 719 2 3 719 1 4 5 6 7 8 9 10 11 12 13 14 15 16 719 17 11 49 49 49 680 288 288 668 731 725 670 443 502 732 729 735 721 721 734 727 726 681 681 722 669 669 677 733 730 723 723 723 196 196 728 720 720 724 692 1 4 5 6 7 8 9 10 11 12 13 14 15 16 66 67 68 69 2 70 71 72 73
https://www.bbc.co.uk/food/turmeric
720:  1 720 2 3 720 1 4 5 6 7 8 9 10 11 12 13 14 15 16 720 17 11 18 0 19 20 21 22 23 24 25 26 27 28 29 30 31 743 743 720 744 745 746 604 747 748 736 749 474 476 750 751 397 752 753 754 755 756 757 758 759 760 761 762 763 325 764 765 766 767 768 769 681 770 669 195 771 772 733 773 774 674 668 775 776 682 777 778 779 591 780 781 782 783 784 726 61 62 63 64 65 1 4 5 6 7 8 9 10 11 12 13 14 15 16 66 67 68 69 2 70 71 72 73
https://www.bbc.co.uk/food/asafoetida
768:  1 768 2 3 768 1 4 5 6 7 8 9 10 11 12 13 14 15 16 768 17 11 18 0 19 20 21 22 23 24 25 26 27 28 29 30 31 768 785 786 787 788 789 790 791 792 793 794 795 796 797 798 799 800 801 802 803 804 805 806 807 808 809 325 764 765 766 767 769 681 770 669 195 771 772 733 773 774 674 668 775 776 682 777 778 779 591 780 781 782 783 784 720 726 61 62 63 64 65 1 4 5 6 7 8 9 10 11 12 13 14 15 16 66 67 68 69 2 70 71 72 73
https://www.bbc.co.uk/food/asafoetida/a-z
785:  1 785 2 3 785 1 4 5 6 7 8 9 10 11 12 13 14 15 16 785 17 11 18 0 19 20 21 22 23 24 25 26 27 28 29 30 31 768 785 810 811 812 813 814 815 816 817 818 819 820 804 794 803 797 764 765 766 767 769 681 770 669 195 771 772 733 773 774 674 668 775 776 682 777 778 779 591 780 781 782 783 784 720 726 61 62 63 64 65 1 4 5 6 7 8 9 10 11 12 13 14 15 16 66 67 68 69 2 70 71 72 73
https://www.bbc.co.uk/food/asafoetida/a-z/b/1
810:  1 810 2 3 810 1 4 5 6 7 8 9 10 11 12 13 14 15 16 810 17 11 18 0 19 20 21 22 23 24 25 26 27 28 29 30 31 768 785 810 811 812 813 814 815 816 817 818 819 820 804 794 803 797 764 765 766 767 769 681 770 669 195 771 772 733 773 774 674 668 775 776 682 777 778 779 591 780 781 782 783 784 720 726 61 62 63 64 65 1 4 5 6 7 8 9 10 11 12 13 14 15 16 66 67 68 69 2 70 71 72 73
https://www.bbc.co.uk/food/asafoetida/a-z/f/1
811:  1 811 2 3 811 1 4 5 6 7 8 9 10 11 12 13 14 15 16 811 17 11 18 0 19 20 21 22 23 24 25 26 27 28 29 30 31 768 785 810 811 812 813 814 815 816 817 818 819 820 809 764 765 766 767 769 681 770 669 195 771 772 733 773 774 674 668 775 776 682 777 778 779 591 780 781 782 783 784 720 726 61 62 63 64 65 1 4 5 6 7 8 9 10 11 12 13 14 15 16 66 67 68 69 2 70 71 72 73
https://www.bbc.co.uk/food/asafoetida/a-z/k/1
813:  1 813 2 3 813 1 4 5 6 7 8 9 10 11 12 13 14 15 16 813 17 11 18 0 19 20 21 22 23 24 25 26 27 28 29 30 31 768 785 810 811 812 813 814 815 816 817 818 819 820 798 821 787 764 765 766 767 769 681 770 669 195 771 772 733 773 774 674 668 775 776 682 777 778 779 591 780 781 782 783 784 720 726 61 62 63 64 65 1 4 5 6 7 8 9 10 11 12 13 14 15 16 66 67 68 69 2 70 71 72 73
https://www.bbc.co.uk/food/recipes/keralaprawns_92902
821:  1 821 2 3 821 1 4 5 6 7 8 9 10 11 12 13 14 15 16 821 17 11 18 0 19 20 21 22 23 24 25 26 27 28 29 30 31 822 822 280 189 823 675 730 824 768 677 720 773 825 668 443 288 826 827 828 829 295 830 821 831 832 688 25 738 738 833 280 210 211 212 61 62 63 64 65 1 4 5 6 7 8 9 10 11 12 13 14 15 16 66 67 68 69 2 70 71 72 73
https://www.bbc.co.uk/food/techniques/peeling_prawns
832:  1 832 2 3 832 1 4 5 6 7 8 9 10 11 12 13 14 15 16 832 17 11 18 0 19 20 21 22 23 24 25 26 27 28 29 30 31 834 832 835 311 836 837 838 839 840 841 695 842 843 844 845 846 847 848 849 850 851 852 853 854 855 856 857 61 62 63 64 65 1 4 5 6 7 8 9 10 11 12 13 14 15 16 66 67 68 69 2 70 71 72 73
https://www.bbc.co.uk/food/recipes/chargrilledsweetands_90198
834:  1 834 2 3 834 1 4 5 6 7 8 9 10 11 12 13 14 15 16 834 17 11 18 0 19 20 21 22 23 24 25 26 27 28 29 30 31 858 858 189 859 826 196 675 829 828 860 192 668 49 834 861 688 25 862 862 863 864 864 865 866 866 826 210 211 212 61 62 63 64 65 1 4 5 6 7 8 9 10 11 12 13 14 15 16 66 67 68 69 2 70 71 72 73
https://www.bbc.co.uk/food/recipes/sweet_and_sour_tofu_83952
864:  1 864 2 3 864 1 4 5 6 7 8 9 10 11 12 13 14 15 16 864 17 11 18 0 19 20 21 22 23 24 25 26 27 28 29 30 31 187 867 867 868 189 869 187 288 668 870 871 872 873 677 874 49 730 588 875 723 876 877 830 864 878 690 25 879 879 880 881 881 865 882 882 875 868 883 210 211 212 61 62 63 64 65 1 4 5 6 7 8 9 10 11 12 13 14 15 16 66 67 68 69 2 70 71 72 73
https://www.bbc.co.uk/food/chefs/romy_gill
867:  1 867 2 3 867 1 4 5 6 7 8 9 10 11 12 13 14 15 16 867 17 11 18 0 19 20 21 22 23 24 25 26 27 28 29 30 31 867 884 746 885 748 751 397 886 753 756 887 763 888 889 613 890 891 892 893 894 895 896 897 864 898 899 325 868 61 62 63 64 65 1 4 5 6 7 8 9 10 11 12 13 14 15 16 66 67 68 69 2 70 71 72 73
https://www.bbc.co.uk/food/recipes/banana_blossom_curry_76226
896:  1 896 2 3 896 1 4 5 6 7 8 9 10 11 12 13 14 15 16 896 17 11 18 0 19 20 21 22 23 24 25 26 27 28 29 30 31 187 867 867 868 189 900 187 901 677 730 284 49 668 288 674 720 902 192 588 729 829 903 25 904 904 905 868 906 210 211 212 61 62 63 64 65 1 4 5 6 7 8 9 10 11 12 13 14 15 16 66 67 68 69 2 70 71 72 73
https://www.bbc.co.uk/food/recipes/banana_blossom_curry_76226/shopping-list
900:  1 900 2 3 900 1 4 5 6 7 8 9 10 11 12 13 14 15 16 900 17 11 49 829 288 668 284 729 192 677 903 674 730 588 901 902 720 896 1 4 5 6 7 8 9 10 11 12 13 14 15 16 66 67 68 69 2 70 71 72 73
https://www.bbc.co.uk/food/sunflower_oil
901:  1 901 2 3 901 1 4 5 6 7 8 9 10 11 12 13 14 15 16 901 17 11 18 0 19 20 21 22 23 24 25 26 27 28 29 30 31 907 907 901 908 303 909 601 529 530 910 911 746 912 885 913 914 915 916 748 469 917 918 919 750 751 397 920 921 325 922 923 924 925 926 927 928 286 929 723 930 931 932 933 675 934 61 62 63 64 65 1 4 5 6 7 8 9 10 11 12 13 14 15 16 66 67 68 69 2 70 71 72 73
https://www.bbc.co.uk/food/recipes/vegetablepakoras_90048
907:  1 907 2 3 907 1 4 5 6 7 8 9 10 11 12 13 14 15 16 907 17 11 18 0 19 20 21 22 23 24 25 26 27 28 29 30 31 187 935 936 189 937 187 392 669 674 670 443 938 939 829 49 196 901 907 831 25 940 940 941 942 942 943 936 944 945 210 211 212 61 62 63 64 65 1 4 5 6 7 8 9 10 11 12 13 14 15 16 66 67 68 69 2 70 71 72 73
https://www.bbc.co.uk/food/programmes/b007szxr
936:  1 936 2 3 936 1 4 5 6 7 8 9 10 11 12 13 14 15 16 936 17 11 18 0 19 20 21 22 23 24 25 26 27 28 29 30 31 946 947 948 949 950 951 952 953 954 955 956 957 958 959 61 62 63 64 65 1 4 5 6 7 8 9 10 11 12 13 14 15 16 66 67 68 69 2 70 71 72 73
https://www.bbc.co.uk/food/programmes/b007szxr/episodes
946:  1 946 2 3 946 1 4 5 6 7 8 9 10 11 12 13 14 15 16 946 17 11 18 0 19 20 21 22 23 24 25 26 27 28 29 30 31 946 947 948 949 950 951 952 953 954 955 956 957 958 959 61 62 63 64 65 1 4 5 6 7 8 9 10 11 12 13 14 15 16 66 67 68 69 2 70 71 72 73
https://www.bbc.co.uk/food/programmes/b007szxr/recipes
947:  1 947 2 3 947 1 4 5 6 7 8 9 10 11 12 13 14 15 16 947 17 11 18 0 19 20 21 22 23 24 25 26 27 28 29 30 31 946 947 960 961 962 944 963 964 965 966 967 968 969 853 907 856 970 971 972 973 802 974 975 803 976 977 947 947 947 61 62 63 64 65 1 4 5 6 7 8 9 10 11 12 13 14 15 16 66 67 68 69 2 70 71 72 73
https://www.bbc.co.uk/food/recipes/mangosmoothie_86438
960:  1 960 2 3 960 1 4 5 6 7 8 9 10 11 12 13 14 15 16 960 17 11 18 0 19 20 21 22 23 24 25 26 27 28 29 30 31 187 978 978 936 189 979 187 447 25 980 980 981 982 982 983 936 963 977 984 985 210 211 212 61 62 63 64 65 1 4 5 6 7 8 9 10 11 12 13 14 15 16 66 67 68 69 2 70 71 72 73
https://www.bbc.co.uk/food/chefs/anjum_anand
978:  1 978 2 3 978 1 4 5 6 7 8 9 10 11 12 13 14 15 16 978 17 11 18 0 19 20 21 22 23 24 25 26 27 28 29 30 31 978 986 960 961 962 944 963 964 965 966 967 968 969 853 856 970 971 972 973 802 974 975 803 976 977 987 325 936 988 61 62 63 64 65 1 4 5 6 7 8 9 10 11 12 13 14 15 16 66 67 68 69 2 70 71 72 73
https://www.bbc.co.uk/food/chefs/anjum_anand/a-z
986:  1 986 2 3 986 1 4 5 6 7 8 9 10 11 12 13 14 15 16 986 17 11 18 0 19 20 21 22 23 24 25 26 27 28 29 30 31 978 986 989 990 991 992 993 994 995 996 997 998 999 1000 1001 1002 1003 1004 1005 1006 967 803 1007 936 988 61 62 63 64 65 1 4 5 6 7 8 9 10 11 12 13 14 15 16 66 67 68 69 2 70 71 72 73
https://www.bbc.co.uk/food/chefs/anjum_anand/a-z/f/1
992:  1 992 2 3 992 1 4 5 6 7 8 9 10 11 12 13 14 15 16 992 17 11 18 0 19 20 21 22 23 24 25 26 27 28 29 30 31 978 986 989 990 991 992 993 994 995 996 997 998 999 1000 1001 1002 1003 1004 1005 1006 1008 936 988 61 62 63 64 65 1 4 5 6 7 8 9 10 11 12 13 14 15 16 66 67 68 69 2 70 71 72 73
https://www.bbc.co.uk/food/recipes/fennelseeddropbiscui_86436
1008:  1 1008 2 3 1008 1 4 5 6 7 8 9 10 11 12 13 14 15 16 1008 17 11 18 0 19 20 21 22 23 24 25 26 27 28 29 30 31 187 978 978 936 189 1009 187 199 192 447 447 681 873 196 1010 191 675 25 1011 1011 1012 1013 1013 1014 886 886 681 210 211 212 61 62 63 64 65 1 4 5 6 7 8 9 10 11 12 13 14 15 16 66 67 68 69 2 70 71 72 73
https://www.bbc.co.uk/food/chefs/anjum_anand/a-z/h/1
994:  1 994 2 3 994 1 4 5 6 7 8 9 10 11 12 13 14 15 16 994 17 11 18 0 19 20 21 22 23 24 25 26 27 28 29 30 31 978 986 989 990 991 992 993 994 995 996 997 998 999 1000 1001 1002 1003 1004 1005 1006 1015 936 988 61 62 63 64 65 1 4 5 6 7 8 9 10 11 12 13 14 15 16 66 67 68 69 2 70 71 72 73
https://www.bbc.co.uk/food/recipes/honeyroastedspicyleg_86764
1015:  1 1015 2 3 1015 1 4 5 6 7 8 9 10 11 12 13 14 15 16 1015 17 11 18 0 19 20 21 22 23 24 25 26 27 28 29 30 31 978 978 936 189 1016 1017 675 670 668 288 677 669 196 674 295 1018 673 1019 25 936 962 856 1020 1021 210 211 212 61 62 63 64 65 1 4 5 6 7 8 9 10 11 12 13 14 15 16 66 67 68 69 2 70 71 72 73
https://www.bbc.co.uk/food/chefs/anjum_anand/a-z/i/1
995:  1 995 2 3 995 1 4 5 6 7 8 9 10 11 12 13 14 15 16 995 17 11 18 0 19 20 21 22 23 24 25 26 27 28 29 30 31 978 986 989 990 991 992 993 994 995 996 997 998 999 1000 1001 1002 1003 1004 1005 1006 969 971 936 988 61 62 63 64 65 1 4 5 6 7 8 9 10 11 12 13 14 15 16 66 67 68 69 2 70 71 72 73
https://www.bbc.co.uk/food/chefs/anjum_anand/a-z/j/1
996:  1 996 2 3 996 1 4 5 6 7 8 9 10 11 12 13 14 15 16 996 17 11 18 0 19 20 21 22 23 24 25 26 27 28 29 30 31 978 986 989 990 991 992 993 994 995 996 997 998 999 1000 1001 1002 1003 1004 1005 1006 1022 936 988 61 62 63 64 65 1 4 5 6 7 8 9 10 11 12 13 14 15 16 66 67 68 69 2 70 71 72 73
https://www.bbc.co.uk/food/chefs/anjum_anand/a-z/l/1
997:  1 997 2 3 997 1 4 5 6 7 8 9 10 11 12 13 14 15 16 997 17 11 18 0 19 20 21 22 23 24 25 26 27 28 29 30 31 978 986 989 990 991 992 993 994 995 996 997 998 999 1000 1001 1002 1003 1004 1005 1006 1023 975 974 936 988 61 62 63 64 65 1 4 5 6 7 8 9 10 11 12 13 14 15 16 66 67 68 69 2 70 71 72 73
https://www.bbc.co.uk/food/recipes/lambandfenugreekdump_90002
1023:  1 1023 2 3 1023 1 4 5 6 7 8 9 10 11 12 13 14 15 16 1023 17 11 18 0 19 20 21 22 23 24 25 26 27 28 29 30 31 978 978 936 189 1024 675 1025 730 443 288 668 196 193 677 720 669 678 729 670 53 1026 200 1027 773 773 668 196 193 720 670 675 201 829 674 1023 831 25 1028 1028 1029 1030 1030 1025 936 210 211 212 61 62 63 64 65 1 4 5 6 7 8 9 10 11 12 13 14 15 16 66 67 68 69 2 70 71 72 73
https://www.bbc.co.uk/food/chefs/anjum_anand/a-z/m/1
998:  1 998 2 3 998 1 4 5 6 7 8 9 10 11 12 13 14 15 16 998 17 11 18 0 19 20 21 22 23 24 25 26 27 28 29 30 31 978 986 989 990 991 992 993 994 995 996 997 998 999 1000 1001 1002 1003 1004 1005 1006 960 1031 936 988 61 62 63 64 65 1 4 5 6 7 8 9 10 11 12 13 14 15 16 66 67 68 69 2 70 71 72 73
https://www.bbc.co.uk/food/chefs/anjum_anand/a-z/n/1
999:  1 999 2 3 999 1 4 5 6 7 8 9 10 11 12 13 14 15 16 999 17 11 18 0 19 20 21 22 23 24 25 26 27 28 29 30 31 978 986 989 990 991 992 993 994 995 996 997 998 999 1000 1001 1002 1003 1004 1005 1006 965 936 988 61 62 63 64 65 1 4 5 6 7 8 9 10 11 12 13 14 15 16 66 67 68 69 2 70 71 72 73
https://www.bbc.co.uk/food/chefs/anjum_anand/a-z/o/1
1000:  1 1000 2 3 1000 1 4 5 6 7 8 9 10 11 12 13 14 15 16 1000 17 11 18 0 19 20 21 22 23 24 25 26 27 28 29 30 31 978 986 989 990 991 992 993 994 995 996 997 998 999 1000 1001 1002 1003 1004 1005 1006 963 936 988 61 62 63 64 65 1 4 5 6 7 8 9 10 11 12 13 14 15 16 66 67 68 69 2 70 71 72 73
https://www.bbc.co.uk/food/chefs/anjum_anand/a-z/p/1
1001:  1 1001 2 3 1001 1 4 5 6 7 8 9 10 11 12 13 14 15 16 1001 17 11 18 0 19 20 21 22 23 24 25 26 27 28 29 30 31 978 986 989 990 991 992 993 994 995 996 997 998 999 1000 1001 1002 1003 1004 1005 1006 984 977 962 1032 802 856 1033 936 988 61 62 63 64 65 1 4 5 6 7 8 9 10 11 12 13 14 15 16 66 67 68 69 2 70 71 72 73
https://www.bbc.co.uk/food/chefs/anjum_anand/a-z/r/1
1003:  1 1003 2 3 1003 1 4 5 6 7 8 9 10 11 12 13 14 15 16 1003 17 11 18 0 19 20 21 22 23 24 25 26 27 28 29 30 31 978 986 989 990 991 992 993 994 995 996 997 998 999 1000 1001 1002 1003 1004 1005 1006 1034 936 988 61 62 63 64 65 1 4 5 6 7 8 9 10 11 12 13 14 15 16 66 67 68 69 2 70 71 72 73
https://www.bbc.co.uk/food/recipes/myroganjosh_90030
1034:  1 1034 2 3 1034 1 4 5 6 7 8 9 10 11 12 13 14 15 16 1034 17 11 18 0 19 20 21 22 23 24 25 26 27 28 29 30 31 978 978 936 189 1035 675 1036 726 681 771 195 682 443 1025 288 668 677 669 873 674 196 678 673 829 1034 831 25 480 480 1037 1030 1030 1025 936 1032 210 211 212 61 62 63 64 65 1 4 5 6 7 8 9 10 11 12 13 14 15 16 66 67 68 69 2 70 71 72 73
https://www.bbc.co.uk/food/chefs/anjum_anand/a-z/s/1
1004:  1 1004 2 3 1004 1 4 5 6 7 8 9 10 11 12 13 14 15 16 1004 17 11 18 0 19 20 21 22 23 24 25 26 27 28 29 30 31 978 986 989 990 991 992 993 994 995 996 997 998 999 1000 1001 1002 1003 1004 1005 1006 1038 972 1039 987 985 970 968 1040 936 988 61 62 63 64 65 1 4 5 6 7 8 9 10 11 12 13 14 15 16 66 67 68 69 2 70 71 72 73
https://www.bbc.co.uk/food/recipes/sweetsaffronyoghurts_86570
1040:  1 1040 2 3 1040 1 4 5 6 7 8 9 10 11 12 13 14 15 16 1040 17 11 18 0 19 20 21 22 23 24 25 26 27 28 29 30 31 187 978 978 936 189 1041 187 673 673 673 673 673 447 781 1042 681 1043 1018 59 25 1044 1044 673 936 967 972 802 987 1045 210 211 212 61 62 63 64 65 1 4 5 6 7 8 9 10 11 12 13 14 15 16 66 67 68 69 2 70 71 72 73
https://www.bbc.co.uk/food/recipes/smashedfriedpotatoes_86447
1038:  1 1038 2 3 1038 1 4 5 6 7 8 9 10 11 12 13 14 15 16 1038 17 11 18 0 19 20 21 22 23 24 25 26 27 28 29 30 31 187 978 978 936 189 1046 187 675 196 687 669 25 210 211 212 61 62 63 64 65 1 4 5 6 7 8 9 10 11 12 13 14 15 16 66 67 68 69 2 70 71 72 73
https://www.bbc.co.uk/food/chefs/anjum_anand/a-z/t/1
1005:  1 1005 2 3 1005 1 4 5 6 7 8 9 10 11 12 13 14 15 16 1005 17 11 18 0 19 20 21 22 23 24 25 26 27 28 29 30 31 978 986 989 990 991 992 993 994 995 996 997 998 999 1000 1001 1002 1003 1004 1005 1006 964 944 1047 1048 936 988 61 62 63 64 65 1 4 5 6 7 8 9 10 11 12 13 14 15 16 66 67 68 69 2 70 71 72 73
https://www.bbc.co.uk/food/recipes/theultimatemasalatea_86647
1048:  1 1048 2 3 1048 1 4 5 6 7 8 9 10 11 12 13 14 15 16 1048 17 11 18 0 19 20 21 22 23 24 25 26 27 28 29 30 31 187 978 978 936 189 1049 187 447 1036 681 873 195 668 193 196 25 1050 1050 1051 1052 1052 1053 210 211 212 61 62 63 64 65 1 4 5 6 7 8 9 10 11 12 13 14 15 16 66 67 68 69 2 70 71 72 73
https://www.bbc.co.uk/food/recipes/theperfectbasmatiric_86574
1047:  1 1047 2 3 1047 1 4 5 6 7 8 9 10 11 12 13 14 15 16 1047 17 11 18 0 19 20 21 22 23 24 25 26 27 28 29 30 31 187 978 978 936 189 1054 187 683 670 1047 878 25 210 211 212 61 62 63 64 65 1 4 5 6 7 8 9 10 11 12 13 14 15 16 66 67 68 69 2 70 71 72 73
https://www.bbc.co.uk/food/chefs/anjum_anand/a-z/w/1
1006:  1 1006 2 3 1006 1 4 5 6 7 8 9 10 11 12 13 14 15 16 1006 17 11 18 0 19 20 21 22 23 24 25 26 27 28 29 30 31 978 986 989 990 991 992 993 994 995 996 997 998 999 1000 1001 1002 1003 1004 1005 1006 1020 936 988 61 62 63 64 65 1 4 5 6 7 8 9 10 11 12 13 14 15 16 66 67 68 69 2 70 71 72 73
https://www.bbc.co.uk/food/recipes/bengalistyleaubergin_86619
1007:  1 1007 2 3 1007 1 4 5 6 7 8 9 10 11 12 13 14 15 16 1007 17 11 18 0 19 20 21 22 23 24 25 26 27 28 29 30 31 187 978 978 936 189 1055 187 282 720 196 669 675 673 193 1056 829 1007 688 25 1057 1057 282 936 965 975 1022 210 211 212 61 62 63 64 65 1 4 5 6 7 8 9 10 11 12 13 14 15 16 66 67 68 69 2 70 71 72 73
https://www.bbc.co.uk/food/coffee
1056:  1 1056 2 3 1056 1 4 5 6 7 8 9 10 11 12 13 14 15 16 1056 17 11 18 0 19 20 21 22 23 24 25 26 27 28 29 30 31 1058 1058 1056 1059 1060 1061 1062 1063 1064 1065 1066 1067 1068 1069 1070 1071 1072 1073 1074 1075 1076 1077 847 1078 1079 1080 1081 1082 325 1083 1084 1085 1053 1086 61 62 63 64 65 1 4 5 6 7 8 9 10 11 12 13 14 15 16 66 67 68 69 2 70 71 72 73
https://www.bbc.co.uk/food/recipes/burnt_aubergine_salad_22252
1057:  1 1057 2 3 1057 1 4 5 6 7 8 9 10 11 12 13 14 15 16 1057 17 11 18 0 19 20 21 22 23 24 25 26 27 28 29 30 31 187 1087 1087 1088 189 1089 187 282 286 725 196 295 193 1026 1090 283 294 680 49 288 293 903 1091 1092 25 1093 1093 1094 1095 1095 43 1088 210 211 212 61 62 63 64 65 1 4 5 6 7 8 9 10 11 12 13 14 15 16 66 67 68 69 2 70 71 72 73
https://www.bbc.co.uk/food/recipes/bengalistyleaubergin_86619/shopping-list
1055:  1 1055 2 3 1055 1 4 5 6 7 8 9 10 11 12 13 14 15 16 1055 17 11 282 829 669 196 193 720 675 673 1056 1007 1 4 5 6 7 8 9 10 11 12 13 14 15 16 66 67 68 69 2 70 71 72 73
https://www.bbc.co.uk/food/chefs/anjum_anand/a-z/c/1
990:  1 990 2 3 990 1 4 5 6 7 8 9 10 11 12 13 14 15 16 990 17 11 18 0 19 20 21 22 23 24 25 26 27 28 29 30 31 978 986 989 990 991 992 993 994 995 996 997 998 999 1000 1001 1002 1003 1004 1005 1006 1021 973 945 966 1045 936 988 61 62 63 64 65 1 4 5 6 7 8 9 10 11 12 13 14 15 16 66 67 68 69 2 70 71 72 73
https://www.bbc.co.uk/food/chefs/anjum_anand/a-z/e/1
991:  1 991 2 3 991 1 4 5 6 7 8 9 10 11 12 13 14 15 16 991 17 11 18 0 19 20 21 22 23 24 25 26 27 28 29 30 31 978 986 989 990 991 992 993 994 995 996 997 998 999 1000 1001 1002 1003 1004 1005 1006 961 936 988 61 62 63 64 65 1 4 5 6 7 8 9 10 11 12 13 14 15 16 66 67 68 69 2 70 71 72 73
https://www.bbc.co.uk/food/recipes/spicedfriedokra_86577
987:  1 987 2 3 987 1 4 5 6 7 8 9 10 11 12 13 14 15 16 987 17 11 18 0 19 20 21 22 23 24 25 26 27 28 29 30 31 187 978 978 936 189 1096 187 722 1097 675 672 196 669 687 987 25 786 786 1097 936 967 972 802 1045 1040 210 211 212 61 62 63 64 65 1 4 5 6 7 8 9 10 11 12 13 14 15 16 66 67 68 69 2 70 71 72 73
https://www.bbc.co.uk/food/recipes/spicedfriedokra_86577/shopping-list
1096:  1 1096 2 3 1096 1 4 5 6 7 8 9 10 11 12 13 14 15 16 1096 17 11 687 1097 672 722 669 196 675 987 1 4 5 6 7 8 9 10 11 12 13 14 15 16 66 67 68 69 2 70 71 72 73
https://www.bbc.co.uk/food/okra
1097:  1 1097 2 3 1097 1 4 5 6 7 8 9 10 11 12 13 14 15 16 1097 17 11 18 0 19 20 21 22 23 24 25 26 27 28 29 30 31 786 786 786 1098 1099 1100 1101 1102 1103 987 1104 1105 1106 1107 1108 1109 1110 61 62 63 64 65 1 4 5 6 7 8 9 10 11 12 13 14 15 16 66 67 68 69 2 70 71 72 73
https://www.bbc.co.uk/food/recipes/creole_gumbo_with_33769
1099:  1 1099 2 3 1099 1 4 5 6 7 8 9 10 11 12 13 14 15 16 1099 17 11 18 0 19 20 21 22 23 24 25 26 27 28 29 30 31 1111 1111 280 189 1112 286 587 391 443 495 283 283 288 1113 199 509 1114 1097 826 295 1115 938 828 191 938 504 49 1116 199 201 196 1117 198 447 1099 25 1118 1118 1119 595 595 587 280 1120 1121 1122 1123 210 211 212 61 62 63 64 65 1 4 5 6 7 8 9 10 11 12 13 14 15 16 66 67 68 69 2 70 71 72 73
https://www.bbc.co.uk/food/recipes/stuffed_baby_squid_57828
1100:  1 1100 2 3 1100 1 4 5 6 7 8 9 10 11 12 13 14 15 16 1100 17 11 18 0 19 20 21 22 23 24 25 26 27 28 29 30 31 1124 1124 280 189 1125 286 1126 495 826 1127 1128 728 196 1127 1129 826 510 725 770 286 1126 1097 860 1130 1131 196 860 1132 191 1133 670 25 738 738 1130 280 1134 1135 1136 210 211 212 61 62 63 64 65 1 4 5 6 7 8 9 10 11 12 13 14 15 16 66 67 68 69 2 70 71 72 73
https://www.bbc.co.uk/food/recipes/sweetpotatogumbowith_91317
1101:  1 1101 2 3 1101 1 4 5 6 7 8 9 10 11 12 13 14 15 16 1101 17 11 18 0 19 20 21 22 23 24 25 26 27 28 29 30 31 187 1137 1137 1138 189 1139 187 1116 201 1140 199 447 198 675 284 495 49 288 196 1113 770 289 1141 727 1142 1114 1097 53 1143 191 1101 1144 25 1145 1145 1146 1147 1147 1148 267 267 53 210 211 212 61 62 63 64 65 1 4 5 6 7 8 9 10 11 12 13 14 15 16 66 67 68 69 2 70 71 72 73
https://www.bbc.co.uk/food/recipes/gilthead_sea_bream_in_68762
1104:  1 1104 2 3 1104 1 4 5 6 7 8 9 10 11 12 13 14 15 16 1104 17 11 18 0 19 20 21 22 23 24 25 26 27 28 29 30 31 1149 280 189 1150 675 443 288 283 292 860 1151 1152 295 284 57 286 1153 1097 1154 1155 1156 725 295 25 280 1157 1158 1159 1160 210 211 212 61 62 63 64 65 1 4 5 6 7 8 9 10 11 12 13 14 15 16 66 67 68 69 2 70 71 72 73
https://www.bbc.co.uk/food/recipes/slow_cooked_shoulder_of_93828
1105:  1 1105 2 3 1105 1 4 5 6 7 8 9 10 11 12 13 14 15 16 1105 17 11 18 0 19 20 21 22 23 24 25 26 27 28 29 30 31 1124 1124 280 189 1161 191 289 725 288 196 1162 293 286 443 288 731 1163 1132 282 1097 1164 678 939 289 25 1165 1165 1162 280 1166 1167 210 211 212 61 62 63 64 65 1 4 5 6 7 8 9 10 11 12 13 14 15 16 66 67 68 69 2 70 71 72 73
https://www.bbc.co.uk/food/recipes/marinated_red_mullet_00871
1106:  1 1106 2 3 1106 1 4 5 6 7 8 9 10 11 12 13 14 15 16 1106 17 11 18 0 19 20 21 22 23 24 25 26 27 28 29 30 31 1149 280 189 1168 1097 284 448 1156 288 677 199 201 198 447 675 295 675 286 725 1169 772 877 1170 781 1153 675 680 1133 1171 1172 1172 1097 49 49 286 673 725 25 1173 1173 1170 280 1174 1175 1176 210 211 212 61 62 63 64 65 1 4 5 6 7 8 9 10 11 12 13 14 15 16 66 67 68 69 2 70 71 72 73
https://www.bbc.co.uk/food/recipes/mangsho_fita_shinni_36848
1107:  1 1107 2 3 1107 1 4 5 6 7 8 9 10 11 12 13 14 15 16 1107 17 11 18 0 19 20 21 22 23 24 25 26 27 28 29 30 31 1177 1177 1178 189 1179 675 195 681 727 668 288 443 720 669 677 733 1180 49 829 196 1181 196 591 288 49 1097 675 1107 688 1182 25 268 268 1183 1184 1184 1185 1186 1186 1180 1178 1187 1188 1189 1190 210 211 212 61 62 63 64 65 1 4 5 6 7 8 9 10 11 12 13 14 15 16 66 67 68 69 2 70 71 72 73
https://www.bbc.co.uk/food/recipes/panfriedfilletsofsea_91705
1108:  1 1108 2 3 1108 1 4 5 6 7 8 9 10 11 12 13 14 15 16 1108 17 11 18 0 19 20 21 22 23 24 25 26 27 28 29 30 31 1191 1191 1192 189 1193 828 829 1156 1113 765 1194 49 938 286 295 1195 1116 199 295 675 1113 191 1097 443 288 196 675 938 49 828 295 1108 688 25 1192 1196 1197 1198 210 211 212 61 62 63 64 65 1 4 5 6 7 8 9 10 11 12 13 14 15 16 66 67 68 69 2 70 71 72 73
https://www.bbc.co.uk/food/recipes/spicyvegetarianeggfr_89094
1109:  1 1109 2 3 1109 1 4 5 6 7 8 9 10 11 12 13 14 15 16 1109 17 11 18 0 19 20 21 22 23 24 25 26 27 28 29 30 31 187 1199 1199 1200 189 1201 187 286 443 288 283 1097 1202 198 870 931 49 725 1109 831 688 25 1203 1203 42 210 211 212 61 62 63 64 65 1 4 5 6 7 8 9 10 11 12 13 14 15 16 66 67 68 69 2 70 71 72 73
https://www.bbc.co.uk/food/recipes/crispfriedmonkfishwi_88087
1110:  1 1110 2 3 1110 1 4 5 6 7 8 9 10 11 12 13 14 15 16 1110 17 11 18 0 19 20 21 22 23 24 25 26 27 28 29 30 31 1199 1199 1200 189 1204 675 724 392 196 1205 1206 443 828 49 829 286 675 1097 931 295 1207 1110 831 25 210 211 212 61 62 63 64 65 1 4 5 6 7 8 9 10 11 12 13 14 15 16 66 67 68 69 2 70 71 72 73
https://www.bbc.co.uk/food/recipes/mangosmoothie_86438/shopping-list
979:  1 979 2 3 979 1 4 5 6 7 8 9 10 11 12 13 14 15 16 979 17 11 447 960 1 4 5 6 7 8 9 10 11 12 13 14 15 16 66 67 68 69 2 70 71 72 73
https://www.bbc.co.uk/food/recipes/berry_banana_smoothie_16261
980:  1 980 2 3 980 1 4 5 6 7 8 9 10 11 12 13 14 15 16 980 17 11 18 0 19 20 21 22 23 24 25 26 27 28 29 30 31 187 1208 1208 1209 189 1210 187 1211 1152 1212 191 25 1213 1213 981 982 982 983 1209 1214 1215 210 211 212 61 62 63 64 65 1 4 5 6 7 8 9 10 11 12 13 14 15 16 66 67 68 69 2 70 71 72 73
https://www.bbc.co.uk/food/chefs/rupy_aujla
1208:  1 1208 2 3 1208 1 4 5 6 7 8 9 10 11 12 13 14 15 16 1208 17 11 18 0 19 20 21 22 23 24 25 26 27 28 29 30 31 1208 1216 1217 904 980 1218 1219 1220 1147 1221 1222 1223 1224 1225 1226 1227 1228 1229 1230 1231 1232 1233 1234 1235 1236 1237 325 280 1209 1238 1239 1240 61 62 63 64 65 1 4 5 6 7 8 9 10 11 12 13 14 15 16 66 67 68 69 2 70 71 72 73
https://www.bbc.co.uk/food/chefs/rupy_aujla/a-z
1216:  1 1216 2 3 1216 1 4 5 6 7 8 9 10 11 12 13 14 15 16 1216 17 11 18 0 19 20 21 22 23 24 25 26 27 28 29 30 31 1208 1216 1241 1242 1243 1244 1245 1246 1247 1248 1249 1250 1251 1252 1253 1254 1219 1215 1218 1147 280 1209 1238 1239 1240 61 62 63 64 65 1 4 5 6 7 8 9 10 11 12 13 14 15 16 66 67 68 69 2 70 71 72 73
https://www.bbc.co.uk/food/chefs/rupy_aujla/a-z/m/1
1248:  1 1248 2 3 1248 1 4 5 6 7 8 9 10 11 12 13 14 15 16 1248 17 11 18 0 19 20 21 22 23 24 25 26 27 28 29 30 31 1208 1216 1241 1242 1243 1244 1245 1246 1247 1248 1249 1250 1251 1252 1253 1254 1255 1256 904 280 1209 1238 1239 1240 61 62 63 64 65 1 4 5 6 7 8 9 10 11 12 13 14 15 16 66 67 68 69 2 70 71 72 73
https://www.bbc.co.uk/food/recipes/mushroom_and_squash_pie_20996
1256:  1 1256 2 3 1256 1 4 5 6 7 8 9 10 11 12 13 14 15 16 1256 17 11 18 0 19 20 21 22 23 24 25 26 27 28 29 30 31 187 1208 1208 1209 189 1257 187 286 1258 284 1259 1260 1142 1261 1262 1263 589 1264 295 1265 286 1156 1256 1256 689 1266 25 1267 1267 1268 1269 1269 1270 1271 1271 1258 1209 1272 1273 210 211 212 61 62 63 64 65 1 4 5 6 7 8 9 10 11 12 13 14 15 16 66 67 68 69 2 70 71 72 73
https://www.bbc.co.uk/food/recipes/make-ahead_grain_bowls_02072
1255:  1 1255 2 3 1255 1 4 5 6 7 8 9 10 11 12 13 14 15 16 1255 17 11 18 0 19 20 21 22 23 24 25 26 27 28 29 30 31 187 1208 1208 1209 189 1274 187 1275 1142 1276 678 1277 676 286 1278 939 877 1279 723 1280 589 1019 295 1281 1282 1283 493 1284 931 784 677 677 589 725 1255 1255 1285 25 1256 1256 1286 1095 1095 43 1287 1287 1275 1209 1288 1289 210 211 212 61 62 63 64 65 1 4 5 6 7 8 9 10 11 12 13 14 15 16 66 67 68 69 2 70 71 72 73
https://www.bbc.co.uk/food/chefs/rupy_aujla/a-z/p/1
1249:  1 1249 2 3 1249 1 4 5 6 7 8 9 10 11 12 13 14 15 16 1249 17 11 18 0 19 20 21 22 23 24 25 26 27 28 29 30 31 1208 1216 1241 1242 1243 1244 1245 1246 1247 1248 1249 1250 1251 1252 1253 1254 1234 1224 280 1209 1238 1239 1240 61 62 63 64 65 1 4 5 6 7 8 9 10 11 12 13 14 15 16 66 67 68 69 2 70 71 72 73
https://www.bbc.co.uk/food/chefs/rupy_aujla/a-z/q/1
1250:  1 1250 2 3 1250 1 4 5 6 7 8 9 10 11 12 13 14 15 16 1250 17 11 18 0 19 20 21 22 23 24 25 26 27 28 29 30 31 1208 1216 1241 1242 1243 1244 1245 1246 1247 1248 1249 1250 1251 1252 1253 1254 1227 280 1209 1238 1239 1240 61 62 63 64 65 1 4 5 6 7 8 9 10 11 12 13 14 15 16 66 67 68 69 2 70 71 72 73
https://www.bbc.co.uk/food/chefs/rupy_aujla/a-z/r/1
1251:  1 1251 2 3 1251 1 4 5 6 7 8 9 10 11 12 13 14 15 16 1251 17 11 18 0 19 20 21 22 23 24 25 26 27 28 29 30 31 1208 1216 1241 1242 1243 1244 1245 1246 1247 1248 1249 1250 1251 1252 1253 1254 1290 1214 280 1209 1238 1239 1240 61 62 63 64 65 1 4 5 6 7 8 9 10 11 12 13 14 15 16 66 67 68 69 2 70 71 72 73
https://www.bbc.co.uk/food/chefs/rupy_aujla/a-z/t/1
1253:  1 1253 2 3 1253 1 4 5 6 7 8 9 10 11 12 13 14 15 16 1253 17 11 18 0 19 20 21 22 23 24 25 26 27 28 29 30 31 1208 1216 1241 1242 1243 1244 1245 1246 1247 1248 1249 1250 1251 1252 1253 1254 1237 1291 1272 280 1209 1238 1239 1240 61 62 63 64 65 1 4 5 6 7 8 9 10 11 12 13 14 15 16 66 67 68 69 2 70 71 72 73
https://www.bbc.co.uk/food/recipes/vegan_tofu_scramble_05758
1291:  1 1291 2 3 1291 1 4 5 6 7 8 9 10 11 12 13 14 15 16 1291 17 11 18 0 19 20 21 22 23 24 25 26 27 28 29 30 31 187 1208 1208 1209 189 1292 187 286 875 938 939 720 295 678 1291 25 1293 1293 1294 1295 1295 1296 1297 1297 875 1209 1217 1298 210 211 212 61 62 63 64 65 1 4 5 6 7 8 9 10 11 12 13 14 15 16 66 67 68 69 2 70 71 72 73
https://www.bbc.co.uk/food/chefs/rupy_aujla/a-z/v/1
1254:  1 1254 2 3 1254 1 4 5 6 7 8 9 10 11 12 13 14 15 16 1254 17 11 18 0 19 20 21 22 23 24 25 26 27 28 29 30 31 1208 1216 1241 1242 1243 1244 1245 1246 1247 1248 1249 1250 1251 1252 1253 1254 1299 1226 1217 1300 1233 1235 1232 270 280 1209 1238 1239 1240 61 62 63 64 65 1 4 5 6 7 8 9 10 11 12 13 14 15 16 66 67 68 69 2 70 71 72 73
https://www.bbc.co.uk/food/recipes/kofte_burgers_89900
1299:  1 1299 2 3 1299 1 4 5 6 7 8 9 10 11 12 13 14 15 16 1299 17 11 18 0 19 20 21 22 23 24 25 26 27 28 29 30 31 187 1208 1208 1209 189 1301 187 673 1284 288 670 53 1026 1284 1212 829 288 677 680 588 295 286 1302 43 25 754 754 1303 1304 1304 1305 747 747 1026 1209 1218 228 210 211 212 61 62 63 64 65 1 4 5 6 7 8 9 10 11 12 13 14 15 16 66 67 68 69 2 70 71 72 73
https://www.bbc.co.uk/food/recipes/vegan_pesto_58010
1300:  1 1300 2 3 1300 1 4 5 6 7 8 9 10 11 12 13 14 15 16 1300 17 11 18 0 19 20 21 22 23 24 25 26 27 28 29 30 31 187 1208 1208 189 1306 187 1133 1171 1018 288 670 286 588 295 25 1307 1307 1308 210 211 212 61 62 63 64 65 1 4 5 6 7 8 9 10 11 12 13 14 15 16 66 67 68 69 2 70 71 72 73
https://www.bbc.co.uk/food/chefs/rupy_aujla/a-z/b/1
1242:  1 1242 2 3 1242 1 4 5 6 7 8 9 10 11 12 13 14 15 16 1242 17 11 18 0 19 20 21 22 23 24 25 26 27 28 29 30 31 1208 1216 1241 1242 1243 1244 1245 1246 1247 1248 1249 1250 1251 1252 1253 1254 1273 1309 228 1225 280 1209 1238 1239 1240 61 62 63 64 65 1 4 5 6 7 8 9 10 11 12 13 14 15 16 66 67 68 69 2 70 71 72 73
https://www.bbc.co.uk/food/recipes/beetroot_hummus_three_92726
1309:  1 1309 2 3 1309 1 4 5 6 7 8 9 10 11 12 13 14 15 16 1309 17 11 18 0 19 20 21 22 23 24 25 26 27 28 29 30 31 187 1208 1208 1209 189 1310 187 677 1311 1026 288 680 588 286 670 295 1312 1311 1171 1279 1284 520 1311 1313 1311 676 1156 294 286 25 754 754 1303 1290 1290 1314 532 532 1311 1209 270 1315 210 211 212 61 62 63 64 65 1 4 5 6 7 8 9 10 11 12 13 14 15 16 66 67 68 69 2 70 71 72 73
https://www.bbc.co.uk/food/chefs/rupy_aujla/a-z/c/1
1243:  1 1243 2 3 1243 1 4 5 6 7 8 9 10 11 12 13 14 15 16 1243 17 11 18 0 19 20 21 22 23 24 25 26 27 28 29 30 31 1208 1216 1241 1242 1243 1244 1245 1246 1247 1248 1249 1250 1251 1252 1253 1254 1288 1223 1229 1222 280 1209 1238 1239 1240 61 62 63 64 65 1 4 5 6 7 8 9 10 11 12 13 14 15 16 66 67 68 69 2 70 71 72 73
https://www.bbc.co.uk/food/chefs/rupy_aujla/a-z/d/1
1244:  1 1244 2 3 1244 1 4 5 6 7 8 9 10 11 12 13 14 15 16 1244 17 11 18 0 19 20 21 22 23 24 25 26 27 28 29 30 31 1208 1216 1241 1242 1243 1244 1245 1246 1247 1248 1249 1250 1251 1252 1253 1254 1228 280 1209 1238 1239 1240 61 62 63 64 65 1 4 5 6 7 8 9 10 11 12 13 14 15 16 66 67 68 69 2 70 71 72 73
https://www.bbc.co.uk/food/chefs/rupy_aujla/a-z/f/1
1245:  1 1245 2 3 1245 1 4 5 6 7 8 9 10 11 12 13 14 15 16 1245 17 11 18 0 19 20 21 22 23 24 25 26 27 28 29 30 31 1208 1216 1241 1242 1243 1244 1245 1246 1247 1248 1249 1250 1251 1252 1253 1254 1298 1220 280 1209 1238 1239 1240 61 62 63 64 65 1 4 5 6 7 8 9 10 11 12 13 14 15 16 66 67 68 69 2 70 71 72 73
https://www.bbc.co.uk/food/chefs/rupy_aujla/a-z/g/1
1246:  1 1246 2 3 1246 1 4 5 6 7 8 9 10 11 12 13 14 15 16 1246 17 11 18 0 19 20 21 22 23 24 25 26 27 28 29 30 31 1208 1216 1241 1242 1243 1244 1245 1246 1247 1248 1249 1250 1251 1252 1253 1254 1316 1231 280 1209 1238 1239 1240 61 62 63 64 65 1 4 5 6 7 8 9 10 11 12 13 14 15 16 66 67 68 69 2 70 71 72 73
https://www.bbc.co.uk/food/chefs/rupy_aujla/a-z/h/1
1247:  1 1247 2 3 1247 1 4 5 6 7 8 9 10 11 12 13 14 15 16 1247 17 11 18 0 19 20 21 22 23 24 25 26 27 28 29 30 31 1208 1216 1241 1242 1243 1244 1245 1246 1247 1248 1249 1250 1251 1252 1253 1254 1315 980 280 1209 1238 1239 1240 61 62 63 64 65 1 4 5 6 7 8 9 10 11 12 13 14 15 16 66 67 68 69 2 70 71 72 73
https://www.bbc.co.uk/food/recipes/vegan_pasta_bake_67249
1217:  1 1217 2 3 1217 1 4 5 6 7 8 9 10 11 12 13 14 15 16 1217 17 11 18 0 19 20 21 22 23 24 25 26 27 28 29 30 31 187 1208 1208 1209 189 1317 187 1318 876 1319 678 1320 286 1027 1321 194 295 1217 25 1322 1322 1323 1324 1324 1325 407 407 1318 1209 1291 1298 210 211 212 61 62 63 64 65 1 4 5 6 7 8 9 10 11 12 13 14 15 16 66 67 68 69 2 70 71 72 73
https://www.bbc.co.uk/food/recipes/vegan_pasta_bake_67249/shopping-list
1317:  1 1317 2 3 1317 1 4 5 6 7 8 9 10 11 12 13 14 15 16 1317 17 11 876 1319 678 1318 295 1320 1027 194 286 1321 1217 1 4 5 6 7 8 9 10 11 12 13 14 15 16 66 67 68 69 2 70 71 72 73
https://www.bbc.co.uk/food/whole_wheat_pasta
1318:  1 1318 2 3 1318 1 4 5 6 7 8 9 10 11 12 13 14 15 16 1318 17 11 18 0 19 20 21 22 23 24 25 26 27 28 29 30 31 1326 1326 407 1217 472 1327 1328 1226 1329 1326 1330 1331 1332 1333 1334 1335 1336 1337 1338 1339 1340 1341 1342 1343 1344 1345 1346 1347 1348 1349 1350 1351 61 62 63 64 65 1 4 5 6 7 8 9 10 11 12 13 14 15 16 66 67 68 69 2 70 71 72 73
https://www.bbc.co.uk/food/recipes/healthyspaghettibolo_80401
1326:  1 1326 2 3 1326 1 4 5 6 7 8 9 10 11 12 13 14 15 16 1326 17 11 18 0 19 20 21 22 23 24 25 26 27 28 29 30 31 189 1352 286 54 443 522 877 678 1142 902 1194 295 1156 1326 1353 831 25 1354 1354 1355 1329 1329 1318 463 463 54 210 211 212 61 62 63 64 65 1 4 5 6 7 8 9 10 11 12 13 14 15 16 66 67 68 69 2 70 71 72 73
https://www.bbc.co.uk/food/recipes/proteinpackedtunapas_83699
1327:  1 1327 2 3 1327 1 4 5 6 7 8 9 10 11 12 13 14 15 16 1327 17 11 18 0 19 20 21 22 23 24 25 26 27 28 29 30 31 1356 189 1357 1318 58 1358 286 1156 877 1359 678 25 485 485 1360 535 535 45 407 407 1318 210 211 212 61 62 63 64 65 1 4 5 6 7 8 9 10 11 12 13 14 15 16 66 67 68 69 2 70 71 72 73
https://www.bbc.co.uk/food/recipes/healthy_tuna_pasta_bake_20071
1328:  1 1328 2 3 1328 1 4 5 6 7 8 9 10 11 12 13 14 15 16 1328 17 11 18 0 19 20 21 22 23 24 25 26 27 28 29 30 31 1361 1361 189 1362 1142 1318 876 939 1363 286 443 288 589 1364 1365 50 292 1366 1367 523 295 1328 1144 25 1368 1368 1369 1370 1370 1371 407 407 1318 210 211 212 61 62 63 64 65 1 4 5 6 7 8 9 10 11 12 13 14 15 16 66 67 68 69 2 70 71 72 73
https://www.bbc.co.uk/food/recipes/healthy_penne_with_04395
1329:  1 1329 2 3 1329 1 4 5 6 7 8 9 10 11 12 13 14 15 16 1329 17 11 18 0 19 20 21 22 23 24 25 26 27 28 29 30 31 1372 1373 1373 189 1374 587 286 288 49 902 1364 295 876 939 1133 1358 1329 25 1375 1375 1376 595 595 587 210 211 212 61 62 63 64 65 1 4 5 6 7 8 9 10 11 12 13 14 15 16 66 67 68 69 2 70 71 72 73
https://www.bbc.co.uk/food/recipes/quick_vegetable_pasta_93041
1330:  1 1330 2 3 1330 1 4 5 6 7 8 9 10 11 12 13 14 15 16 1330 17 11 18 0 19 20 21 22 23 24 25 26 27 28 29 30 31 187 518 518 189 1377 187 1318 286 283 1164 292 938 589 725 939 295 1358 1330 1378 25 1379 1379 1380 1381 1381 1382 407 407 1318 210 211 212 61 62 63 64 65 1 4 5 6 7 8 9 10 11 12 13 14 15 16 66 67 68 69 2 70 71 72 73
https://www.bbc.co.uk/food/recipes/macaronicheese_91063
1332:  1 1332 2 3 1332 1 4 5 6 7 8 9 10 11 12 13 14 15 16 1332 17 11 18 0 19 20 21 22 23 24 25 26 27 28 29 30 31 187 1383 1383 189 1384 187 191 199 447 50 1358 1332 25 1385 1385 1386 1217 1217 1325 303 303 50 210 211 212 61 62 63 64 65 1 4 5 6 7 8 9 10 11 12 13 14 15 16 66 67 68 69 2 70 71 72 73
https://www.bbc.co.uk/food/recipes/penne_with_peas_and_44307
1333:  1 1333 2 3 1333 1 4 5 6 7 8 9 10 11 12 13 14 15 16 1333 17 11 18 0 19 20 21 22 23 24 25 26 27 28 29 30 31 187 1356 189 1387 187 1345 723 938 684 670 448 1388 1133 295 25 1389 1389 1390 1370 1370 1345 210 211 212 61 62 63 64 65 1 4 5 6 7 8 9 10 11 12 13 14 15 16 66 67 68 69 2 70 71 72 73
https://www.bbc.co.uk/food/recipes/macaronicheese_83784
1334:  1 1334 2 3 1334 1 4 5 6 7 8 9 10 11 12 13 14 15 16 1334 17 11 18 0 19 20 21 22 23 24 25 26 27 28 29 30 31 187 189 1391 187 447 443 1036 727 1113 194 1392 295 1318 50 1156 25 545 545 1325 407 407 1318 210 211 212 61 62 63 64 65 1 4 5 6 7 8 9 10 11 12 13 14 15 16 66 67 68 69 2 70 71 72 73
https://www.bbc.co.uk/food/cannelloni
1335:  1 1335 2 3 1335 1 4 5 6 7 8 9 10 11 12 13 14 15 16 1335 17 11 18 0 19 20 21 22 23 24 25 26 27 28 29 30 31 1393 1393 1394 409 1395 1396 1397 1398 1393 1399 1336 1337 1338 1339 1340 1341 1342 1343 1344 1345 1346 1347 1348 1349 1350 1351 1318 1400 1325 1401 61 62 63 64 65 1 4 5 6 7 8 9 10 11 12 13 14 15 16 66 67 68 69 2 70 71 72 73
https://www.bbc.co.uk/food/farfalle
1336:  1 1336 2 3 1336 1 4 5 6 7 8 9 10 11 12 13 14 15 16 1336 17 11 18 0 19 20 21 22 23 24 25 26 27 28 29 30 31 1402 1402 1403 1404 473 1405 1406 1402 1407 1408 1409 1410 1335 1337 1338 1339 1340 1341 1342 1343 1344 1345 1346 1347 1348 1349 1350 1351 1318 61 62 63 64 65 1 4 5 6 7 8 9 10 11 12 13 14 15 16 66 67 68 69 2 70 71 72 73
https://www.bbc.co.uk/food/fusilli
1338:  1 1338 2 3 1338 1 4 5 6 7 8 9 10 11 12 13 14 15 16 1338 17 11 18 0 19 20 21 22 23 24 25 26 27 28 29 30 31 407 407 535 608 473 1328 1411 1412 1413 1414 1415 1416 1417 1418 1409 1419 1335 1336 1337 1339 1340 1341 1342 1343 1344 1345 1346 1347 1348 1349 1350 1351 1318 61 62 63 64 65 1 4 5 6 7 8 9 10 11 12 13 14 15 16 66 67 68 69 2 70 71 72 73
https://www.bbc.co.uk/food/lasagne_sheets
1339:  1 1339 2 3 1339 1 4 5 6 7 8 9 10 11 12 13 14 15 16 1339 17 11 18 0 19 20 21 22 23 24 25 26 27 28 29 30 31 1420 1420 1339 1421 1422 1423 1424 410 1425 1426 1427 1428 1429 1430 1431 1432 1433 1434 1397 1435 1420 1436 1437 1438 1439 1440 1441 1399 325 1400 1401 1335 1336 1337 1338 1340 1341 1342 1343 1344 1345 1346 1347 1348 1349 1350 1351 1318 61 62 63 64 65 1 4 5 6 7 8 9 10 11 12 13 14 15 16 66 67 68 69 2 70 71 72 73
https://www.bbc.co.uk/food/linguine
1340:  1 1340 2 3 1340 1 4 5 6 7 8 9 10 11 12 13 14 15 16 1340 17 11 18 0 19 20 21 22 23 24 25 26 27 28 29 30 31 1442 1442 1340 1443 1444 1445 533 1446 311 1447 836 1448 1449 1450 1451 1452 1453 1454 1455 1442 1456 1457 1458 1459 1460 1461 1462 1463 325 1335 1336 1337 1338 1339 1341 1342 1343 1344 1345 1346 1347 1348 1349 1350 1351 1318 61 62 63 64 65 1 4 5 6 7 8 9 10 11 12 13 14 15 16 66 67 68 69 2 70 71 72 73
https://www.bbc.co.uk/food/macaroni
1341:  1 1341 2 3 1341 1 4 5 6 7 8 9 10 11 12 13 14 15 16 1341 17 11 18 0 19 20 21 22 23 24 25 26 27 28 29 30 31 1464 1464 1465 545 1324 1466 1467 1468 1469 1470 1471 1472 1464 1332 1473 1474 1475 1476 1477 1478 1479 1480 1481 1325 1335 1336 1337 1338 1339 1340 1342 1343 1344 1345 1346 1347 1348 1349 1350 1351 1318 61 62 63 64 65 1 4 5 6 7 8 9 10 11 12 13 14 15 16 66 67 68 69 2 70 71 72 73
https://www.bbc.co.uk/food/orzo
1343:  1 1343 2 3 1343 1 4 5 6 7 8 9 10 11 12 13 14 15 16 1343 17 11 18 0 19 20 21 22 23 24 25 26 27 28 29 30 31 1482 1482 1483 1484 1485 516 1486 1487 1488 1489 1482 1335 1336 1337 1338 1339 1340 1341 1342 1344 1345 1346 1347 1348 1349 1350 1351 1318 61 62 63 64 65 1 4 5 6 7 8 9 10 11 12 13 14 15 16 66 67 68 69 2 70 71 72 73
https://www.bbc.co.uk/food/pappardelle
1344:  1 1344 2 3 1344 1 4 5 6 7 8 9 10 11 12 13 14 15 16 1344 17 11 18 0 19 20 21 22 23 24 25 26 27 28 29 30 31 1490 1490 1491 313 1492 1493 1494 1495 1496 1497 1498 1499 1490 1500 1501 1502 1503 1504 1335 1336 1337 1338 1339 1340 1341 1342 1343 1345 1346 1347 1348 1349 1350 1351 1318 61 62 63 64 65 1 4 5 6 7 8 9 10 11 12 13 14 15 16 66 67 68 69 2 70 71 72 73
https://www.bbc.co.uk/food/penne
1345:  1 1345 2 3 1345 1 4 5 6 7 8 9 10 11 12 13 14 15 16 1345 17 11 18 0 19 20 21 22 23 24 25 26 27 28 29 30 31 1505 1505 1345 1506 1370 1217 1507 535 1508 473 1509 1510 1511 423 1512 1329 1513 1514 1515 1516 1517 1368 1412 1518 1519 1333 1520 1521 325 1335 1336 1337 1338 1339 1340 1341 1342 1343 1344 1346 1347 1348 1349 1350 1351 1318 61 62 63 64 65 1 4 5 6 7 8 9 10 11 12 13 14 15 16 66 67 68 69 2 70 71 72 73
https://www.bbc.co.uk/food/rigatoni
1347:  1 1347 2 3 1347 1 4 5 6 7 8 9 10 11 12 13 14 15 16 1347 17 11 18 0 19 20 21 22 23 24 25 26 27 28 29 30 31 1522 1522 1507 1523 1524 1522 1525 1526 1335 1336 1337 1338 1339 1340 1341 1342 1343 1344 1345 1346 1348 1349 1350 1351 1318 61 62 63 64 65 1 4 5 6 7 8 9 10 11 12 13 14 15 16 66 67 68 69 2 70 71 72 73
https://www.bbc.co.uk/food/spaghetti
1348:  1 1348 2 3 1348 1 4 5 6 7 8 9 10 11 12 13 14 15 16 1348 17 11 18 0 19 20 21 22 23 24 25 26 27 28 29 30 31 1527 1527 1528 1348 1529 1530 1531 452 1532 533 1533 1534 1535 1536 1537 1538 414 1539 1540 1541 455 1542 1543 1544 456 1545 1546 1326 1547 325 1548 1549 1335 1336 1337 1338 1339 1340 1341 1342 1343 1344 1345 1346 1347 1349 1350 1351 1318 61 62 63 64 65 1 4 5 6 7 8 9 10 11 12 13 14 15 16 66 67 68 69 2 70 71 72 73
https://www.bbc.co.uk/food/tortellini
1350:  1 1350 2 3 1350 1 4 5 6 7 8 9 10 11 12 13 14 15 16 1350 17 11 18 0 19 20 21 22 23 24 25 26 27 28 29 30 31 1550 1550 1551 1552 1550 1553 1554 1555 1556 1557 1335 1336 1337 1338 1339 1340 1341 1342 1343 1344 1345 1346 1347 1348 1349 1351 1318 61 62 63 64 65 1 4 5 6 7 8 9 10 11 12 13 14 15 16 66 67 68 69 2 70 71 72 73
https://www.bbc.co.uk/food/vermicelli
1351:  1 1351 2 3 1351 1 4 5 6 7 8 9 10 11 12 13 14 15 16 1351 17 11 18 0 19 20 21 22 23 24 25 26 27 28 29 30 31 1558 1558 1559 1558 1560 1561 1562 1563 1564 1565 1566 1335 1336 1337 1338 1339 1340 1341 1342 1343 1344 1345 1346 1347 1348 1349 1350 1318 61 62 63 64 65 1 4 5 6 7 8 9 10 11 12 13 14 15 16 66 67 68 69 2 70 71 72 73
https://www.bbc.co.uk/food/breadcrumbs
1320:  1 1320 2 3 1320 1 4 5 6 7 8 9 10 11 12 13 14 15 16 1320 17 11 18 0 19 20 21 22 23 24 25 26 27 28 29 30 31 1567 1567 1320 1568 1530 528 601 1465 1422 1403 1217 1569 749 1570 920 479 1571 409 1572 313 1573 1574 1575 890 1576 1577 1578 1579 325 1580 616 1581 1582 1583 1584 1585 437 46 1586 1587 61 62 63 64 65 1 4 5 6 7 8 9 10 11 12 13 14 15 16 66 67 68 69 2 70 71 72 73
https://www.bbc.co.uk/food/breadcrumbs/a-z
1568:  1 1568 2 3 1568 1 4 5 6 7 8 9 10 11 12 13 14 15 16 1568 17 11 18 0 19 20 21 22 23 24 25 26 27 28 29 30 31 1567 1567 1320 1568 1588 1589 1590 1591 1592 1593 1594 1595 1596 1597 1598 1599 1600 1601 1602 1603 1604 1605 1606 1607 1608 1609 1610 1611 1612 1613 1614 385 1615 1616 1617 1618 1619 1620 1621 1622 1623 1624 1625 1626 1627 1580 616 1581 1582 1583 1584 1585 437 46 1586 1587 61 62 63 64 65 1 4 5 6 7 8 9 10 11 12 13 14 15 16 66 67 68 69 2 70 71 72 73
https://www.bbc.co.uk/food/recipes/crab_cakes_with_26821
1569:  1 1569 2 3 1569 1 4 5 6 7 8 9 10 11 12 13 14 15 16 1569 17 11 18 0 19 20 21 22 23 24 25 26 27 28 29 30 31 1628 280 189 1629 1630 198 288 1631 1207 1358 725 1141 770 873 1320 1320 286 191 196 1631 1126 510 1156 1632 870 1633 725 286 295 57 495 686 500 1359 938 286 670 25 1444 1444 1631 280 1634 1635 1636 210 211 212 61 62 63 64 65 1 4 5 6 7 8 9 10 11 12 13 14 15 16 66 67 68 69 2 70 71 72 73
https://www.bbc.co.uk/food/recipes/miso_tofu_kiev_05868
1570:  1 1570 2 3 1570 1 4 5 6 7 8 9 10 11 12 13 14 15 16 1570 17 11 18 0 19 20 21 22 23 24 25 26 27 28 29 30 31 187 1637 1637 868 189 1638 187 875 1639 199 198 1320 1320 295 191 288 1156 725 43 725 1570 25 610 610 1640 1641 1641 616 882 882 875 868 1642 210 211 212 61 62 63 64 65 1 4 5 6 7 8 9 10 11 12 13 14 15 16 66 67 68 69 2 70 71 72 73
https://www.bbc.co.uk/food/recipes/croque_madame_76205
1571:  1 1571 2 3 1571 1 4 5 6 7 8 9 10 11 12 13 14 15 16 1571 17 11 18 0 19 20 21 22 23 24 25 26 27 28 29 30 31 1643 1643 280 189 1644 50 447 199 1320 445 198 1645 1194 1141 1646 191 670 1312 191 1647 675 198 1648 25 1464 1464 1649 1650 1650 50 280 1651 1652 1653 1654 210 211 212 61 62 63 64 65 1 4 5 6 7 8 9 10 11 12 13 14 15 16 66 67 68 69 2 70 71 72 73
https://www.bbc.co.uk/food/recipes/stuffed_chicken_legs_16741
1572:  1 1572 2 3 1572 1 4 5 6 7 8 9 10 11 12 13 14 15 16 1572 17 11 18 0 19 20 21 22 23 24 25 26 27 28 29 30 31 1655 1655 349 189 1656 619 1657 286 1320 1658 194 1156 288 198 295 286 288 49 939 25 349 697 210 211 212 61 62 63 64 65 1 4 5 6 7 8 9 10 11 12 13 14 15 16 66 67 68 69 2 70 71 72 73
https://www.bbc.co.uk/food/recipes/kidney_bean_meatless_24837
1574:  1 1574 2 3 1574 1 4 5 6 7 8 9 10 11 12 13 14 15 16 1574 17 11 18 0 19 20 21 22 23 24 25 26 27 28 29 30 31 187 1659 1659 868 189 1660 187 55 1320 288 443 1645 770 286 1114 782 192 286 829 295 520 25 452 452 1661 914 914 55 868 757 210 211 212 61 62 63 64 65 1 4 5 6 7 8 9 10 11 12 13 14 15 16 66 67 68 69 2 70 71 72 73
https://www.bbc.co.uk/food/recipes/janssons_temptation_64368
1575:  1 1575 2 3 1575 1 4 5 6 7 8 9 10 11 12 13 14 15 16 1575 17 11 18 0 19 20 21 22 23 24 25 26 27 28 29 30 31 1662 1663 1663 1664 189 1665 191 443 588 588 446 295 1666 447 1667 1320 1575 25 1668 1668 1669 1670 1670 1582 476 476 446 1664 1671 1672 1673 1674 210 211 212 61 62 63 64 65 1 4 5 6 7 8 9 10 11 12 13 14 15 16 66 67 68 69 2 70 71 72 73
https://www.bbc.co.uk/food/recipes/pea_and_pancetta_parcels_72466
1576:  1 1576 2 3 1576 1 4 5 6 7 8 9 10 11 12 13 14 15 16 1576 17 11 18 0 19 20 21 22 23 24 25 26 27 28 29 30 31 1659 1659 868 189 1675 1676 448 50 288 443 294 1320 1645 511 286 295 673 294 25 868 891 210 211 212 61 62 63 64 65 1 4 5 6 7 8 9 10 11 12 13 14 15 16 66 67 68 69 2 70 71 72 73
https://www.bbc.co.uk/food/recipes/plumpuddingplumduff_89799
1577:  1 1577 2 3 1577 1 4 5 6 7 8 9 10 11 12 13 14 15 16 1577 17 11 18 0 19 20 21 22 23 24 25 26 27 28 29 30 31 1137 1137 1138 189 1677 392 1678 1679 1320 872 1680 195 194 1206 686 1169 1681 198 447 198 1042 191 1682 1667 1577 1683 1684 1685 1144 1686 1687 25 1688 1688 1689 1690 1690 1206 210 211 212 61 62 63 64 65 1 4 5 6 7 8 9 10 11 12 13 14 15 16 66 67 68 69 2 70 71 72 73
https://www.bbc.co.uk/food/recipes/fried_chicken_with_warm_79058
1579:  1 1579 2 3 1579 1 4 5 6 7 8 9 10 11 12 13 14 15 16 1579 17 11 18 0 19 20 21 22 23 24 25 26 27 28 29 30 31 1637 1637 868 189 1691 199 198 1320 1692 901 295 1667 1264 1113 288 25 302 302 1693 889 889 1692 868 888 210 211 212 61 62 63 64 65 1 4 5 6 7 8 9 10 11 12 13 14 15 16 66 67 68 69 2 70 71 72 73
https://www.bbc.co.uk/food/bread_sauce
1580:  1 1580 2 3 1580 1 4 5 6 7 8 9 10 11 12 13 14 15 16 1580 17 11 18 0 19 20 21 22 23 24 25 26 27 28 29 30 31 1694 1694 1695 1694 1696 581 1697 1698 1699 616 1581 1582 1583 1584 1700 1701 1702 1703 1704 1705 1706 1707 1708 1709 1710 1711 1712 871 1713 1714 1715 1716 521 735 1717 1718 1583 1719 1720 1721 870 1722 1723 1724 1725 1726 1194 61 62 63 64 65 1 4 5 6 7 8 9 10 11 12 13 14 15 16 66 67 68 69 2 70 71 72 73
https://www.bbc.co.uk/food/fish_cakes
1581:  1 1581 2 3 1581 1 4 5 6 7 8 9 10 11 12 13 14 15 16 1581 17 11 18 0 19 20 21 22 23 24 25 26 27 28 29 30 31 1727 1727 1581 1728 479 1729 1730 1731 1732 1733 1734 1727 1735 1736 1622 1737 1738 1739 1740 1741 1742 1743 1744 1745 1746 1747 1748 1749 325 1580 616 1582 1583 1584 1750 1751 1752 618 1753 1754 1755 1756 1750 1751 1752 1757 1758 1759 1760 61 62 63 64 65 1 4 5 6 7 8 9 10 11 12 13 14 15 16 66 67 68 69 2 70 71 72 73
https://www.bbc.co.uk/food/gratin
1582:  1 1582 2 3 1582 1 4 5 6 7 8 9 10 11 12 13 14 15 16 1582 17 11 18 0 19 20 21 22 23 24 25 26 27 28 29 30 31 1761 1761 1582 1762 1575 1670 541 453 1763 1764 1765 1766 1767 1768 1769 1770 1771 164 1772 1761 1773 1774 1775 1776 1777 1778 1779 1780 325 1781 1371 1580 616 1581 1583 1584 1782 1783 1703 1784 1785 1325 1587 1783 1786 1787 1751 1788 1371 525 1789 1790 440 61 62 63 64 65 1 4 5 6 7 8 9 10 11 12 13 14 15 16 66 67 68 69 2 70 71 72 73
https://www.bbc.co.uk/food/rouille
1583:  1 1583 2 3 1583 1 4 5 6 7 8 9 10 11 12 13 14 15 16 1583 17 11 18 0 19 20 21 22 23 24 25 26 27 28 29 30 31 1580 616 1581 1582 1584 1791 1792 1793 1700 1701 1702 1580 1703 1704 1705 1706 1707 1708 1709 1710 1711 1712 871 1713 1714 1715 1716 521 735 1717 1718 1719 1720 1721 870 1722 1723 1724 1725 1726 1194 61 62 63 64 65 1 4 5 6 7 8 9 10 11 12 13 14 15 16 66 67 68 69 2 70 71 72 73
https://www.bbc.co.uk/food/stuffing
1584:  1 1584 2 3 1584 1 4 5 6 7 8 9 10 11 12 13 14 15 16 1584 17 11 18 0 19 20 21 22 23 24 25 26 27 28 29 30 31 1794 1794 1795 1794 1796 1797 1798 1799 1800 1801 1802 1803 1804 1805 1806 1807 1808 1809 1810 1811 1812 1813 1814 1815 1816 1817 1580 616 1581 1582 1583 61 62 63 64 65 1 4 5 6 7 8 9 10 11 12 13 14 15 16 66 67 68 69 2 70 71 72 73
https://www.bbc.co.uk/food/bread_and_butter_pudding
1585:  1 1585 2 3 1585 1 4 5 6 7 8 9 10 11 12 13 14 15 16 1585 17 11 18 0 19 20 21 22 23 24 25 26 27 28 29 30 31 1818 1818 1819 1820 1821 1822 1823 386 1824 1825 1826 1827 1828 1818 1829 1830 1831 1832 1157 1833 1834 1835 1836 1320 437 46 1586 1587 1837 1838 61 62 63 64 65 1 4 5 6 7 8 9 10 11 12 13 14 15 16 66 67 68 69 2 70 71 72 73
https://www.bbc.co.uk/food/summer_pudding
1586:  1 1586 2 3 1586 1 4 5 6 7 8 9 10 11 12 13 14 15 16 1586 17 11 18 0 19 20 21 22 23 24 25 26 27 28 29 30 31 1839 1839 1840 1839 1841 1842 1843 389 1844 1845 1846 1847 1848 1320 1585 437 46 1587 61 62 63 64 65 1 4 5 6 7 8 9 10 11 12 13 14 15 16 66 67 68 69 2 70 71 72 73
https://www.bbc.co.uk/food/welsh_rarebit
1587:  1 1587 2 3 1587 1 4 5 6 7 8 9 10 11 12 13 14 15 16 1587 17 11 18 0 19 20 21 22 23 24 25 26 27 28 29 30 31 1849 1849 1849 1850 1851 1852 1853 1854 1855 1856 1857 1858 1859 1860 1320 1585 437 46 1586 1782 1783 1703 1784 1785 1582 1325 61 62 63 64 65 1 4 5 6 7 8 9 10 11 12 13 14 15 16 66 67 68 69 2 70 71 72 73
https://www.bbc.co.uk/food/almond_milk
1321:  1 1321 2 3 1321 1 4 5 6 7 8 9 10 11 12 13 14 15 16 1321 17 11 18 0 19 20 21 22 23 24 25 26 27 28 29 30 31 1861 1861 1217 540 543 1862 1863 1864 1865 1866 1867 1868 1869 1870 1871 1872 1434 1873 1861 1874 1875 1876 1877 1878 1879 61 62 63 64 65 1 4 5 6 7 8 9 10 11 12 13 14 15 16 66 67 68 69 2 70 71 72 73
https://www.bbc.co.uk/food/recipes/romesco_tomato_galette_94589
1862:  1 1862 2 3 1862 1 4 5 6 7 8 9 10 11 12 13 14 15 16 1862 17 11 18 0 19 20 21 22 23 24 25 26 27 28 29 30 31 187 1124 1124 280 189 1880 187 283 1018 288 782 287 286 678 286 295 394 1321 1156 294 677 1126 288 286 295 25 476 476 1881 600 600 678 280 1882 1883 1884 1885 210 211 212 61 62 63 64 65 1 4 5 6 7 8 9 10 11 12 13 14 15 16 66 67 68 69 2 70 71 72 73
https://www.bbc.co.uk/food/recipes/vegan_hot_cross_buns_43546
1865:  1 1865 2 3 1865 1 4 5 6 7 8 9 10 11 12 13 14 15 16 1865 17 11 18 0 19 20 21 22 23 24 25 26 27 28 29 30 31 187 518 518 189 1886 187 1887 192 1321 1888 1889 588 1890 901 1889 394 1865 1865 1891 1892 25 1893 1893 1894 1895 1895 1896 1897 1897 1898 210 211 212 61 62 63 64 65 1 4 5 6 7 8 9 10 11 12 13 14 15 16 66 67 68 69 2 70 71 72 73
https://www.bbc.co.uk/food/recipes/vegan_peanut_choc_cake_64828
1866:  1 1866 2 3 1866 1 4 5 6 7 8 9 10 11 12 13 14 15 16 1866 17 11 18 0 19 20 21 22 23 24 25 26 27 28 29 30 31 187 1899 189 1900 187 199 192 1901 201 1140 1321 1280 901 197 1902 1902 1901 394 1321 1887 1042 1903 1904 1866 1866 1905 1906 25 1907 1907 1908 1909 1909 1910 1911 1911 1902 210 211 212 61 62 63 64 65 1 4 5 6 7 8 9 10 11 12 13 14 15 16 66 67 68 69 2 70 71 72 73
https://www.bbc.co.uk/food/recipes/cauliflower_mousse_with_80142
1867:  1 1867 2 3 1867 1 4 5 6 7 8 9 10 11 12 13 14 15 16 1867 17 11 18 0 19 20 21 22 23 24 25 26 27 28 29 30 31 187 1912 280 189 1913 187 686 1280 192 1914 196 192 1280 288 1113 732 1915 675 1915 196 723 1319 191 1321 196 1154 1154 723 191 686 1888 510 25 1916 1916 732 280 1917 1918 210 211 212 61 62 63 64 65 1 4 5 6 7 8 9 10 11 12 13 14 15 16 66 67 68 69 2 70 71 72 73
https://www.bbc.co.uk/food/recipes/raw_chocolate_and_date_95869
1868:  1 1868 2 3 1868 1 4 5 6 7 8 9 10 11 12 13 14 15 16 1868 17 11 18 0 19 20 21 22 23 24 25 26 27 28 29 30 31 187 1919 1920 189 1921 187 1090 1903 1010 1922 1901 197 1321 1868 25 1923 1923 1924 1925 1925 1926 1218 1218 1090 1927 1534 1928 1929 1930 1931 1932 1933 166 1934 1935 210 211 212 61 62 63 64 65 1 4 5 6 7 8 9 10 11 12 13 14 15 16 66 67 68 69 2 70 71 72 73
https://www.bbc.co.uk/food/recipes/vegan_nachos_02050
1870:  1 1870 2 3 1870 1 4 5 6 7 8 9 10 11 12 13 14 15 16 1870 17 11 18 0 19 20 21 22 23 24 25 26 27 28 29 30 31 187 1936 1936 189 1937 187 1259 1155 49 288 1321 725 295 1938 1938 678 284 1939 829 1870 1266 1940 25 1941 1941 1942 1943 1943 1944 1945 1945 1259 210 211 212 61 62 63 64 65 1 4 5 6 7 8 9 10 11 12 13 14 15 16 66 67 68 69 2 70 71 72 73
https://www.bbc.co.uk/food/recipes/vegan_porridge_37172
1871:  1 1871 2 3 1871 1 4 5 6 7 8 9 10 11 12 13 14 15 16 1871 17 11 18 0 19 20 21 22 23 24 25 26 27 28 29 30 31 187 1946 1946 1947 189 1948 187 1212 1321 588 1212 1321 872 1902 924 192 1312 1321 1086 1212 588 1949 1950 1152 1321 1212 588 1951 1952 1871 25 1953 1953 1954 1955 1955 1922 1230 1230 1212 1947 1297 210 211 212 61 62 63 64 65 1 4 5 6 7 8 9 10 11 12 13 14 15 16 66 67 68 69 2 70 71 72 73
https://www.bbc.co.uk/food/recipes/mushroom_ale_pie_90722
1872:  1 1872 2 3 1872 1 4 5 6 7 8 9 10 11 12 13 14 15 16 1872 17 11 18 0 19 20 21 22 23 24 25 26 27 28 29 30 31 187 518 518 189 1956 187 522 901 1126 443 288 522 1957 1957 1142 902 1958 872 1113 1113 727 203 1262 295 199 588 901 1321 1872 1872 1959 25 1267 1267 1268 1269 1269 1270 1389 1389 522 210 211 212 61 62 63 64 65 1 4 5 6 7 8 9 10 11 12 13 14 15 16 66 67 68 69 2 70 71 72 73
https://www.bbc.co.uk/food/recipes/cauliflower_pakoras_10387
1875:  1 1875 2 3 1875 1 4 5 6 7 8 9 10 11 12 13 14 15 16 1875 17 11 18 0 19 20 21 22 23 24 25 26 27 28 29 30 31 187 1960 1960 280 189 1961 187 1639 722 196 677 873 49 1319 1321 720 729 1142 923 680 49 25 1962 1962 1319 280 1963 1964 1965 210 211 212 61 62 63 64 65 1 4 5 6 7 8 9 10 11 12 13 14 15 16 66 67 68 69 2 70 71 72 73
https://www.bbc.co.uk/food/recipes/mango_lime_lassi_bircher_13324
1876:  1 1876 2 3 1876 1 4 5 6 7 8 9 10 11 12 13 14 15 16 1876 17 11 18 0 19 20 21 22 23 24 25 26 27 28 29 30 31 187 1177 1177 1966 189 1967 187 903 687 687 294 828 1321 1212 687 687 294 25 1953 1953 1954 1230 1230 1968 1969 1969 687 1966 1970 1971 210 211 212 61 62 63 64 65 1 4 5 6 7 8 9 10 11 12 13 14 15 16 66 67 68 69 2 70 71 72 73
https://www.bbc.co.uk/food/recipes/pollack_with_almond_pure_21592
1877:  1 1877 2 3 1877 1 4 5 6 7 8 9 10 11 12 13 14 15 16 1877 17 11 18 0 19 20 21 22 23 24 25 26 27 28 29 30 31 1972 1972 280 189 1973 903 1321 191 1126 727 1667 1639 1639 588 723 1974 191 725 295 286 49 725 25 1975 1975 1974 280 1976 1623 210 211 212 61 62 63 64 65 1 4 5 6 7 8 9 10 11 12 13 14 15 16 66 67 68 69 2 70 71 72 73
https://www.bbc.co.uk/food/baklava
1878:  1 1878 2 3 1878 1 4 5 6 7 8 9 10 11 12 13 14 15 16 1878 17 11 18 0 19 20 21 22 23 24 25 26 27 28 29 30 31 1977 1977 1977 1978 1979 1980 1981 1982 1983 1321 1879 1984 1985 1986 1987 1988 1989 1990 1879 1991 1992 61 62 63 64 65 1 4 5 6 7 8 9 10 11 12 13 14 15 16 66 67 68 69 2 70 71 72 73
https://www.bbc.co.uk/food/recipes/cauliflower_popcorn_12307
1322:  1 1322 2 3 1322 1 4 5 6 7 8 9 10 11 12 13 14 15 16 1322 17 11 18 0 19 20 21 22 23 24 25 26 27 28 29 30 31 187 1899 189 1993 187 1319 198 447 1320 1358 288 1113 782 289 295 25 528 528 1994 942 942 943 1995 1995 1319 210 211 212 61 62 63 64 65 1 4 5 6 7 8 9 10 11 12 13 14 15 16 66 67 68 69 2 70 71 72 73
https://www.bbc.co.uk/food/recipes/cauliflower_popcorn_12307/shopping-list
1993:  1 1993 2 3 1993 1 4 5 6 7 8 9 10 11 12 13 14 15 16 1993 17 11 1319 288 1113 295 1320 289 782 198 447 1358 1322 1 4 5 6 7 8 9 10 11 12 13 14 15 16 66 67 68 69 2 70 71 72 73
https://www.bbc.co.uk/food/recipes/gobie_65_goan_street_32808
1995:  1 1995 2 3 1995 1 4 5 6 7 8 9 10 11 12 13 14 15 16 1995 17 11 18 0 19 20 21 22 23 24 25 26 27 28 29 30 31 187 1124 1124 280 189 1996 187 675 1319 722 203 1997 824 674 824 49 677 730 49 1155 1359 673 199 286 25 1998 1998 214 280 1999 2000 210 211 212 61 62 63 64 65 1 4 5 6 7 8 9 10 11 12 13 14 15 16 66 67 68 69 2 70 71 72 73
https://www.bbc.co.uk/food/collections/clever_cauliflower
1323:  1 1323 2 3 1323 1 4 5 6 7 8 9 10 11 12 13 14 15 16 1323 17 11 18 0 19 20 21 22 23 24 25 26 27 28 29 30 31 2001 2001 1322 2002 2003 2004 747 2005 545 1214 2006 2007 2008 2009 2010 2011 2012 2013 1777 2014 2015 2016 2017 2018 1217 2019 2020 61 62 63 64 65 1 4 5 6 7 8 9 10 11 12 13 14 15 16 66 67 68 69 2 70 71 72 73
https://www.bbc.co.uk/food/recipes/spiced_cauliflower_68420
2016:  1 2016 2 3 2016 1 4 5 6 7 8 9 10 11 12 13 14 15 16 2016 17 11 18 0 19 20 21 22 23 24 25 26 27 28 29 30 31 187 2021 339 189 2022 187 675 669 677 680 720 295 1319 825 1280 196 25 1322 1322 1323 904 904 905 339 1271 2023 2024 1011 2025 2026 2027 2028 210 211 212 61 62 63 64 65 1 4 5 6 7 8 9 10 11 12 13 14 15 16 66 67 68 69 2 70 71 72 73
https://www.bbc.co.uk/food/recipes/steamed_bao_buns_with_13064
2017:  1 2017 2 3 2017 1 4 5 6 7 8 9 10 11 12 13 14 15 16 2017 17 11 18 0 19 20 21 22 23 24 25 26 27 28 29 30 31 187 2029 2029 189 2030 187 199 192 196 1888 201 447 931 1319 668 288 49 2031 872 196 1714 877 938 1205 2017 25 2032 2032 2033 2034 2034 2035 747 747 1319 210 211 212 61 62 63 64 65 1 4 5 6 7 8 9 10 11 12 13 14 15 16 66 67 68 69 2 70 71 72 73
https://www.bbc.co.uk/food/recipes/kentucky_fried_23708
2018:  1 2018 2 3 2018 1 4 5 6 7 8 9 10 11 12 13 14 15 16 2018 17 11 18 0 19 20 21 22 23 24 25 26 27 28 29 30 31 187 2036 2036 552 189 2037 187 443 288 289 591 770 199 1319 446 286 675 295 25 1322 1322 1323 481 481 1319 552 1730 2038 2039 210 211 212 61 62 63 64 65 1 4 5 6 7 8 9 10 11 12 13 14 15 16 66 67 68 69 2 70 71 72 73
https://www.bbc.co.uk/food/recipes/butternut_squash_and_50241
2020:  1 2020 2 3 2020 1 4 5 6 7 8 9 10 11 12 13 14 15 16 2020 17 11 18 0 19 20 21 22 23 24 25 26 27 28 29 30 31 187 2040 2040 189 2041 187 1319 286 295 723 443 1259 288 1792 1114 1142 939 2020 2020 1266 25 274 274 2042 904 904 905 747 747 1319 210 211 212 61 62 63 64 65 1 4 5 6 7 8 9 10 11 12 13 14 15 16 66 67 68 69 2 70 71 72 73
https://www.bbc.co.uk/food/recipes/aloo_gobi_41709
2001:  1 2001 2 3 2001 1 4 5 6 7 8 9 10 11 12 13 14 15 16 2001 17 11 18 0 19 20 21 22 23 24 25 26 27 28 29 30 31 187 2043 2044 189 2045 187 2046 675 443 677 783 588 288 668 49 674 720 680 191 1319 2001 1182 25 2047 2047 2048 904 904 905 747 747 1319 2044 2049 2050 2051 210 211 212 61 62 63 64 65 1 4 5 6 7 8 9 10 11 12 13 14 15 16 66 67 68 69 2 70 71 72 73
https://www.bbc.co.uk/food/recipes/warm_spiced_cauliflower_36652
2002:  1 2002 2 3 2002 1 4 5 6 7 8 9 10 11 12 13 14 15 16 2002 17 11 18 0 19 20 21 22 23 24 25 26 27 28 29 30 31 187 1663 1663 2052 189 2053 187 286 195 677 1319 1026 1026 775 678 588 59 1156 2002 25 754 754 1303 2054 2054 2055 747 747 1319 2056 2057 2058 2059 210 211 212 61 62 63 64 65 1 4 5 6 7 8 9 10 11 12 13 14 15 16 66 67 68 69 2 70 71 72 73
https://www.bbc.co.uk/food/recipes/whole_roast_cauliflower_43289
2003:  1 2003 2 3 2003 1 4 5 6 7 8 9 10 11 12 13 14 15 16 2003 17 11 18 0 19 20 21 22 23 24 25 26 27 28 29 30 31 187 1899 189 2060 187 1319 677 772 288 49 725 1156 680 770 286 295 938 1043 59 680 1156 2003 25 1322 1322 1323 481 481 1319 210 211 212 61 62 63 64 65 1 4 5 6 7 8 9 10 11 12 13 14 15 16 66 67 68 69 2 70 71 72 73
https://www.bbc.co.uk/food/recipes/bang_bang_cauliflower_38036
2004:  1 2004 2 3 2004 1 4 5 6 7 8 9 10 11 12 13 14 15 16 2004 17 11 18 0 19 20 21 22 23 24 25 26 27 28 29 30 31 187 2029 2029 189 2061 187 1320 588 295 591 288 1319 447 1714 1704 394 49 938 2004 25 1322 1322 1323 528 528 618 210 211 212 61 62 63 64 65 1 4 5 6 7 8 9 10 11 12 13 14 15 16 66 67 68 69 2 70 71 72 73
https://www.bbc.co.uk/food/recipes/cheesycauliflowerand_85829
2006:  1 2006 2 3 2006 1 4 5 6 7 8 9 10 11 12 13 14 15 16 2006 17 11 18 0 19 20 21 22 23 24 25 26 27 28 29 30 31 187 1899 189 2062 187 443 495 288 191 286 1319 2046 770 727 447 1142 50 1632 1194 295 1312 288 286 50 1207 25 2063 2063 2064 2065 2065 2066 1962 1962 1319 2067 2068 205 2069 210 211 212 61 62 63 64 65 1 4 5 6 7 8 9 10 11 12 13 14 15 16 66 67 68 69 2 70 71 72 73
https://www.bbc.co.uk/food/recipes/roast_cauliflower_cumin_19409
2008:  1 2008 2 3 2008 1 4 5 6 7 8 9 10 11 12 13 14 15 16 2008 17 11 18 0 19 20 21 22 23 24 25 26 27 28 29 30 31 187 2070 189 2071 187 1319 288 677 49 286 1142 729 295 25 1229 1229 2072 2065 2065 2066 1962 1962 1319 210 211 212 61 62 63 64 65 1 4 5 6 7 8 9 10 11 12 13 14 15 16 66 67 68 69 2 70 71 72 73
https://www.bbc.co.uk/food/recipes/cauliflower_cheese_and_17756
2009:  1 2009 2 3 2009 1 4 5 6 7 8 9 10 11 12 13 14 15 16 2009 17 11 18 0 19 20 21 22 23 24 25 26 27 28 29 30 31 2073 189 2074 1319 938 191 443 199 445 447 1142 50 1358 679 1156 1141 295 446 675 25 2075 2075 2076 2077 2077 1783 747 747 1319 210 211 212 61 62 63 64 65 1 4 5 6 7 8 9 10 11 12 13 14 15 16 66 67 68 69 2 70 71 72 73
https://www.bbc.co.uk/food/recipes/baked_aloo_gobi_with_32681
2010:  1 2010 2 3 2010 1 4 5 6 7 8 9 10 11 12 13 14 15 16 2010 17 11 18 0 19 20 21 22 23 24 25 26 27 28 29 30 31 187 2078 2078 349 189 2079 187 1319 924 668 49 288 730 720 729 725 446 295 673 1018 680 199 201 673 25 1998 1998 214 904 904 905 747 747 1319 349 1821 2080 2081 2082 210 211 212 61 62 63 64 65 1 4 5 6 7 8 9 10 11 12 13 14 15 16 66 67 68 69 2 70 71 72 73
https://www.bbc.co.uk/food/recipes/cauliflower_cheese_92618
2011:  1 2011 2 3 2011 1 4 5 6 7 8 9 10 11 12 13 14 15 16 2011 17 11 18 0 19 20 21 22 23 24 25 26 27 28 29 30 31 187 518 518 189 2083 187 1319 191 199 447 50 1632 295 2011 25 2084 2084 2085 2077 2077 1783 747 747 1319 210 211 212 61 62 63 64 65 1 4 5 6 7 8 9 10 11 12 13 14 15 16 66 67 68 69 2 70 71 72 73
https://www.bbc.co.uk/food/recipes/curried_cauliflower_with_57222
2012:  1 2012 2 3 2012 1 4 5 6 7 8 9 10 11 12 13 14 15 16 2012 17 11 18 0 19 20 21 22 23 24 25 26 27 28 29 30 31 187 441 441 280 189 2086 187 675 1319 2087 443 668 288 733 720 939 673 196 2012 689 25 1998 1998 214 904 904 905 747 747 1319 280 2088 2089 210 211 212 61 62 63 64 65 1 4 5 6 7 8 9 10 11 12 13 14 15 16 66 67 68 69 2 70 71 72 73
https://www.bbc.co.uk/food/recipes/flower_power_pizza_13681
2014:  1 2014 2 3 2014 1 4 5 6 7 8 9 10 11 12 13 14 15 16 2014 17 11 18 0 19 20 21 22 23 24 25 26 27 28 29 30 31 187 2090 2090 349 189 2091 187 1319 1129 1010 2092 588 295 1140 523 678 49 1133 286 25 2093 2093 2094 524 524 525 747 747 1319 349 2095 2096 2097 210 211 212 61 62 63 64 65 1 4 5 6 7 8 9 10 11 12 13 14 15 16 66 67 68 69 2 70 71 72 73
https://www.bbc.co.uk/food/recipes/curried_cauliflower_soup_51373
2015:  1 2015 2 3 2015 1 4 5 6 7 8 9 10 11 12 13 14 15 16 2015 17 11 18 0 19 20 21 22 23 24 25 26 27 28 29 30 31 187 822 822 2098 189 2099 187 723 443 733 1319 447 1142 860 588 198 2100 295 670 829 2015 25 2101 2101 2102 2065 2065 2066 1995 1995 1319 2098 2103 2104 1479 210 211 212 61 62 63 64 65 1 4 5 6 7 8 9 10 11 12 13 14 15 16 66 67 68 69 2 70 71 72 73
https://www.bbc.co.uk/food/recipes/macaroni_cheese_51582
1324:  1 1324 2 3 1324 1 4 5 6 7 8 9 10 11 12 13 14 15 16 1324 17 11 18 0 19 20 21 22 23 24 25 26 27 28 29 30 31 2105 2105 189 2106 1341 2107 191 1392 447 778 1194 50 1320 448 295 1324 25 2108 2108 2109 1217 1217 1325 545 545 1341 210 211 212 61 62 63 64 65 1 4 5 6 7 8 9 10 11 12 13 14 15 16 66 67 68 69 2 70 71 72 73
https://www.bbc.co.uk/food/macaroni_cheese
1325:  1 1325 2 3 1325 1 4 5 6 7 8 9 10 11 12 13 14 15 16 1325 17 11 18 0 19 20 21 22 23 24 25 26 27 28 29 30 31 1464 1464 1465 1217 545 1324 1467 1469 1470 1464 1332 1473 1474 1475 1334 1477 1479 1480 1481 1782 1783 1703 1784 1785 1582 1587 1400 2110 1371 45 1548 1549 1335 1400 1401 61 62 63 64 65 1 4 5 6 7 8 9 10 11 12 13 14 15 16 66 67 68 69 2 70 71 72 73
https://www.bbc.co.uk/food/minestrone_soup
2110:  1 2110 2 3 2110 1 4 5 6 7 8 9 10 11 12 13 14 15 16 2110 17 11 18 0 19 20 21 22 23 24 25 26 27 28 29 30 31 2111 2111 464 2112 2113 2111 2114 2115 2116 2117 2118 2119 2120 2121 2122 1782 2123 2124 2125 1792 1400 1325 1371 45 1548 1549 61 62 63 64 65 1 4 5 6 7 8 9 10 11 12 13 14 15 16 66 67 68 69 2 70 71 72 73
https://www.bbc.co.uk/food/recipes/apricot_and_chocolate_85056
1218:  1 1218 2 3 1218 1 4 5 6 7 8 9 10 11 12 13 14 15 16 1218 17 11 18 0 19 20 21 22 23 24 25 26 27 28 29 30 31 187 1208 1208 1209 189 2126 187 2127 1261 1090 924 1901 25 2128 2128 2129 546 546 2130 2131 2131 1090 1209 1299 228 210 211 212 61 62 63 64 65 1 4 5 6 7 8 9 10 11 12 13 14 15 16 66 67 68 69 2 70 71 72 73
https://www.bbc.co.uk/food/recipes/apricot_and_chocolate_85056/shopping-list
2126:  1 2126 2 3 2126 1 4 5 6 7 8 9 10 11 12 13 14 15 16 2126 17 11 2127 1901 924 1090 1261 1218 1 4 5 6 7 8 9 10 11 12 13 14 15 16 66 67 68 69 2 70 71 72 73
