https://downshiftology.com/
0:  0 1 1 2 3 4 5 6 7 8 9 10 11 12 0 13 13 14 15 16 17 18 19 20 21 22 23 24 25 26 27 28 29 30 31 32 33 34 35 36 37 38 39 40 41 42 43 44 45 46 47 48 49 50 51 52 17 20 53 54 55 55 56 56 57 57 58 58 59 59 13 1 60 61 62 63 64 65 66 67 16 17 18 20 21 22 68 69 70 71 57 72 73 74 75 76 77 78 79 80 81 82 83 84 85 86 87 88 89 90 90 91 92 93 94 7 8 9 10 11 12 13 95 96 97 98 1 99 2 54 100 7 9 11 12 101 102 103 104 0 0 13 13 14 15 16 17 18 19 20 21 22 23 24 25 26 27 28 29 30 31 32 33 34 35 36 37 38 39 40 41 42 43 44 45 46 47 48 49 50 51 52 20 17 53 54 6 5 1 1 3 2 4
https://downshiftology.com/about-lisa/
1:  0 1 1 2 3 4 5 6 7 8 9 10 11 12 0 13 13 14 15 16 17 18 19 20 21 22 23 24 25 26 27 28 29 30 31 32 33 34 35 36 37 38 39 40 41 42 43 44 45 46 47 48 49 50 51 52 17 20 53 54 105 106 107 3 4 13 108 109 110 111 112 113 114 67 88 115 116 9 117 118 119 106 100 120 121 122 123 124 125 126 127 128 129 130 131 132 133 134 135 27 136 1 1 7 8 9 10 11 12 7 8 9 10 11 12 13 95 96 97 98 1 99 2 54 100 7 9 11 12 101 102 103 104 0 0 13 13 14 15 16 17 18 19 20 21 22 23 24 25 26 27 28 29 30 31 32 33 34 35 36 37 38 39 40 41 42 43 44 45 46 47 48 49 50 51 52 20 17 53 54 6 5 1 1 3 2 4
https://downshiftology.com/recipes/paleo-chocolate-cake/
136:  0 1 1 2 3 4 5 6 7 8 9 10 11 12 0 13 13 14 15 16 17 18 19 20 21 22 23 24 25 26 27 28 29 30 31 32 33 34 35 36 37 38 39 40 41 42 43 44 45 46 47 48 49 50 51 52 17 20 53 54 0 137 15 18 1 136 102 136 136 138 139 140 141 142 143 144 112 91 145 146 147 148 149 150 151 152 153 154 155 156 1 157 158 136 144 159 117 160 161 162 163 111 164 165 136 166 167 168 166 169 136 169 136 169 136 169 136 169 136 169 136 169 136 1 169 136 169 136 169 136 169 136 169 136 1 169 136 169 136 1 169 136 169 136 1 169 136 169 136 169 136 169 136 169 136 169 136 169 136 1 169 136 169 136 1 169 136 169 136 1 169 136 169 136 169 136 169 136 1 169 136 169 136 1 169 136 169 136 169 136 169 136 169 136 166 167 168 166 1 1 7 8 9 10 11 12 7 8 9 10 11 12 13 95 96 97 98 1 99 2 54 100 7 9 11 12 101 102 103 104 0 0 13 13 14 15 16 17 18 19 20 21 22 23 24 25 26 27 28 29 30 31 32 33 34 35 36 37 38 39 40 41 42 43 44 45 46 47 48 49 50 51 52 20 17 53 54 6 5 1 1 3 2 4
https://downshiftology.com/recipes/
137:  0 1 1 2 3 4 5 6 7 8 9 10 11 12 0 13 13 14 15 16 17 18 19 20 21 22 23 24 25 26 27 28 29 30 31 32 33 34 35 36 37 38 39 40 41 42 43 44 45 46 47 48 49 50 51 52 17 20 53 54 0 55 56 57 58 59 70 170 171 156 172 173 174 94 175 176 177 69 178 179 180 181 182 183 184 185 186 187 188 189 190 185 7 8 9 10 11 12 13 95 96 97 98 1 99 2 54 100 7 9 11 12 101 102 103 104 0 0 13 13 14 15 16 17 18 19 20 21 22 23 24 25 26 27 28 29 30 31 32 33 34 35 36 37 38 39 40 41 42 43 44 45 46 47 48 49 50 51 52 20 17 53 54 6 5 1 1 3 2 4
https://downshiftology.com/recipes/mandarin-breakfast-smoothie/
170:  0 1 1 2 3 4 5 6 7 8 9 10 11 12 0 13 13 14 15 16 17 18 19 20 21 22 23 24 25 26 27 28 29 30 31 32 33 34 35 36 37 38 39 40 41 42 43 44 45 46 47 48 49 50 51 52 17 20 53 54 0 137 15 19 1 170 102 170 138 139 140 191 84 81 80 192 82 1 193 158 170 194 117 160 195 83 81 196 171 70 170 170 170 170 170 170 170 170 170 197 170 170 170 170 170 170 170 170 170 170 170 170 170 170 170 170 170 170 170 170 170 170 170 170 198 170 170 170 170 170 170 170 170 1 170 170 170 170 170 170 170 170 170 170 170 170 170 170 170 170 170 199 170 170 170 170 170 170 170 170 170 170 170 170 170 170 170 170 170 170 170 170 200 170 170 170 170 201 170 170 170 170 170 170 170 170 1 1 7 8 9 10 11 12 7 8 9 10 11 12 13 95 96 97 98 1 99 2 54 100 7 9 11 12 101 102 103 104 0 0 13 13 14 15 16 17 18 19 20 21 22 23 24 25 26 27 28 29 30 31 32 33 34 35 36 37 38 39 40 41 42 43 44 45 46 47 48 49 50 51 52 20 17 53 54 6 5 1 1 3 2 4
https://downshiftology.com/recipes/apple-carrot-beet-smoothie/
192:  0 1 1 2 3 4 5 6 7 8 9 10 11 12 0 13 13 14 15 16 17 18 19 20 21 22 23 24 25 26 27 28 29 30 31 32 33 34 35 36 37 38 39 40 41 42 43 44 45 46 47 48 49 50 51 52 17 20 53 54 0 137 15 19 1 192 102 192 192 138 139 140 202 203 84 204 205 81 80 206 1 207 158 192 117 160 208 209 210 211 212 71 192 192 192 1 192 192 213 192 192 192 192 192 192 1 192 192 192 192 192 192 192 192 192 192 192 192 192 192 192 192 192 192 192 192 192 192 192 192 192 192 192 192 192 192 192 192 214 192 192 192 192 192 192 192 192 1 1 7 8 9 10 11 12 7 8 9 10 11 12 13 95 96 97 98 1 99 2 54 100 7 9 11 12 101 102 103 104 0 0 13 13 14 15 16 17 18 19 20 21 22 23 24 25 26 27 28 29 30 31 32 33 34 35 36 37 38 39 40 41 42 43 44 45 46 47 48 49 50 51 52 20 17 53 54 6 5 1 1 3 2 4
https://downshiftology.com/recipes/roasted-beet-hummus/
202:  0 1 1 2 3 4 5 6 7 8 9 10 11 12 0 13 13 14 15 16 17 18 19 20 21 22 23 24 25 26 27 28 29 30 31 32 33 34 35 36 37 38 39 40 41 42 43 44 45 46 47 48 49 50 51 52 17 20 53 54 0 137 15 16 1 202 102 202 202 138 139 140 215 216 67 217 218 219 183 192 1 220 158 202 221 215 117 160 222 111 223 208 216 224 202 202 202 202 202 202 202 202 202 202 202 202 202 202 202 202 202 202 202 202 202 202 202 202 202 202 202 202 202 202 202 1 202 202 202 202 202 202 202 202 202 202 202 202 202 202 202 202 202 202 202 202 202 202 202 202 202 202 202 202 202 202 202 202 202 202 202 202 202 202 202 202 202 202 202 202 202 202 202 202 202 202 202 202 1 202 202 202 202 202 202 202 202 202 202 225 202 202 202 202 202 202 202 202 225 202 202 202 202 225 202 202 202 202 225 202 202 226 202 202 225 202 202 227 202 202 225 202 202 202 202 225 202 202 228 202 202 225 202 202 229 202 202 225 202 202 230 202 202 225 202 202 202 202 225 202 202 202 202 231 202 202 202 202 202 231 202 202 202 202 231 202 1 1 7 8 9 10 11 12 7 8 9 10 11 12 13 95 96 97 98 1 99 2 54 100 7 9 11 12 101 102 103 104 0 0 13 13 14 15 16 17 18 19 20 21 22 23 24 25 26 27 28 29 30 31 32 33 34 35 36 37 38 39 40 41 42 43 44 45 46 47 48 49 50 51 52 20 17 53 54 6 5 1 1 3 2 4
https://downshiftology.com/recipes/spicy-pulled-pork-fried-eggs/
224:  0 1 1 2 3 4 5 6 7 8 9 10 11 12 0 13 13 14 15 16 17 18 19 20 21 22 23 24 25 26 27 28 29 30 31 32 33 34 35 36 37 38 39 40 41 42 43 44 45 46 47 48 49 50 51 52 17 20 53 54 0 137 15 17 1 224 102 224 138 139 140 232 233 234 235 236 237 87 238 239 240 241 1 242 158 224 243 244 117 160 110 223 89 222 202 245 224 246 224 224 224 224 224 224 247 224 224 224 224 248 224 224 224 224 249 224 224 224 224 224 224 224 224 224 224 225 224 224 1 1 7 8 9 10 11 12 7 8 9 10 11 12 13 95 96 97 98 1 99 2 54 100 7 9 11 12 101 102 103 104 0 0 13 13 14 15 16 17 18 19 20 21 22 23 24 25 26 27 28 29 30 31 32 33 34 35 36 37 38 39 40 41 42 43 44 45 46 47 48 49 50 51 52 20 17 53 54 6 5 1 1 3 2 4
https://downshiftology.com/recipes/slow-cooker-pulled-pork/
232:  0 1 1 2 3 4 5 6 7 8 9 10 11 12 0 13 13 14 15 16 17 18 19 20 21 22 23 24 25 26 27 28 29 30 31 32 33 34 35 36 37 38 39 40 41 42 43 44 45 46 47 48 49 50 51 52 17 20 53 54 0 137 15 20 1 232 102 232 232 138 139 140 233 250 251 252 253 254 255 256 257 258 234 224 259 260 1 261 158 232 262 263 117 160 112 163 264 265 255 67 232 266 266 267 232 267 232 267 232 1 267 232 267 232 267 232 267 232 267 232 267 232 267 232 267 232 1 267 232 267 232 267 232 267 232 267 232 267 232 267 232 267 232 1 267 232 267 232 1 267 232 267 232 1 267 232 267 232 267 232 267 232 267 232 1 267 232 267 232 267 232 266 266 1 1 7 8 9 10 11 12 7 8 9 10 11 12 13 95 96 97 98 1 99 2 54 100 7 9 11 12 101 102 103 104 0 0 13 13 14 15 16 17 18 19 20 21 22 23 24 25 26 27 28 29 30 31 32 33 34 35 36 37 38 39 40 41 42 43 44 45 46 47 48 49 50 51 52 20 17 53 54 6 5 1 1 3 2 4
https://downshiftology.com/recipes/bbq-chicken-stuffed-sweet-potatoes/
256:  0 1 1 2 3 4 5 6 7 8 9 10 11 12 0 13 13 14 15 16 17 18 19 20 21 22 23 24 25 26 27 28 29 30 31 32 33 34 35 36 37 38 39 40 41 42 43 44 45 46 47 48 49 50 51 52 17 20 53 54 0 137 15 20 1 256 102 256 138 139 140 90 268 269 255 90 270 271 272 273 274 275 181 276 277 278 1 279 158 256 90 117 160 222 146 265 280 90 255 256 256 256 256 256 256 256 256 256 256 256 256 256 256 256 256 256 256 256 256 256 256 256 256 256 256 256 256 256 1 256 256 256 256 256 256 256 256 256 256 256 256 256 256 256 256 256 256 256 256 225 256 256 256 256 225 256 256 256 256 225 256 256 256 256 225 256 256 1 1 7 8 9 10 11 12 7 8 9 10 11 12 13 95 96 97 98 1 99 2 54 100 7 9 11 12 101 102 103 104 0 0 13 13 14 15 16 17 18 19 20 21 22 23 24 25 26 27 28 29 30 31 32 33 34 35 36 37 38 39 40 41 42 43 44 45 46 47 48 49 50 51 52 20 17 53 54 6 5 1 1 3 2 4
https://downshiftology.com/recipes/tuna-stuffed-avocados/
268:  0 1 1 2 3 4 5 6 7 8 9 10 11 12 0 13 13 14 15 16 17 18 19 20 21 22 23 24 25 26 27 28 29 30 31 32 33 34 35 36 37 38 39 40 41 42 43 44 45 46 47 48 49 50 51 52 17 20 53 54 0 137 15 20 1 268 102 268 268 138 139 140 62 281 282 111 283 284 285 257 286 287 72 1 288 158 268 111 283 259 289 290 291 117 160 292 293 294 295 87 218 268 268 268 268 268 268 268 268 268 268 268 268 268 268 268 268 268 268 268 268 268 268 268 268 268 268 268 268 268 268 268 268 268 268 268 268 268 268 268 268 268 268 268 268 268 296 268 268 225 268 268 268 268 225 268 268 268 268 268 268 268 268 268 268 268 268 268 268 225 268 268 268 268 268 268 268 268 268 268 268 268 225 268 268 268 268 225 268 268 268 268 225 268 268 268 268 225 268 268 268 268 225 268 268 268 268 225 268 268 1 1 7 8 9 10 11 12 7 8 9 10 11 12 13 95 96 97 98 1 99 2 54 100 7 9 11 12 101 102 103 104 0 0 13 13 14 15 16 17 18 19 20 21 22 23 24 25 26 27 28 29 30 31 32 33 34 35 36 37 38 39 40 41 42 43 44 45 46 47 48 49 50 51 52 20 17 53 54 6 5 1 1 3 2 4
https://downshiftology.com/wprm_print/recipe/33242
288:  297 288 1 111 283 288 288 259 289 290 291
https://downshiftology.com/tuna-stuffed-avocados/
297:  0 1 1 2 3 4 5 6 7 8 9 10 11 12 0 13 13 14 15 16 17 18 19 20 21 22 23 24 25 26 27 28 29 30 31 32 33 34 35 36 37 38 39 40 41 42 43 44 45 46 47 48 49 50 51 52 17 20 53 54 0 137 15 20 1 268 102 297 297 138 139 140 62 281 282 111 283 284 285 257 286 287 72 1 288 158 297 111 283 259 289 290 291 117 160 292 293 294 295 87 218 268 268 297 268 297 268 297 268 297 268 297 268 297 268 297 268 297 268 297 268 297 268 297 268 297 268 297 268 297 268 297 268 297 268 297 268 297 268 297 268 297 268 297 268 297 296 268 297 225 268 297 268 297 225 268 297 268 297 268 268 297 268 297 268 297 268 268 297 225 268 297 268 297 268 297 268 297 268 297 268 297 225 268 297 268 297 225 268 297 268 297 225 268 297 268 297 225 268 297 268 297 225 268 297 268 297 225 268 297 1 1 7 8 9 10 11 12 7 8 9 10 11 12 13 95 96 97 98 1 99 2 54 100 7 9 11 12 101 102 103 104 0 0 13 13 14 15 16 17 18 19 20 21 22 23 24 25 26 27 28 29 30 31 32 33 34 35 36 37 38 39 40 41 42 43 44 45 46 47 48 49 50 51 52 20 17 53 54 6 5 1 1 3 2 4
https://downshiftology.com/15-whole30-recipes-breakfast-lunch-dinner/
289:  0 1 1 2 3 4 5 6 7 8 9 10 11 12 0 13 13 14 15 16 17 18 19 20 21 22 23 24 25 26 27 28 29 30 31 32 33 34 35 36 37 38 39 40 41 42 43 44 45 46 47 48 49 50 51 52 17 20 53 54 0 298 299 1 289 102 138 139 140 163 210 14 290 240 240 300 300 241 241 301 301 302 302 303 303 78 78 304 304 305 305 306 306 278 278 307 307 308 308 309 309 310 310 239 66 257 72 232 311 70 181 312 87 210 116 88 114 111 236 313 112 91 314 315 316 317 79 318 290 289 319 289 289 1 289 289 320 289 289 289 289 289 289 289 289 289 289 289 289 225 289 289 289 289 225 289 289 321 289 289 225 289 289 116 231 289 289 289 289 231 289 289 289 289 231 289 289 289 289 231 289 289 289 289 289 231 289 289 1 1 7 8 9 10 11 12 7 8 9 10 11 12 13 95 96 97 98 1 99 2 54 100 7 9 11 12 101 102 103 104 0 0 13 13 14 15 16 17 18 19 20 21 22 23 24 25 26 27 28 29 30 31 32 33 34 35 36 37 38 39 40 41 42 43 44 45 46 47 48 49 50 51 52 20 17 53 54 6 5 1 1 3 2 4
https://downshiftology.com/specialty/
298:  0 1 1 2 3 4 5 6 7 8 9 10 11 12 0 13 13 14 15 16 17 18 19 20 21 22 23 24 25 26 27 28 29 30 31 32 33 34 35 36 37 38 39 40 41 42 43 44 45 46 47 48 49 50 51 52 17 20 53 54 0 322 108 299 323 324 325 326 327 328 329 170 89 174 94 208 69 178 97 183 211 330 96 331 332 333 316 334 84 95 335 280 264 336 337 338 339 340 341 342 337 7 8 9 10 11 12 13 95 96 97 98 1 99 2 54 100 7 9 11 12 101 102 103 104 0 0 13 13 14 15 16 17 18 19 20 21 22 23 24 25 26 27 28 29 30 31 32 33 34 35 36 37 38 39 40 41 42 43 44 45 46 47 48 49 50 51 52 20 17 53 54 6 5 1 1 3 2 4
https://downshiftology.com/specialty/healthy-basics/
322:  0 1 1 2 3 4 5 6 7 8 9 10 11 12 0 13 13 14 15 16 17 18 19 20 21 22 23 24 25 26 27 28 29 30 31 32 33 34 35 36 37 38 39 40 41 42 43 44 45 46 47 48 49 50 51 52 17 20 53 54 0 298 94 332 335 343 344 345 346 347 348 349 350 145 65 92 351 352 210 353 354 355 91 356 357 358 359 359 7 8 9 10 11 12 13 95 96 97 98 1 99 2 54 100 7 9 11 12 101 102 103 104 0 0 13 13 14 15 16 17 18 19 20 21 22 23 24 25 26 27 28 29 30 31 32 33 34 35 36 37 38 39 40 41 42 43 44 45 46 47 48 49 50 51 52 20 17 53 54 6 5 1 1 3 2 4
https://downshiftology.com/recipes/how-to-make-cauliflower-rice/
352:  0 1 1 2 3 4 5 6 7 8 9 10 11 12 0 13 13 14 15 16 17 18 19 20 21 22 23 24 25 26 27 28 29 30 31 32 33 34 35 36 37 38 39 40 41 42 43 44 45 46 47 48 49 50 51 52 17 20 53 54 0 137 53 1 352 102 352 352 138 139 140 90 311 232 360 361 259 362 363 364 365 303 366 367 368 369 346 1 370 158 352 117 160 290 371 292 372 373 351 352 352 352 352 352 352 352 352 352 374 352 352 352 352 352 352 352 352 375 352 352 352 352 376 352 352 352 352 352 352 352 352 377 352 352 352 352 378 352 352 352 352 352 352 352 352 352 352 352 352 352 352 352 352 352 352 225 352 352 352 352 225 352 352 352 352 352 352 379 352 352 225 352 352 380 352 352 225 352 352 352 352 225 352 352 381 352 352 225 352 352 382 352 352 225 352 352 383 352 352 225 352 352 352 352 225 352 352 352 352 225 352 352 352 352 225 352 352 352 352 225 352 352 352 352 225 352 352 352 352 225 352 352 225 352 352 225 352 352 352 352 231 352 352 352 352 231 352 352 352 352 231 352 352 384 352 231 352 110 352 352 231 352 352 352 352 231 352 352 352 352 231 352 352 385 352 352 231 352 352 352 352 231 352 352 313 386 352 352 231 352 352 352 352 352 231 352 352 1 1 7 8 9 10 11 12 7 8 9 10 11 12 13 95 96 97 98 1 99 2 54 100 7 9 11 12 101 102 103 104 0 0 13 13 14 15 16 17 18 19 20 21 22 23 24 25 26 27 28 29 30 31 32 33 34 35 36 37 38 39 40 41 42 43 44 45 46 47 48 49 50 51 52 20 17 53 54 6 5 1 1 3 2 4
https://downshiftology.com/anti-inflammatory-foods/
361:  0 1 1 2 3 4 5 6 7 8 9 10 11 12 0 13 13 14 15 16 17 18 19 20 21 22 23 24 25 26 27 28 29 30 31 32 33 34 35 36 37 38 39 40 41 42 43 44 45 46 47 48 49 50 51 52 17 20 53 54 0 6 387 1 361 102 361 138 139 140 388 389 82 390 391 83 392 393 394 395 396 226 397 313 398 399 400 401 402 403 404 405 181 406 277 407 408 409 268 257 273 410 241 411 412 413 64 414 275 415 366 416 417 418 419 276 254 226 420 421 422 423 424 425 426 304 427 428 367 204 80 429 430 113 216 431 432 433 162 14 434 1 435 158 361 436 117 160 437 438 439 440 111 317 361 361 361 361 361 441 361 361 361 361 361 361 442 361 361 361 361 361 361 361 361 361 361 1 361 361 361 361 361 361 361 361 361 361 361 361 361 361 1 361 361 361 361 361 361 361 361 361 361 443 361 361 361 361 361 361 444 361 361 361 361 361 361 445 361 361 361 361 361 361 361 361 361 361 361 361 361 361 361 361 225 361 361 361 361 225 361 361 361 361 225 361 361 446 361 361 225 361 361 361 361 361 225 361 361 361 361 225 361 361 361 361 361 361 447 361 361 361 361 448 361 361 361 361 361 361 361 361 361 361 361 361 449 361 361 361 361 450 361 361 361 361 361 361 361 361 1 1 7 8 9 10 11 12 7 8 9 10 11 12 13 95 96 97 98 1 99 2 54 100 7 9 11 12 101 102 103 104 0 0 13 13 14 15 16 17 18 19 20 21 22 23 24 25 26 27 28 29 30 31 32 33 34 35 36 37 38 39 40 41 42 43 44 45 46 47 48 49 50 51 52 20 17 53 54 6 5 1 1 3 2 4
https://downshiftology.com/lifestyle/healthy-living/
387:  0 1 1 2 3 4 5 6 7 8 9 10 11 12 0 13 13 14 15 16 17 18 19 20 21 22 23 24 25 26 27 28 29 30 31 32 33 34 35 36 37 38 39 40 41 42 43 44 45 46 47 48 49 50 51 52 17 20 53 54 0 6 334 451 162 452 371 453 259 434 454 351 210 455 456 457 458 440 459 460 361 461 462 463 291 290 464 465 466 464 7 8 9 10 11 12 13 95 96 97 98 1 99 2 54 100 7 9 11 12 101 102 103 104 0 0 13 13 14 15 16 17 18 19 20 21 22 23 24 25 26 27 28 29 30 31 32 33 34 35 36 37 38 39 40 41 42 43 44 45 46 47 48 49 50 51 52 20 17 53 54 6 5 1 1 3 2 4
https://downshiftology.com/thanksgiving-game-plan-timeline-tips/
451:  0 1 1 2 3 4 5 6 7 8 9 10 11 12 0 13 13 14 15 16 17 18 19 20 21 22 23 24 25 26 27 28 29 30 31 32 33 34 35 36 37 38 39 40 41 42 43 44 45 46 47 48 49 50 51 52 17 20 53 54 0 6 387 1 451 102 138 139 140 467 468 54 469 470 471 472 473 474 136 150 475 476 477 252 253 478 66 479 312 94 480 142 237 481 146 482 469 483 484 485 486 361 487 468 484 451 451 451 1 451 451 451 451 1 451 451 451 451 451 451 1 1 7 8 9 10 11 12 7 8 9 10 11 12 13 95 96 97 98 1 99 2 54 100 7 9 11 12 101 102 103 104 0 0 13 13 14 15 16 17 18 19 20 21 22 23 24 25 26 27 28 29 30 31 32 33 34 35 36 37 38 39 40 41 42 43 44 45 46 47 48 49 50 51 52 20 17 53 54 6 5 1 1 3 2 4
https://downshiftology.com/healthy-thanksgiving-side-dishes/
467:  0 1 1 2 3 4 5 6 7 8 9 10 11 12 0 13 13 14 15 16 17 18 19 20 21 22 23 24 25 26 27 28 29 30 31 32 33 34 35 36 37 38 39 40 41 42 43 44 45 46 47 48 49 50 51 52 17 20 53 54 0 298 299 1 467 102 467 138 139 140 469 252 253 32 254 478 476 488 475 477 489 490 491 492 493 343 354 494 495 471 496 255 497 94 498 499 473 500 472 1 501 158 467 502 117 160 317 315 468 95 209 468 467 467 467 467 467 503 467 467 467 467 467 467 467 467 467 467 467 467 504 467 467 467 467 1 1 7 8 9 10 11 12 7 8 9 10 11 12 13 95 96 97 98 1 99 2 54 100 7 9 11 12 101 102 103 104 0 0 13 13 14 15 16 17 18 19 20 21 22 23 24 25 26 27 28 29 30 31 32 33 34 35 36 37 38 39 40 41 42 43 44 45 46 47 48 49 50 51 52 20 17 53 54 6 5 1 1 3 2 4
https://downshiftology.com/recipes/crispy-shallots/
488:  0 1 1 2 3 4 5 6 7 8 9 10 11 12 0 13 13 14 15 16 17 18 19 20 21 22 23 24 25 26 27 28 29 30 31 32 33 34 35 36 37 38 39 40 41 42 43 44 45 46 47 48 49 50 51 52 17 20 53 54 0 137 15 505 1 488 102 488 138 139 140 506 65 507 304 492 508 500 473 234 509 64 493 476 275 255 456 1 510 158 488 117 160 208 95 290 222 511 470 488 488 488 488 488 488 488 488 488 488 488 488 488 512 488 488 488 488 513 488 488 488 488 514 488 488 488 488 488 488 488 488 1 1 7 8 9 10 11 12 7 8 9 10 11 12 13 95 96 97 98 1 99 2 54 100 7 9 11 12 101 102 103 104 0 0 13 13 14 15 16 17 18 19 20 21 22 23 24 25 26 27 28 29 30 31 32 33 34 35 36 37 38 39 40 41 42 43 44 45 46 47 48 49 50 51 52 20 17 53 54 6 5 1 1 3 2 4
https://downshiftology.com/courses/sauces-dressings/
505:  0 1 1 2 3 4 5 6 7 8 9 10 11 12 0 13 13 14 15 16 17 18 19 20 21 22 23 24 25 26 27 28 29 30 31 32 33 34 35 36 37 38 39 40 41 42 43 44 45 46 47 48 49 50 51 52 17 20 53 54 0 15 94 515 470 488 471 516 517 518 519 520 347 521 522 523 524 93 92 480 525 526 527 528 529 111 530 530 7 8 9 10 11 12 13 95 96 97 98 1 99 2 54 100 7 9 11 12 101 102 103 104 0 0 13 13 14 15 16 17 18 19 20 21 22 23 24 25 26 27 28 29 30 31 32 33 34 35 36 37 38 39 40 41 42 43 44 45 46 47 48 49 50 51 52 20 17 53 54 6 5 1 1 3 2 4
https://downshiftology.com/recipes/how-to-make-homemade-nutella/
515:  0 1 1 2 3 4 5 6 7 8 9 10 11 12 0 13 13 14 15 16 17 18 19 20 21 22 23 24 25 26 27 28 29 30 31 32 33 34 35 36 37 38 39 40 41 42 43 44 45 46 47 48 49 50 51 52 17 20 53 54 0 137 15 18 1 515 102 515 515 138 139 140 110 347 511 531 532 533 149 142 534 535 136 536 151 537 538 148 539 183 1 540 158 515 117 160 371 541 318 161 542 335 515 543 543 544 515 544 515 544 515 544 515 544 515 1 544 515 544 515 544 515 544 515 544 515 544 515 544 515 544 515 544 515 544 515 544 515 544 515 544 515 544 515 1 544 515 544 515 544 515 544 515 544 515 544 515 544 515 544 515 544 515 544 515 1 544 515 544 515 544 515 544 515 544 515 544 515 544 515 544 515 544 515 544 515 544 515 544 515 1 544 515 544 515 1 544 515 544 515 1 544 515 544 515 1 544 515 543 543 1 1 7 8 9 10 11 12 7 8 9 10 11 12 13 95 96 97 98 1 99 2 54 100 7 9 11 12 101 102 103 104 0 0 13 13 14 15 16 17 18 19 20 21 22 23 24 25 26 27 28 29 30 31 32 33 34 35 36 37 38 39 40 41 42 43 44 45 46 47 48 49 50 51 52 20 17 53 54 6 5 1 1 3 2 4
https://downshiftology.com/recipes/how-to-make-homemade-nutella/comment-page-2/
544:  0 1 1 2 3 4 5 6 7 8 9 10 11 12 0 13 13 14 15 16 17 18 19 20 21 22 23 24 25 26 27 28 29 30 31 32 33 34 35 36 37 38 39 40 41 42 43 44 45 46 47 48 49 50 51 52 17 20 53 54 0 137 15 18 1 515 102 544 544 138 139 140 110 347 511 531 532 533 149 142 534 535 136 536 151 537 538 148 539 183 1 540 158 544 117 160 162 545 546 293 542 335 544 543 543 544 544 544 544 544 544 544 544 544 544 1 544 544 544 544 544 544 544 544 544 544 544 544 544 544 544 544 544 544 544 544 544 544 544 544 544 544 544 544 1 544 544 544 544 544 544 544 544 544 544 544 544 544 544 544 544 544 544 544 544 1 544 544 544 544 544 544 544 544 544 544 544 544 544 544 544 544 544 544 544 544 544 544 544 544 1 544 544 544 544 1 544 544 544 544 1 544 544 544 544 1 544 544 543 543 1 1 7 8 9 10 11 12 7 8 9 10 11 12 13 95 96 97 98 1 99 2 54 100 7 9 11 12 101 102 103 104 0 0 13 13 14 15 16 17 18 19 20 21 22 23 24 25 26 27 28 29 30 31 32 33 34 35 36 37 38 39 40 41 42 43 44 45 46 47 48 49 50 51 52 20 17 53 54 6 5 1 1 3 2 4
https://downshiftology.com/pantry-organization-ideas-tips-healthy/
545:  0 1 1 2 3 4 5 6 7 8 9 10 11 12 0 13 13 14 15 16 17 18 19 20 21 22 23 24 25 26 27 28 29 30 31 32 33 34 35 36 37 38 39 40 41 42 43 44 45 46 47 48 49 50 51 52 17 20 53 54 0 6 387 1 545 102 138 139 140 437 12 547 548 549 550 551 552 553 554 555 556 557 558 453 559 560 561 562 563 564 565 566 567 568 569 570 571 572 573 574 575 576 577 578 579 580 581 582 459 438 583 437 584 545 585 585 586 545 586 545 586 545 1 586 545 586 545 586 545 375 586 545 586 545 587 586 545 586 545 586 545 586 545 586 545 588 586 545 586 545 586 545 586 545 585 585 1 1 7 8 9 10 11 12 7 8 9 10 11 12 13 95 96 97 98 1 99 2 54 100 7 9 11 12 101 102 103 104 0 0 13 13 14 15 16 17 18 19 20 21 22 23 24 25 26 27 28 29 30 31 32 33 34 35 36 37 38 39 40 41 42 43 44 45 46 47 48 49 50 51 52 20 17 53 54 6 5 1 1 3 2 4
https://downshiftology.com/spice-drawer-organization/
582:  0 1 1 2 3 4 5 6 7 8 9 10 11 12 0 13 13 14 15 16 17 18 19 20 21 22 23 24 25 26 27 28 29 30 31 32 33 34 35 36 37 38 39 40 41 42 43 44 45 46 47 48 49 50 51 52 17 20 53 54 0 6 387 1 582 102 138 139 140 545 589 12 590 1 591 592 593 594 595 596 597 598 278 599 251 600 546 601 602 603 604 605 606 607 608 609 610 611 612 601 363 613 487 459 614 615 582 582 582 582 582 1 582 582 582 582 582 582 582 582 582 582 582 582 225 582 582 616 582 582 225 582 582 617 582 582 225 582 582 582 582 225 582 582 618 582 582 225 582 582 619 582 582 225 582 582 582 225 582 620 582 582 225 582 582 621 582 582 231 582 582 582 582 231 582 582 582 582 622 582 582 231 582 582 623 582 582 231 582 582 624 582 582 231 582 582 625 582 582 231 582 582 1 1 7 8 9 10 11 12 7 8 9 10 11 12 13 95 96 97 98 1 99 2 54 100 7 9 11 12 101 102 103 104 0 0 13 13 14 15 16 17 18 19 20 21 22 23 24 25 26 27 28 29 30 31 32 33 34 35 36 37 38 39 40 41 42 43 44 45 46 47 48 49 50 51 52 20 17 53 54 6 5 1 1 3 2 4
https://downshiftology.com/know-true-38-years/
613:  0 1 1 2 3 4 5 6 7 8 9 10 11 12 0 13 13 14 15 16 17 18 19 20 21 22 23 24 25 26 27 28 29 30 31 32 33 34 35 36 37 38 39 40 41 42 43 44 45 46 47 48 49 50 51 52 17 20 53 54 0 6 387 1 613 102 138 139 140 626 627 628 629 630 631 438 613 613 613 613 613 613 613 613 613 613 613 613 613 613 613 632 613 613 613 613 613 613 613 613 613 613 613 613 633 613 613 613 613 225 613 613 613 613 225 613 613 613 613 225 613 613 613 613 231 613 613 613 613 231 613 613 634 613 613 231 613 613 634 613 231 613 613 613 231 613 613 1 1 7 8 9 10 11 12 7 8 9 10 11 12 13 95 96 97 98 1 99 2 54 100 7 9 11 12 101 102 103 104 0 0 13 13 14 15 16 17 18 19 20 21 22 23 24 25 26 27 28 29 30 31 32 33 34 35 36 37 38 39 40 41 42 43 44 45 46 47 48 49 50 51 52 20 17 53 54 6 5 1 1 3 2 4
https://downshiftology.com/do-you-have-like-minded-wellness-friends/
627:  0 1 1 2 3 4 5 6 7 8 9 10 11 12 0 13 13 14 15 16 17 18 19 20 21 22 23 24 25 26 27 28 29 30 31 32 33 34 35 36 37 38 39 40 41 42 43 44 45 46 47 48 49 50 51 52 17 20 53 54 0 6 387 1 627 102 138 139 140 635 636 637 636 161 638 485 463 639 640 627 641 627 627 642 643 627 627 231 627 627 627 627 231 627 627 627 1 1 7 8 9 10 11 12 7 8 9 10 11 12 13 95 96 97 98 1 99 2 54 100 7 9 11 12 101 102 103 104 0 0 13 13 14 15 16 17 18 19 20 21 22 23 24 25 26 27 28 29 30 31 32 33 34 35 36 37 38 39 40 41 42 43 44 45 46 47 48 49 50 51 52 20 17 53 54 6 5 1 1 3 2 4
https://downshiftology.com/3-best-restaurants-in-ubud-for-a-top-notch-dining-experience/
640:  0 1 1 2 3 4 5 6 7 8 9 10 11 12 0 13 13 14 15 16 17 18 19 20 21 22 23 24 25 26 27 28 29 30 31 32 33 34 35 36 37 38 39 40 41 42 43 44 45 46 47 48 49 50 51 52 17 20 53 54 0 5 644 1 640 102 138 139 140 645 646 647 648 649 650 651 652 593 653 594 627 654 640 640 640 655 656 657 640 640 231 640 640 1 1 7 8 9 10 11 12 7 8 9 10 11 12 13 95 96 97 98 1 99 2 54 100 7 9 11 12 101 102 103 104 0 0 13 13 14 15 16 17 18 19 20 21 22 23 24 25 26 27 28 29 30 31 32 33 34 35 36 37 38 39 40 41 42 43 44 45 46 47 48 49 50 51 52 20 17 53 54 6 5 1 1 3 2 4
https://downshiftology.com/travel/city-guides/
644:  0 1 1 2 3 4 5 6 7 8 9 10 11 12 0 13 13 14 15 16 17 18 19 20 21 22 23 24 25 26 27 28 29 30 31 32 33 34 35 36 37 38 39 40 41 42 43 44 45 46 47 48 49 50 51 52 17 20 53 54 0 5 594 658 652 640 659 593 653 660 7 8 9 10 11 12 13 95 96 97 98 1 99 2 54 100 7 9 11 12 101 102 103 104 0 0 13 13 14 15 16 17 18 19 20 21 22 23 24 25 26 27 28 29 30 31 32 33 34 35 36 37 38 39 40 41 42 43 44 45 46 47 48 49 50 51 52 20 17 53 54 6 5 1 1 3 2 4
https://downshiftology.com/gluten-free-lisbon/
658:  0 1 1 2 3 4 5 6 7 8 9 10 11 12 0 13 13 14 15 16 17 18 19 20 21 22 23 24 25 26 27 28 29 30 31 32 33 34 35 36 37 38 39 40 41 42 43 44 45 46 47 48 49 50 51 52 17 20 53 54 0 5 644 1 658 102 138 139 140 661 662 663 664 665 666 667 668 669 670 671 672 673 674 675 676 677 678 679 680 681 682 683 684 685 686 687 688 689 653 659 640 652 690 691 658 658 658 658 658 225 658 658 658 658 225 658 658 658 658 225 658 658 658 658 225 658 658 663 692 658 658 231 658 658 693 658 658 231 658 658 694 658 658 231 658 658 658 658 231 658 658 695 658 658 231 658 658 696 658 658 231 658 658 697 658 658 231 658 658 658 658 231 658 658 1 1 7 8 9 10 11 12 7 8 9 10 11 12 13 95 96 97 98 1 99 2 54 100 7 9 11 12 101 102 103 104 0 0 13 13 14 15 16 17 18 19 20 21 22 23 24 25 26 27 28 29 30 31 32 33 34 35 36 37 38 39 40 41 42 43 44 45 46 47 48 49 50 51 52 20 17 53 54 6 5 1 1 3 2 4
https://downshiftology.com/recipes/salmon-asparagus-salad-blistered-tomatoes/
687:  0 1 1 2 3 4 5 6 7 8 9 10 11 12 0 13 13 14 15 16 17 18 19 20 21 22 23 24 25 26 27 28 29 30 31 32 33 34 35 36 37 38 39 40 41 42 43 44 45 46 47 48 49 50 51 52 17 20 53 54 0 137 15 21 1 687 102 687 138 139 140 698 699 700 658 1 701 158 687 702 117 160 703 704 705 95 208 146 209 433 706 687 687 687 687 687 707 687 687 708 687 687 687 687 658 695 687 687 231 687 687 687 687 231 687 687 709 687 687 231 687 687 1 1 7 8 9 10 11 12 7 8 9 10 11 12 13 95 96 97 98 1 99 2 54 100 7 9 11 12 101 102 103 104 0 0 13 13 14 15 16 17 18 19 20 21 22 23 24 25 26 27 28 29 30 31 32 33 34 35 36 37 38 39 40 41 42 43 44 45 46 47 48 49 50 51 52 20 17 53 54 6 5 1 1 3 2 4
https://downshiftology.com/recipes/roasted-beet-and-kale-salad/
704:  0 1 1 2 3 4 5 6 7 8 9 10 11 12 0 13 13 14 15 16 17 18 19 20 21 22 23 24 25 26 27 28 29 30 31 32 33 34 35 36 37 38 39 40 41 42 43 44 45 46 47 48 49 50 51 52 17 20 53 54 0 137 15 21 1 203 102 704 138 139 140 710 711 712 713 714 715 1 716 158 704 117 160 717 498 705 95 718 111 719 720 721 203 722 723 203 704 231 203 704 724 203 704 231 203 704 203 704 231 203 704 1 1 7 8 9 10 11 12 7 8 9 10 11 12 13 95 96 97 98 1 99 2 54 100 7 9 11 12 101 102 103 104 0 0 13 13 14 15 16 17 18 19 20 21 22 23 24 25 26 27 28 29 30 31 32 33 34 35 36 37 38 39 40 41 42 43 44 45 46 47 48 49 50 51 52 20 17 53 54 6 5 1 1 3 2 4
https://downshiftology.com/wprm_print/recipe/33224
716:  725 716 1 716 716
https://downshiftology.com/roasted-beet-kale-salad/
725:  0 1 1 2 3 4 5 6 7 8 9 10 11 12 0 13 13 14 15 16 17 18 19 20 21 22 23 24 25 26 27 28 29 30 31 32 33 34 35 36 37 38 39 40 41 42 43 44 45 46 47 48 49 50 51 52 17 20 53 54 0 137 15 21 1 203 102 725 138 139 140 710 711 712 713 714 715 1 716 158 725 117 160 717 498 705 95 718 111 719 720 721 203 722 723 203 725 231 203 725 724 203 725 231 203 725 203 725 231 203 725 1 1 7 8 9 10 11 12 7 8 9 10 11 12 13 95 96 97 98 1 99 2 54 100 7 9 11 12 101 102 103 104 0 0 13 13 14 15 16 17 18 19 20 21 22 23 24 25 26 27 28 29 30 31 32 33 34 35 36 37 38 39 40 41 42 43 44 45 46 47 48 49 50 51 52 20 17 53 54 6 5 1 1 3 2 4
https://downshiftology.com/recipes/roasted-beet-blood-orange-mandarin-salad/
717:  0 1 1 2 3 4 5 6 7 8 9 10 11 12 0 13 13 14 15 16 17 18 19 20 21 22 23 24 25 26 27 28 29 30 31 32 33 34 35 36 37 38 39 40 41 42 43 44 45 46 47 48 49 50 51 52 17 20 53 54 0 137 15 21 1 726 102 717 138 139 140 727 117 728 729 730 1 731 158 717 117 160 732 733 734 111 718 222 265 735 736 726 737 726 717 726 717 726 717 738 726 717 739 726 717 726 717 726 717 726 717 382 726 717 726 717 726 717 740 741 742 726 717 231 726 717 743 726 717 231 726 717 1 1 7 8 9 10 11 12 7 8 9 10 11 12 13 95 96 97 98 1 99 2 54 100 7 9 11 12 101 102 103 104 0 0 13 13 14 15 16 17 18 19 20 21 22 23 24 25 26 27 28 29 30 31 32 33 34 35 36 37 38 39 40 41 42 43 44 45 46 47 48 49 50 51 52 20 17 53 54 6 5 1 1 3 2 4
https://downshiftology.com/recipes/mango-coconut-dragon-fruit-smoothie/
736:  0 1 1 2 3 4 5 6 7 8 9 10 11 12 0 13 13 14 15 16 17 18 19 20 21 22 23 24 25 26 27 28 29 30 31 32 33 34 35 36 37 38 39 40 41 42 43 44 45 46 47 48 49 50 51 52 17 20 53 54 0 137 15 19 1 736 102 736 138 139 140 744 745 656 656 746 117 747 748 749 750 751 752 753 1 754 158 736 755 745 117 160 749 397 427 208 146 719 211 726 756 736 736 736 225 736 736 757 736 736 225 736 736 758 759 1 1 7 8 9 10 11 12 7 8 9 10 11 12 13 95 96 97 98 1 99 2 54 100 7 9 11 12 101 102 103 104 0 0 13 13 14 15 16 17 18 19 20 21 22 23 24 25 26 27 28 29 30 31 32 33 34 35 36 37 38 39 40 41 42 43 44 45 46 47 48 49 50 51 52 20 17 53 54 6 5 1 1 3 2 4
https://i2.wp.com/www.downshiftology.com/wp-content/uploads/2015/06/IMG_9928.jpg
747: 
https://i2.wp.com/www.downshiftology.com/wp-content/uploads/2015/06/IMG_9755.jpg
748: 
https://downshiftology.com/recipes/pitaya-smoothie-bowl/
749:  0 1 1 2 3 4 5 6 7 8 9 10 11 12 0 13 13 14 15 16 17 18 19 20 21 22 23 24 25 26 27 28 29 30 31 32 33 34 35 36 37 38 39 40 41 42 43 44 45 46 47 48 49 50 51 52 17 20 53 54 0 137 15 17 1 749 102 749 138 139 140 760 594 761 392 762 735 302 763 1 764 158 749 765 765 117 160 95 110 163 265 766 767 749 768 749 749 749 749 739 749 749 377 749 749 749 749 749 749 225 749 749 749 749 231 749 749 749 749 749 231 749 749 749 749 231 749 749 1 1 7 8 9 10 11 12 7 8 9 10 11 12 13 95 96 97 98 1 99 2 54 100 7 9 11 12 101 102 103 104 0 0 13 13 14 15 16 17 18 19 20 21 22 23 24 25 26 27 28 29 30 31 32 33 34 35 36 37 38 39 40 41 42 43 44 45 46 47 48 49 50 51 52 20 17 53 54 6 5 1 1 3 2 4
https://i2.wp.com/www.downshiftology.com/wp-content/uploads/2015/05/Pitaya-Smoothie-Bowl-5.jpg
760: 
https://downshiftology.com/recipes/dark-cherry-smoothie-bowl/
762:  0 1 1 2 3 4 5 6 7 8 9 10 11 12 0 13 13 14 15 16 17 18 19 20 21 22 23 24 25 26 27 28 29 30 31 32 33 34 35 36 37 38 39 40 41 42 43 44 45 46 47 48 49 50 51 52 17 20 53 54 0 137 15 17 1 762 102 762 138 139 140 769 392 735 302 749 770 771 1 772 158 762 773 774 775 117 160 211 162 776 222 756 397 762 762 762 1 762 762 777 762 762 225 762 762 378 762 762 225 762 762 778 762 762 225 762 762 779 762 762 225 762 762 448 762 762 225 762 762 762 762 225 762 762 762 762 231 762 762 1 1 7 8 9 10 11 12 7 8 9 10 11 12 13 95 96 97 98 1 99 2 54 100 7 9 11 12 101 102 103 104 0 0 13 13 14 15 16 17 18 19 20 21 22 23 24 25 26 27 28 29 30 31 32 33 34 35 36 37 38 39 40 41 42 43 44 45 46 47 48 49 50 51 52 20 17 53 54 6 5 1 1 3 2 4
https://i2.wp.com/www.downshiftology.com/wp-content/uploads/2015/07/dark-cherry-smoothie-bowl-2.jpg
769: 
https://i2.wp.com/www.downshiftology.com/wp-content/uploads/2015/07/dark-cherry-smoothie-bowl-1.jpg
770: 
https://i2.wp.com/www.downshiftology.com/wp-content/uploads/2015/07/dark-cherry-smoothie-bowl-5.jpg
771: 
https://downshiftology.com/wprm_print/recipe/32610
772:  780 772 1 773 774 775
https://downshiftology.com/dark-cherry-smoothie-bowl/
780:  0 1 1 2 3 4 5 6 7 8 9 10 11 12 0 13 13 14 15 16 17 18 19 20 21 22 23 24 25 26 27 28 29 30 31 32 33 34 35 36 37 38 39 40 41 42 43 44 45 46 47 48 49 50 51 52 17 20 53 54 0 137 15 17 1 762 102 780 138 139 140 769 392 735 302 749 770 771 1 772 158 780 773 774 775 117 160 211 162 776 222 756 397 762 762 780 1 762 780 777 762 780 225 762 780 378 762 780 225 762 780 778 762 780 225 762 780 779 762 780 225 762 780 448 762 780 225 762 780 762 780 225 762 780 762 780 231 762 780 1 1 7 8 9 10 11 12 7 8 9 10 11 12 13 95 96 97 98 1 99 2 54 100 7 9 11 12 101 102 103 104 0 0 13 13 14 15 16 17 18 19 20 21 22 23 24 25 26 27 28 29 30 31 32 33 34 35 36 37 38 39 40 41 42 43 44 45 46 47 48 49 50 51 52 20 17 53 54 6 5 1 1 3 2 4
https://downshiftology.com/how-to-make-infused-water-15-vibrant-flavor-combinations/
776:  0 1 1 2 3 4 5 6 7 8 9 10 11 12 0 13 13 14 15 16 17 18 19 20 21 22 23 24 25 26 27 28 29 30 31 32 33 34 35 36 37 38 39 40 41 42 43 44 45 46 47 48 49 50 51 52 17 20 53 54 0 15 19 1 776 102 138 139 140 781 782 783 784 785 783 786 787 788 789 720 397 790 162 290 280 112 642 583 776 776 776 776 776 776 776 1 776 776 791 776 776 776 776 776 776 225 776 776 776 776 776 776 776 776 776 776 225 776 776 792 793 794 723 1 1 7 8 9 10 11 12 7 8 9 10 11 12 13 95 96 97 98 1 99 2 54 100 7 9 11 12 101 102 103 104 0 0 13 13 14 15 16 17 18 19 20 21 22 23 24 25 26 27 28 29 30 31 32 33 34 35 36 37 38 39 40 41 42 43 44 45 46 47 48 49 50 51 52 20 17 53 54 6 5 1 1 3 2 4
https://i2.wp.com/www.downshiftology.com/wp-content/uploads/2015/08/how-to-make-infused-water-8.jpg
788: 
https://i2.wp.com/www.downshiftology.com/wp-content/uploads/2015/08/how-to-make-infused-water-9.jpg
781: 
https://downshiftology.com/recipes/mango-coconut-and-dragon-fruit-smoothie/
790:  0 1 1 2 3 4 5 6 7 8 9 10 11 12 0 13 13 14 15 16 17 18 19 20 21 22 23 24 25 26 27 28 29 30 31 32 33 34 35 36 37 38 39 40 41 42 43 44 45 46 47 48 49 50 51 52 17 20 53 54 0 137 15 19 1 736 102 790 138 139 140 744 745 656 656 746 117 747 748 749 750 751 752 753 1 754 158 790 755 745 117 160 749 397 427 208 146 719 211 726 756 736 736 790 225 736 790 757 736 790 225 736 790 758 759 1 1 7 8 9 10 11 12 7 8 9 10 11 12 13 95 96 97 98 1 99 2 54 100 7 9 11 12 101 102 103 104 0 0 13 13 14 15 16 17 18 19 20 21 22 23 24 25 26 27 28 29 30 31 32 33 34 35 36 37 38 39 40 41 42 43 44 45 46 47 48 49 50 51 52 20 17 53 54 6 5 1 1 3 2 4
https://i2.wp.com/www.downshiftology.com/wp-content/uploads/2015/05/Pitaya-Smoothie-Bowl-1.jpg
763: 
https://downshiftology.com/wprm_print/recipe/33626
764:  795 764 1 765 764 764 765
https://downshiftology.com/pitaya-smoothie-bowl/
795:  0 1 1 2 3 4 5 6 7 8 9 10 11 12 0 13 13 14 15 16 17 18 19 20 21 22 23 24 25 26 27 28 29 30 31 32 33 34 35 36 37 38 39 40 41 42 43 44 45 46 47 48 49 50 51 52 17 20 53 54 0 137 15 17 1 749 102 795 138 139 140 760 594 761 392 762 735 302 763 1 764 158 795 765 765 117 160 95 110 163 265 766 767 749 768 749 795 749 795 739 749 795 377 749 795 749 795 749 795 225 749 795 749 795 231 749 795 749 749 795 231 749 795 749 795 231 749 795 1 1 7 8 9 10 11 12 7 8 9 10 11 12 13 95 96 97 98 1 99 2 54 100 7 9 11 12 101 102 103 104 0 0 13 13 14 15 16 17 18 19 20 21 22 23 24 25 26 27 28 29 30 31 32 33 34 35 36 37 38 39 40 41 42 43 44 45 46 47 48 49 50 51 52 20 17 53 54 6 5 1 1 3 2 4
https://downshiftology.com/recipes/orange-mango-gelatin-gummies/
766:  0 1 1 2 3 4 5 6 7 8 9 10 11 12 0 13 13 14 15 16 17 18 19 20 21 22 23 24 25 26 27 28 29 30 31 32 33 34 35 36 37 38 39 40 41 42 43 44 45 46 47 48 49 50 51 52 17 20 53 54 0 137 15 16 1 766 102 766 138 139 140 796 797 798 799 800 801 802 1 803 158 766 804 805 806 807 117 160 798 209 719 110 95 808 749 766 766 766 766 766 766 766 766 766 708 766 766 766 766 766 766 766 766 766 766 231 766 766 809 575 766 1 1 7 8 9 10 11 12 7 8 9 10 11 12 13 95 96 97 98 1 99 2 54 100 7 9 11 12 101 102 103 104 0 0 13 13 14 15 16 17 18 19 20 21 22 23 24 25 26 27 28 29 30 31 32 33 34 35 36 37 38 39 40 41 42 43 44 45 46 47 48 49 50 51 52 20 17 53 54 6 5 1 1 3 2 4
https://downshiftology.com/recipes/eggplant-salad/
808:  0 1 1 2 3 4 5 6 7 8 9 10 11 12 0 13 13 14 15 16 17 18 19 20 21 22 23 24 25 26 27 28 29 30 31 32 33 34 35 36 37 38 39 40 41 42 43 44 45 46 47 48 49 50 51 52 17 20 53 54 0 137 15 21 1 808 102 808 138 139 140 810 811 812 813 1 814 158 808 815 117 160 704 816 817 776 111 163 223 818 766 808 723 808 808 231 808 808 819 808 808 231 808 808 808 808 231 808 808 820 808 808 231 808 808 820 808 1 1 7 8 9 10 11 12 7 8 9 10 11 12 13 95 96 97 98 1 99 2 54 100 7 9 11 12 101 102 103 104 0 0 13 13 14 15 16 17 18 19 20 21 22 23 24 25 26 27 28 29 30 31 32 33 34 35 36 37 38 39 40 41 42 43 44 45 46 47 48 49 50 51 52 20 17 53 54 6 5 1 1 3 2 4
https://downshiftology.com/recipes/stone-fruit-salad-with-vanilla-honey-syrup/
816:  0 1 1 2 3 4 5 6 7 8 9 10 11 12 0 13 13 14 15 16 17 18 19 20 21 22 23 24 25 26 27 28 29 30 31 32 33 34 35 36 37 38 39 40 41 42 43 44 45 46 47 48 49 50 51 52 17 20 53 54 0 137 15 21 1 721 102 816 138 139 140 821 704 822 823 824 825 826 827 828 829 1 830 158 816 117 160 831 717 832 211 146 162 95 203 833 721 834 721 816 513 721 816 721 816 835 721 816 721 816 504 721 816 721 816 836 721 816 721 816 837 838 723 1 1 7 8 9 10 11 12 7 8 9 10 11 12 13 95 96 97 98 1 99 2 54 100 7 9 11 12 101 102 103 104 0 0 13 13 14 15 16 17 18 19 20 21 22 23 24 25 26 27 28 29 30 31 32 33 34 35 36 37 38 39 40 41 42 43 44 45 46 47 48 49 50 51 52 20 17 53 54 6 5 1 1 3 2 4
https://downshiftology.com/recipes/classic-potato-salad/
832:  0 1 1 2 3 4 5 6 7 8 9 10 11 12 0 13 13 14 15 16 17 18 19 20 21 22 23 24 25 26 27 28 29 30 31 32 33 34 35 36 37 38 39 40 41 42 43 44 45 46 47 48 49 50 51 52 17 20 53 54 0 137 15 21 1 832 102 832 832 138 139 140 767 839 833 840 841 842 61 62 843 257 733 390 258 844 1 845 158 832 846 840 111 847 117 160 222 95 223 162 529 528 832 832 832 832 832 832 832 832 832 832 832 832 832 832 832 832 832 832 832 832 832 832 832 832 832 832 832 832 225 832 832 832 832 832 832 225 832 832 832 832 225 832 832 832 832 832 832 848 832 832 225 832 832 832 832 225 832 832 832 832 832 832 849 832 832 225 832 832 779 832 832 225 832 832 850 832 832 225 832 832 832 832 225 832 832 851 832 832 225 832 832 832 832 832 832 225 832 832 832 832 225 832 832 832 832 832 832 832 832 225 832 832 1 1 7 8 9 10 11 12 7 8 9 10 11 12 13 95 96 97 98 1 99 2 54 100 7 9 11 12 101 102 103 104 0 0 13 13 14 15 16 17 18 19 20 21 22 23 24 25 26 27 28 29 30 31 32 33 34 35 36 37 38 39 40 41 42 43 44 45 46 47 48 49 50 51 52 20 17 53 54 6 5 1 1 3 2 4
https://downshiftology.com/recipes/beef-brisket/
839:  0 1 1 2 3 4 5 6 7 8 9 10 11 12 0 13 13 14 15 16 17 18 19 20 21 22 23 24 25 26 27 28 29 30 31 32 33 34 35 36 37 38 39 40 41 42 43 44 45 46 47 48 49 50 51 52 17 20 53 54 0 137 15 20 1 839 102 839 138 139 140 251 146 258 252 492 232 852 506 853 307 1 854 158 839 855 856 117 160 264 110 146 162 251 196 839 839 839 1 839 839 839 839 839 839 839 839 839 839 839 839 839 839 839 839 1 839 839 839 1 839 839 839 1 839 839 839 839 1 839 839 857 839 839 839 839 839 839 839 839 1 1 7 8 9 10 11 12 7 8 9 10 11 12 13 95 96 97 98 1 99 2 54 100 7 9 11 12 101 102 103 104 0 0 13 13 14 15 16 17 18 19 20 21 22 23 24 25 26 27 28 29 30 31 32 33 34 35 36 37 38 39 40 41 42 43 44 45 46 47 48 49 50 51 52 20 17 53 54 6 5 1 1 3 2 4
https://downshiftology.com/recipes/slow-cooker-kalua-pork/
852:  0 1 1 2 3 4 5 6 7 8 9 10 11 12 0 13 13 14 15 16 17 18 19 20 21 22 23 24 25 26 27 28 29 30 31 32 33 34 35 36 37 38 39 40 41 42 43 44 45 46 47 48 49 50 51 52 17 20 53 54 0 137 15 20 1 852 102 852 138 139 140 858 859 114 860 1 861 158 852 862 117 160 233 311 278 162 222 210 223 863 864 852 852 852 1 852 852 852 852 852 852 865 852 852 852 852 866 852 852 852 852 852 852 852 852 852 852 852 852 1 852 852 852 852 852 852 852 852 225 852 852 867 868 852 852 231 852 852 852 852 231 852 852 852 852 231 852 852 852 852 231 852 852 869 852 852 231 852 852 870 852 852 231 852 852 1 1 7 8 9 10 11 12 7 8 9 10 11 12 13 95 96 97 98 1 99 2 54 100 7 9 11 12 101 102 103 104 0 0 13 13 14 15 16 17 18 19 20 21 22 23 24 25 26 27 28 29 30 31 32 33 34 35 36 37 38 39 40 41 42 43 44 45 46 47 48 49 50 51 52 20 17 53 54 6 5 1 1 3 2 4
https://downshiftology.com/recipes/roasted-branzino-citrus-pesto/
864:  0 1 1 2 3 4 5 6 7 8 9 10 11 12 0 13 13 14 15 16 17 18 19 20 21 22 23 24 25 26 27 28 29 30 31 32 33 34 35 36 37 38 39 40 41 42 43 44 45 46 47 48 49 50 51 52 17 20 53 54 0 137 15 20 1 864 102 864 138 139 140 658 1 871 158 864 117 160 872 78 687 873 290 776 222 719 852 269 864 864 864 864 864 874 864 864 231 864 864 864 864 231 864 864 864 864 231 864 864 864 864 231 864 864 875 864 864 231 864 864 1 1 7 8 9 10 11 12 7 8 9 10 11 12 13 95 96 97 98 1 99 2 54 100 7 9 11 12 101 102 103 104 0 0 13 13 14 15 16 17 18 19 20 21 22 23 24 25 26 27 28 29 30 31 32 33 34 35 36 37 38 39 40 41 42 43 44 45 46 47 48 49 50 51 52 20 17 53 54 6 5 1 1 3 2 4
https://downshiftology.com/recipes/grilled-fish-tacos-with-citrus-carrot-slaw/
872:  0 1 1 2 3 4 5 6 7 8 9 10 11 12 0 13 13 14 15 16 17 18 19 20 21 22 23 24 25 26 27 28 29 30 31 32 33 34 35 36 37 38 39 40 41 42 43 44 45 46 47 48 49 50 51 52 17 20 53 54 0 137 15 20 1 872 102 872 138 139 140 876 860 59 57 233 598 269 77 877 842 878 1 879 158 872 860 860 880 881 117 160 208 163 719 210 842 882 872 872 872 1 872 872 872 872 872 872 872 872 872 872 872 872 872 872 872 872 883 872 872 872 872 872 872 225 872 872 884 872 872 872 872 872 872 225 872 872 885 872 872 225 872 872 886 872 872 225 872 872 872 872 225 872 872 887 872 872 225 872 872 888 872 872 225 872 872 872 872 872 872 231 872 872 889 872 872 231 872 872 872 872 231 872 872 1 1 7 8 9 10 11 12 7 8 9 10 11 12 13 95 96 97 98 1 99 2 54 100 7 9 11 12 101 102 103 104 0 0 13 13 14 15 16 17 18 19 20 21 22 23 24 25 26 27 28 29 30 31 32 33 34 35 36 37 38 39 40 41 42 43 44 45 46 47 48 49 50 51 52 20 17 53 54 6 5 1 1 3 2 4
https://downshiftology.com/recipes/baked-cod/
876:  0 1 1 2 3 4 5 6 7 8 9 10 11 12 0 13 13 14 15 16 17 18 19 20 21 22 23 24 25 26 27 28 29 30 31 32 33 34 35 36 37 38 39 40 41 42 43 44 45 46 47 48 49 50 51 52 17 20 53 54 0 137 15 20 1 876 102 876 138 139 140 890 22 346 352 496 253 226 494 891 406 892 277 893 894 426 1 895 158 876 117 160 223 210 776 146 896 60 876 876 876 876 876 876 876 1 876 876 876 876 876 876 876 876 876 876 375 876 876 876 876 876 876 876 876 876 876 876 876 876 876 876 876 876 876 876 876 876 876 876 876 876 876 876 876 876 876 876 876 876 876 876 876 876 876 876 876 876 876 876 876 876 876 876 876 876 876 876 876 876 876 876 876 876 876 876 876 876 876 876 876 876 876 876 876 876 876 876 876 876 876 876 876 876 876 876 876 876 876 876 876 876 876 876 876 876 876 876 876 876 876 876 876 876 876 876 1 876 876 876 876 876 876 876 876 876 876 876 876 876 876 876 876 876 876 876 876 876 876 876 876 1 876 876 876 876 1 876 876 876 876 876 876 876 876 876 876 876 876 876 876 897 876 876 898 876 876 876 876 876 876 876 876 876 876 876 876 514 876 876 876 876 876 876 1 876 876 876 876 1 1 7 8 9 10 11 12 7 8 9 10 11 12 13 95 96 97 98 1 99 2 54 100 7 9 11 12 101 102 103 104 0 0 13 13 14 15 16 17 18 19 20 21 22 23 24 25 26 27 28 29 30 31 32 33 34 35 36 37 38 39 40 41 42 43 44 45 46 47 48 49 50 51 52 20 17 53 54 6 5 1 1 3 2 4
https://downshiftology.com/recipes/spicy-deviled-eggs/
896:  0 1 1 2 3 4 5 6 7 8 9 10 11 12 0 13 13 14 15 16 17 18 19 20 21 22 23 24 25 26 27 28 29 30 31 32 33 34 35 36 37 38 39 40 41 42 43 44 45 46 47 48 49 50 51 52 17 20 53 54 0 137 15 16 1 896 102 896 138 139 140 66 899 900 260 27 241 843 901 237 87 1 902 158 896 903 904 905 906 117 160 163 110 265 208 482 876 896 907 896 896 908 896 896 896 896 909 896 896 896 896 910 896 896 896 896 896 896 896 896 911 896 896 1 896 896 835 896 896 896 896 912 896 896 896 896 1 1 7 8 9 10 11 12 7 8 9 10 11 12 13 95 96 97 98 1 99 2 54 100 7 9 11 12 101 102 103 104 0 0 13 13 14 15 16 17 18 19 20 21 22 23 24 25 26 27 28 29 30 31 32 33 34 35 36 37 38 39 40 41 42 43 44 45 46 47 48 49 50 51 52 20 17 53 54 6 5 1 1 3 2 4
https://downshiftology.com/recipes/bacon-deviled-eggs/
899:  0 1 1 2 3 4 5 6 7 8 9 10 11 12 0 13 13 14 15 16 17 18 19 20 21 22 23 24 25 26 27 28 29 30 31 32 33 34 35 36 37 38 39 40 41 42 43 44 45 46 47 48 49 50 51 52 17 20 53 54 0 137 15 16 1 899 102 899 138 139 140 840 111 236 843 257 913 66 67 202 216 72 312 914 287 915 900 896 1 916 158 899 66 917 117 160 718 163 290 111 472 253 899 899 899 899 899 1 899 899 899 899 899 899 899 899 899 899 918 899 899 899 899 899 899 899 899 899 899 899 899 899 899 899 899 899 899 899 899 899 899 899 1 1 7 8 9 10 11 12 7 8 9 10 11 12 13 95 96 97 98 1 99 2 54 100 7 9 11 12 101 102 103 104 0 0 13 13 14 15 16 17 18 19 20 21 22 23 24 25 26 27 28 29 30 31 32 33 34 35 36 37 38 39 40 41 42 43 44 45 46 47 48 49 50 51 52 20 17 53 54 6 5 1 1 3 2 4
https://downshiftology.com/recipes/cobb-salad/
913:  0 1 1 2 3 4 5 6 7 8 9 10 11 12 0 13 13 14 15 16 17 18 19 20 21 22 23 24 25 26 27 28 29 30 31 32 33 34 35 36 37 38 39 40 41 42 43 44 45 46 47 48 49 50 51 52 17 20 53 54 0 137 15 21 1 913 102 913 913 138 139 140 919 94 920 921 236 259 840 361 922 843 61 390 923 844 64 924 1 925 158 913 919 840 236 259 926 117 160 163 112 110 457 843 927 913 928 913 913 913 913 866 913 913 913 913 913 913 913 913 929 913 913 913 913 913 913 913 913 913 913 913 913 913 913 913 913 913 913 225 913 913 375 913 913 225 913 913 913 913 913 913 930 913 913 225 913 913 929 913 913 225 913 913 931 913 913 225 913 913 932 913 913 225 913 913 778 913 913 225 913 913 1 1 7 8 9 10 11 12 7 8 9 10 11 12 13 95 96 97 98 1 99 2 54 100 7 9 11 12 101 102 103 104 0 0 13 13 14 15 16 17 18 19 20 21 22 23 24 25 26 27 28 29 30 31 32 33 34 35 36 37 38 39 40 41 42 43 44 45 46 47 48 49 50 51 52 20 17 53 54 6 5 1 1 3 2 4
https://downshiftology.com/recipes/greek-salad-dressing/
919:  0 1 1 2 3 4 5 6 7 8 9 10 11 12 0 13 13 14 15 16 17 18 19 20 21 22 23 24 25 26 27 28 29 30 31 32 33 34 35 36 37 38 39 40 41 42 43 44 45 46 47 48 49 50 51 52 17 20 53 54 0 137 15 505 1 919 102 919 919 138 139 140 933 934 935 582 844 936 937 94 273 938 939 1 940 158 919 260 941 117 160 545 208 719 363 287 844 919 942 942 943 919 943 919 943 919 943 919 943 919 1 943 919 943 919 943 919 943 919 943 919 943 919 943 919 943 919 943 919 943 919 943 919 943 919 943 919 943 919 942 942 1 1 7 8 9 10 11 12 7 8 9 10 11 12 13 95 96 97 98 1 99 2 54 100 7 9 11 12 101 102 103 104 0 0 13 13 14 15 16 17 18 19 20 21 22 23 24 25 26 27 28 29 30 31 32 33 34 35 36 37 38 39 40 41 42 43 44 45 46 47 48 49 50 51 52 20 17 53 54 6 5 1 1 3 2 4
https://downshiftology.com/recipes/greek-chicken-salad/
936:  0 1 1 2 3 4 5 6 7 8 9 10 11 12 0 13 13 14 15 16 17 18 19 20 21 22 23 24 25 26 27 28 29 30 31 32 33 34 35 36 37 38 39 40 41 42 43 44 45 46 47 48 49 50 51 52 17 20 53 54 0 137 15 21 1 936 102 936 138 139 140 844 919 332 937 316 408 62 61 64 944 945 1 946 158 936 947 117 160 776 222 163 95 332 948 936 936 936 936 936 949 936 936 936 936 936 936 936 936 936 936 936 936 936 936 936 936 936 936 936 936 936 936 950 936 936 936 936 951 936 936 936 936 952 936 936 936 936 936 936 936 936 1 1 7 8 9 10 11 12 7 8 9 10 11 12 13 95 96 97 98 1 99 2 54 100 7 9 11 12 101 102 103 104 0 0 13 13 14 15 16 17 18 19 20 21 22 23 24 25 26 27 28 29 30 31 32 33 34 35 36 37 38 39 40 41 42 43 44 45 46 47 48 49 50 51 52 20 17 53 54 6 5 1 1 3 2 4
https://downshiftology.com/recipes/caprese-salad/
944:  0 1 1 2 3 4 5 6 7 8 9 10 11 12 0 13 13 14 15 16 17 18 19 20 21 22 23 24 25 26 27 28 29 30 31 32 33 34 35 36 37 38 39 40 41 42 43 44 45 46 47 48 49 50 51 52 17 20 53 54 0 137 15 21 1 944 102 944 944 138 139 140 953 954 955 527 844 1 956 158 944 953 117 160 208 372 957 95 958 525 944 944 944 225 944 944 944 944 959 960 944 944 225 944 944 944 944 225 944 944 382 944 944 225 944 944 944 944 225 944 944 378 944 944 225 944 944 1 1 7 8 9 10 11 12 7 8 9 10 11 12 13 95 96 97 98 1 99 2 54 100 7 9 11 12 101 102 103 104 0 0 13 13 14 15 16 17 18 19 20 21 22 23 24 25 26 27 28 29 30 31 32 33 34 35 36 37 38 39 40 41 42 43 44 45 46 47 48 49 50 51 52 20 17 53 54 6 5 1 1 3 2 4
https://downshiftology.com/recipes/israeli-salad/
945:  0 1 1 2 3 4 5 6 7 8 9 10 11 12 0 13 13 14 15 16 17 18 19 20 21 22 23 24 25 26 27 28 29 30 31 32 33 34 35 36 37 38 39 40 41 42 43 44 45 46 47 48 49 50 51 52 17 20 53 54 0 137 15 21 1 945 102 945 138 139 140 844 961 67 60 962 923 366 495 1 963 158 945 117 160 209 111 210 776 525 964 945 945 945 945 945 945 945 945 945 945 945 945 945 945 945 945 945 945 945 945 945 945 945 945 945 945 945 965 945 945 945 945 945 945 945 945 945 945 225 945 945 945 945 225 945 945 945 945 945 945 945 225 945 945 945 945 225 945 945 945 945 225 945 945 945 945 945 945 225 945 945 945 945 225 945 945 966 945 945 225 945 945 382 945 945 225 945 945 967 945 945 225 945 945 1 1 7 8 9 10 11 12 7 8 9 10 11 12 13 95 96 97 98 1 99 2 54 100 7 9 11 12 101 102 103 104 0 0 13 13 14 15 16 17 18 19 20 21 22 23 24 25 26 27 28 29 30 31 32 33 34 35 36 37 38 39 40 41 42 43 44 45 46 47 48 49 50 51 52 20 17 53 54 6 5 1 1 3 2 4
https://downshiftology.com/wprm_print/recipe/48916
946:  968 946 1 947
https://downshiftology.com/recipes/shrimp-fajitas/
948:  0 1 1 2 3 4 5 6 7 8 9 10 11 12 0 13 13 14 15 16 17 18 19 20 21 22 23 24 25 26 27 28 29 30 31 32 33 34 35 36 37 38 39 40 41 42 43 44 45 46 47 48 49 50 51 52 17 20 53 54 0 137 15 20 1 948 102 948 138 139 140 63 524 860 56 72 74 521 518 516 75 969 892 894 57 276 395 78 1 970 158 948 860 54 117 160 223 112 222 209 936 330 948 948 948 948 948 948 948 948 948 948 948 948 948 948 948 948 948 948 948 948 948 948 948 971 948 948 948 948 948 948 948 948 948 948 948 948 948 948 948 948 948 948 948 948 972 948 948 948 948 866 948 948 948 948 973 948 948 948 948 948 948 948 948 504 948 948 948 948 948 948 948 948 1 1 7 8 9 10 11 12 7 8 9 10 11 12 13 95 96 97 98 1 99 2 54 100 7 9 11 12 101 102 103 104 0 0 13 13 14 15 16 17 18 19 20 21 22 23 24 25 26 27 28 29 30 31 32 33 34 35 36 37 38 39 40 41 42 43 44 45 46 47 48 49 50 51 52 20 17 53 54 6 5 1 1 3 2 4
https://downshiftology.com/recipes/greek-chicken-kabobs/
937:  0 1 1 2 3 4 5 6 7 8 9 10 11 12 0 13 13 14 15 16 17 18 19 20 21 22 23 24 25 26 27 28 29 30 31 32 33 34 35 36 37 38 39 40 41 42 43 44 45 46 47 48 49 50 51 52 17 20 53 54 0 137 15 20 1 937 102 937 138 139 140 316 520 519 67 962 945 961 95 26 974 71 63 61 332 506 275 1 975 158 937 520 976 117 160 208 290 110 776 151 490 937 937 937 937 937 937 937 1 937 937 937 937 1 937 937 937 937 937 937 937 937 937 937 937 937 937 937 937 937 937 937 937 937 937 937 1 937 937 225 937 937 1 937 937 907 937 937 908 937 937 977 937 937 937 937 937 937 937 937 937 937 937 937 937 937 937 937 937 937 937 937 937 937 1 1 7 8 9 10 11 12 7 8 9 10 11 12 13 95 96 97 98 1 99 2 54 100 7 9 11 12 101 102 103 104 0 0 13 13 14 15 16 17 18 19 20 21 22 23 24 25 26 27 28 29 30 31 32 33 34 35 36 37 38 39 40 41 42 43 44 45 46 47 48 49 50 51 52 20 17 53 54 6 5 1 1 3 2 4
https://downshiftology.com/recipes/one-pan-chicken-and-rice/
974:  0 1 1 2 3 4 5 6 7 8 9 10 11 12 0 13 13 14 15 16 17 18 19 20 21 22 23 24 25 26 27 28 29 30 31 32 33 34 35 36 37 38 39 40 41 42 43 44 45 46 47 48 49 50 51 52 17 20 53 54 0 137 15 20 1 974 102 974 974 138 139 140 937 978 349 26 71 332 63 184 979 506 61 316 1 980 158 974 981 117 160 318 545 719 259 982 983 974 984 984 985 974 1 985 974 985 974 985 974 985 974 985 974 985 974 985 974 985 974 985 974 985 974 985 974 985 974 985 974 985 974 985 974 985 974 985 974 985 974 985 974 985 974 985 974 985 974 985 974 985 974 985 974 985 974 985 974 985 974 985 974 985 974 985 974 985 974 985 974 985 974 985 974 1 985 974 985 974 985 974 986 985 974 985 974 985 974 985 974 985 974 985 974 985 974 985 974 985 974 985 974 985 974 985 974 985 974 985 974 985 974 985 974 985 974 985 974 985 974 985 974 985 974 985 974 1 985 974 985 974 985 974 985 974 985 974 985 974 985 974 985 974 985 974 985 974 985 974 985 974 985 974 985 974 985 974 985 974 1 985 974 985 974 1 985 974 985 974 985 974 985 974 985 974 985 974 985 974 985 974 1 985 974 985 974 985 974 985 974 985 985 974 985 974 984 984 1 1 7 8 9 10 11 12 7 8 9 10 11 12 13 95 96 97 98 1 99 2 54 100 7 9 11 12 101 102 103 104 0 0 13 13 14 15 16 17 18 19 20 21 22 23 24 25 26 27 28 29 30 31 32 33 34 35 36 37 38 39 40 41 42 43 44 45 46 47 48 49 50 51 52 20 17 53 54 6 5 1 1 3 2 4
https://downshiftology.com/wprm_print/recipe/44909
975:  987 975 1 975 975 520 976
https://downshiftology.com/recipes/champagne-vinaigrette/
938:  0 1 1 2 3 4 5 6 7 8 9 10 11 12 0 13 13 14 15 16 17 18 19 20 21 22 23 24 25 26 27 28 29 30 31 32 33 34 35 36 37 38 39 40 41 42 43 44 45 46 47 48 49 50 51 52 17 20 53 54 0 137 15 505 1 938 102 938 938 138 139 140 285 260 94 480 920 273 939 919 1 988 158 938 260 941 117 160 163 457 776 293 844 285 938 938 938 938 938 1 938 938 938 938 938 938 938 938 225 938 938 938 938 225 938 938 938 938 938 938 938 938 225 938 938 938 938 225 938 938 989 938 938 225 938 938 990 938 938 225 938 938 938 938 225 938 938 777 938 938 225 938 938 849 938 938 225 938 938 991 938 938 225 938 938 938 938 225 938 938 992 938 938 225 938 938 938 938 225 938 938 938 938 225 938 938 1 1 7 8 9 10 11 12 7 8 9 10 11 12 13 95 96 97 98 1 99 2 54 100 7 9 11 12 101 102 103 104 0 0 13 13 14 15 16 17 18 19 20 21 22 23 24 25 26 27 28 29 30 31 32 33 34 35 36 37 38 39 40 41 42 43 44 45 46 47 48 49 50 51 52 20 17 53 54 6 5 1 1 3 2 4
https://downshiftology.com/wprm_print/recipe/33269
988:  993 988 1 988 988 260 941
https://downshiftology.com/recipes/lemon-tahini-dressing/
939:  0 1 1 2 3 4 5 6 7 8 9 10 11 12 0 13 13 14 15 16 17 18 19 20 21 22 23 24 25 26 27 28 29 30 31 32 33 34 35 36 37 38 39 40 41 42 43 44 45 46 47 48 49 50 51 52 17 20 53 54 0 137 15 505 1 939 102 939 939 138 139 140 525 12 221 216 582 525 517 308 1 994 158 939 221 117 160 719 110 292 84 995 277 939 939 939 1 939 939 939 939 939 939 939 939 939 939 939 939 996 939 939 939 939 939 939 939 939 939 939 939 939 377 939 939 939 939 997 939 939 939 939 939 939 939 939 939 939 939 939 231 939 939 998 939 939 231 939 939 939 939 231 939 939 999 939 939 231 939 939 939 939 231 939 939 939 939 231 939 939 1 1 7 8 9 10 11 12 7 8 9 10 11 12 13 95 96 97 98 1 99 2 54 100 7 9 11 12 101 102 103 104 0 0 13 13 14 15 16 17 18 19 20 21 22 23 24 25 26 27 28 29 30 31 32 33 34 35 36 37 38 39 40 41 42 43 44 45 46 47 48 49 50 51 52 20 17 53 54 6 5 1 1 3 2 4
https://downshiftology.com/wprm_print/recipe/33864
994:  1000 994 1 221 994 994
https://downshiftology.com/recipes/chocolate-chip-tahini-cookies/
995:  0 1 1 2 3 4 5 6 7 8 9 10 11 12 0 13 13 14 15 16 17 18 19 20 21 22 23 24 25 26 27 28 29 30 31 32 33 34 35 36 37 38 39 40 41 42 43 44 45 46 47 48 49 50 51 52 17 20 53 54 0 137 15 18 1 995 102 995 138 139 140 373 1001 221 1002 546 1003 1004 112 1 1005 158 995 221 221 1006 1007 1008 1009 117 160 223 209 163 111 221 939 995 995 995 995 995 995 995 995 995 1010 995 995 1 995 995 995 995 1 995 995 995 995 1 995 995 995 995 1 995 995 995 995 995 995 995 995 1 995 995 995 995 995 995 995 995 995 995 995 995 995 995 995 995 995 995 995 995 995 225 995 995 995 995 995 225 995 995 995 995 225 995 995 995 995 225 995 995 995 1011 995 995 225 995 995 995 995 995 995 995 225 995 995 995 995 231 995 995 995 995 231 995 995 995 995 231 995 995 448 995 995 231 995 995 995 995 231 995 995 995 995 231 995 995 995 995 995 995 231 995 995 1012 995 995 231 995 995 995 995 231 995 995 995 231 995 1 1 7 8 9 10 11 12 7 8 9 10 11 12 13 95 96 97 98 1 99 2 54 100 7 9 11 12 101 102 103 104 0 0 13 13 14 15 16 17 18 19 20 21 22 23 24 25 26 27 28 29 30 31 32 33 34 35 36 37 38 39 40 41 42 43 44 45 46 47 48 49 50 51 52 20 17 53 54 6 5 1 1 3 2 4
https://downshiftology.com/wprm_print/recipe/33275
940:  1013 940 1 940 940 260 941
https://downshiftology.com/greek-salad-dressing/
1013:  0 1 1 2 3 4 5 6 7 8 9 10 11 12 0 13 13 14 15 16 17 18 19 20 21 22 23 24 25 26 27 28 29 30 31 32 33 34 35 36 37 38 39 40 41 42 43 44 45 46 47 48 49 50 51 52 17 20 53 54 0 137 15 505 1 919 102 1013 1013 138 139 140 933 934 935 582 844 936 937 94 273 938 939 1 940 158 1013 260 941 117 160 545 208 719 363 287 844 919 942 942 943 1013 943 1013 943 1013 943 1013 943 1013 1 943 1013 943 1013 943 1013 943 1013 943 1013 943 1013 943 1013 943 1013 943 1013 943 1013 943 1013 943 1013 943 1013 943 1013 942 942 1 1 7 8 9 10 11 12 7 8 9 10 11 12 13 95 96 97 98 1 99 2 54 100 7 9 11 12 101 102 103 104 0 0 13 13 14 15 16 17 18 19 20 21 22 23 24 25 26 27 28 29 30 31 32 33 34 35 36 37 38 39 40 41 42 43 44 45 46 47 48 49 50 51 52 20 17 53 54 6 5 1 1 3 2 4
https://downshiftology.com/meal-prep-summer-light-fresh-meal-prep-recipes/
941:  0 1 1 2 3 4 5 6 7 8 9 10 11 12 0 13 13 14 15 16 17 18 19 20 21 22 23 24 25 26 27 28 29 30 31 32 33 34 35 36 37 38 39 40 41 42 43 44 45 46 47 48 49 50 51 52 17 20 53 54 0 6 387 1 941 102 138 139 140 12 259 957 840 938 919 532 83 287 257 844 285 1014 1015 1016 1017 1018 1019 331 1020 613 452 1021 1022 292 295 941 1023 941 941 941 941 941 941 941 941 1024 941 941 941 941 941 941 941 941 941 941 941 941 941 941 1025 941 941 941 941 941 941 941 941 225 941 941 941 941 225 941 941 941 941 225 941 941 941 941 941 941 225 941 941 225 941 941 225 941 941 941 225 941 941 941 225 941 941 941 941 225 941 941 941 941 225 941 941 941 941 225 941 941 941 941 225 941 941 941 941 225 941 941 941 941 225 941 1026 1027 545 941 941 225 941 941 941 941 225 941 941 1028 941 941 225 941 941 941 941 225 941 941 1029 941 941 225 941 941 941 941 225 941 941 941 941 225 941 941 941 941 225 941 941 941 941 225 941 941 941 941 225 941 941 941 941 225 941 941 1030 941 941 1 1 7 8 9 10 11 12 7 8 9 10 11 12 13 95 96 97 98 1 99 2 54 100 7 9 11 12 101 102 103 104 0 0 13 13 14 15 16 17 18 19 20 21 22 23 24 25 26 27 28 29 30 31 32 33 34 35 36 37 38 39 40 41 42 43 44 45 46 47 48 49 50 51 52 20 17 53 54 6 5 1 1 3 2 4
https://downshiftology.com/my-healed-life-interview-on-jessica-sepel/
1021:  0 1 1 2 3 4 5 6 7 8 9 10 11 12 0 13 13 14 15 16 17 18 19 20 21 22 23 24 25 26 27 28 29 30 31 32 33 34 35 36 37 38 39 40 41 42 43 44 45 46 47 48 49 50 51 52 17 20 53 54 0 6 387 1 1021 102 138 139 140 1031 1032 1033 455 613 1034 293 654 1035 1021 1021 1021 231 1021 1021 1 1 7 8 9 10 11 12 7 8 9 10 11 12 13 95 96 97 98 1 99 2 54 100 7 9 11 12 101 102 103 104 0 0 13 13 14 15 16 17 18 19 20 21 22 23 24 25 26 27 28 29 30 31 32 33 34 35 36 37 38 39 40 41 42 43 44 45 46 47 48 49 50 51 52 20 17 53 54 6 5 1 1 3 2 4
