https://www.closetcooking.com/
0:  0 0 0 0 1 2 3 4 5 6 7 8 9 10 1 11 12 13 1 14 15 16 17 18 19 20 1 21 22 23 24 25 26 27 28 29 1 30 31 32 33 34 35 36 37 38 1 39 40 41 42 43 44 45 46 1 47 48 49 50 51 52 53 54 48 55 55 55 56 56 56 57 57 57 58 58 58 59 60 60 60 61 61 61 62 62 62 63 63 63 64 64 64 65 65 65 66 67 68 69 70 71 72 73 74 75 76 77 78 79 80 68 49 81 82
https://www.closetcooking.com/recipe-index/
1:  1 1 1 0 1 2 3 4 5 6 7 8 9 10 1 11 12 13 1 14 15 16 17 18 19 20 1 21 22 23 24 25 26 27 28 29 1 30 31 32 33 34 35 36 37 38 1 39 40 41 42 43 44 45 46 1 47 48 49 50 51 52 53 54 48 83 3 4 6 5 84 11 12 13 10 9 85 7 8 14 15 86 17 87 16 18 19 20 88 89 21 90 91 22 92 93 94 95 23 96 97 98 99 24 100 25 26 101 102 27 103 104 105 106 28 107 108 29 109 110 111 30 31 112 113 114 32 115 9 33 116 117 118 119 120 121 122 123 34 124 125 126 35 127 128 129 130 36 131 37 132 38 133 134 135 136 137 138 39 40 41 139 140 42 43 44 141 45 46 142 143 144 67 68 69 70 71 72 73 74 75 76 77 78 79 80 68 49 81 82
https://www.closetcooking.com/category/quick-bread/
128:  128 128 128 0 1 2 3 4 5 6 7 8 9 10 1 11 12 13 1 14 15 16 17 18 19 20 1 21 22 23 24 25 26 27 28 29 1 30 31 32 33 34 35 36 37 38 1 39 40 41 42 43 44 45 46 1 47 48 49 50 51 52 53 54 48 145 145 146 146 147 147 148 148 149 149 150 150 151 151 152 152 153 153 154 154 155 155 156 156 157 157 158 158 159 159 160 160 161 161 162 162 163 163 164 164 165 165 166 166 167 167 168 168 169 169 170 170 171 171 172 172 173 173 174 174 175 175 176 176 177 177 178 178 179 179 180 180 67 68 69 70 71 72 73 74 75 76 77 78 79 80 68 49 81 82
https://www.closetcooking.com/coconut-pineapple-banana-bread/
145:  145 145 145 0 1 2 3 4 5 6 7 8 9 10 1 11 12 13 1 14 15 16 17 18 19 20 1 21 22 23 24 25 26 27 28 29 1 30 31 32 33 34 35 36 37 38 1 39 40 41 42 43 44 45 46 1 47 48 49 50 51 52 53 54 48 145 181 182 183 181 182 183 184 181 182 183 152 178 179 148 180 185 169 186 163 162 160 158 151 150 149 159 110 85 187 128 143 13 188 188 189 145 145 190 145 145 191 145 145 145 67 68 69 70 71 72 73 74 75 76 77 78 79 80 68 49 81 82
https://www.closetcooking.com/banana-buttermilk-pancakes/
185:  185 185 185 0 1 2 3 4 5 6 7 8 9 10 1 11 12 13 1 14 15 16 17 18 19 20 1 21 22 23 24 25 26 27 28 29 1 30 31 32 33 34 35 36 37 38 1 39 40 41 42 43 44 45 46 1 47 48 49 50 51 52 53 54 48 185 181 182 183 181 182 183 181 182 183 152 192 186 193 194 195 196 149 85 187 140 143 13 188 188 197 185 185 198 185 185 199 185 185 200 185 185 201 185 185 202 185 185 203 185 185 204 185 185 205 185 185 206 185 185 207 185 208 185 209 185 185 210 185 185 211 185 185 212 185 185 213 185 185 214 185 185 215 185 185 216 185 185 217 185 185 218 185 185 219 185 185 220 185 185 221 185 185 222 185 185 223 185 185 224 185 185 225 185 185 226 185 185 227 185 185 228 185 185 229 185 185 230 185 185 231 185 185 232 185 185 185 185 233 185 185 234 185 185 235 185 185 236 185 185 185 185 237 185 185 185 185 238 185 185 185 185 239 185 185 240 185 185 241 185 185 242 185 243 185 185 185 185 67 68 69 70 71 72 73 74 75 76 77 78 79 80 68 49 81 82
https://www.closetcooking.com/mango-pancakes/
192:  192 192 192 0 1 2 3 4 5 6 7 8 9 10 1 11 12 13 1 14 15 16 17 18 19 20 1 21 22 23 24 25 26 27 28 29 1 30 31 32 33 34 35 36 37 38 1 39 40 41 42 43 44 45 46 1 47 48 49 50 51 52 53 54 48 192 181 182 183 244 245 181 182 183 181 182 183 185 186 246 247 85 187 139 143 13 188 188 192 192 248 192 192 200 192 192 249 192 192 250 192 192 251 192 192 252 192 192 253 192 192 228 192 192 235 192 192 254 192 192 192 192 255 192 192 226 192 192 206 192 192 256 192 192 257 192 192 258 192 192 259 192 192 260 192 192 261 192 192 216 192 192 234 192 192 262 192 192 263 192 192 264 192 192 210 192 192 265 192 192 223 192 192 266 192 192 267 192 192 268 192 192 215 192 192 269 192 192 227 192 192 270 192 192 271 192 192 272 192 192 273 192 192 274 192 192 275 192 192 276 192 192 277 192 192 278 192 192 279 192 192 192 67 68 69 70 71 72 73 74 75 76 77 78 79 80 68 49 81 82
https://www.closetcooking.com/english-muffins/
193:  193 193 193 0 1 2 3 4 5 6 7 8 9 10 1 11 12 13 1 14 15 16 17 18 19 20 1 21 22 23 24 25 26 27 28 29 1 30 31 32 33 34 35 36 37 38 1 39 40 41 42 43 44 45 46 1 47 48 49 50 51 52 53 54 48 193 181 182 183 280 281 282 181 182 183 181 182 183 283 284 285 185 286 187 122 143 13 188 188 287 193 193 288 193 193 206 193 193 289 193 193 290 193 193 291 193 193 292 193 193 293 193 193 294 193 193 295 193 193 296 193 193 266 193 193 297 193 193 298 193 193 193 193 299 193 193 300 193 193 216 193 193 301 193 193 193 193 302 193 193 193 193 288 193 193 193 193 303 193 193 304 193 193 305 193 193 306 193 193 307 193 193 308 193 193 193 193 309 193 193 310 193 193 311 193 193 312 193 193 313 193 193 314 193 193 315 193 193 315 193 193 313 193 193 316 193 193 193 67 68 69 70 71 72 73 74 75 76 77 78 79 80 68 49 81 82
https://www.closetcooking.com/marmalade/
280:  280 280 280 0 1 2 3 4 5 6 7 8 9 10 1 11 12 13 1 14 15 16 17 18 19 20 1 21 22 23 24 25 26 27 28 29 1 30 31 32 33 34 35 36 37 38 1 39 40 41 42 43 44 45 46 1 47 48 49 50 51 52 53 54 48 280 181 182 183 317 181 182 183 181 182 183 318 319 320 321 114 187 11 121 143 13 188 188 296 280 280 280 280 289 280 280 322 280 280 323 280 280 280 280 324 280 325 280 326 280 280 299 280 280 327 280 280 300 280 280 298 280 280 328 280 329 280 330 280 280 331 280 280 332 280 280 333 280 280 280 280 334 280 280 335 280 280 336 280 280 280 280 337 280 280 313 280 280 338 280 280 339 280 280 340 280 280 341 280 280 342 280 280 342 280 280 343 280 280 344 280 280 280 280 345 280 280 280 67 68 69 70 71 72 73 74 75 76 77 78 79 80 68 49 81 82
https://www.closetcooking.com/mango-and-cardamom-jam/
320:  320 320 320 0 1 2 3 4 5 6 7 8 9 10 1 11 12 13 1 14 15 16 17 18 19 20 1 21 22 23 24 25 26 27 28 29 1 30 31 32 33 34 35 36 37 38 1 39 40 41 42 43 44 45 46 1 47 48 49 50 51 52 53 54 48 320 181 182 183 181 182 183 181 182 183 346 347 348 349 346 350 280 351 114 187 121 139 143 13 188 188 352 320 320 320 320 250 320 320 353 320 320 354 320 320 355 320 320 356 320 320 263 320 320 357 320 320 320 320 358 320 320 359 320 320 320 320 210 320 320 323 320 320 216 320 320 360 320 320 361 320 320 362 320 320 363 320 320 364 320 320 248 320 320 335 320 320 365 320 320 366 320 320 228 320 320 313 320 320 367 320 320 368 320 320 369 320 320 370 320 320 371 320 320 372 320 320 373 320 320 374 320 320 375 320 320 376 320 320 377 320 320 378 320 320 379 320 320 380 320 320 381 320 320 382 320 320 383 320 320 384 320 320 385 320 320 386 320 320 320 67 68 69 70 71 72 73 74 75 76 77 78 79 80 68 49 81 82
https://www.closetcooking.com/grilled-cheese-sandwich-with-mango-and/
346:  346 346 346 0 1 2 3 4 5 6 7 8 9 10 1 11 12 13 1 14 15 16 17 18 19 20 1 21 22 23 24 25 26 27 28 29 1 30 31 32 33 34 35 36 37 38 1 39 40 41 42 43 44 45 46 1 47 48 49 50 51 52 53 54 48 346 181 182 183 320 181 182 183 320 181 182 183 387 388 389 390 391 392 187 393 139 143 37 13 188 188 371 346 346 250 346 346 373 346 346 394 346 346 395 346 346 396 346 346 397 346 346 365 346 346 398 346 346 253 346 346 323 346 346 399 346 346 400 346 346 401 346 346 402 346 346 403 346 346 404 346 346 405 346 346 406 346 346 346 346 407 346 346 207 346 346 408 346 346 409 346 346 372 346 346 410 346 346 354 346 346 411 346 346 412 346 346 413 346 346 228 346 346 414 346 346 415 346 346 416 346 346 417 346 346 418 346 346 419 346 346 420 346 346 421 346 346 422 346 346 423 346 346 346 67 68 69 70 71 72 73 74 75 76 77 78 79 80 68 49 81 82
https://www.closetcooking.com/grilled-cheese-sandwich-with-mango/
387:  387 387 387 0 1 2 3 4 5 6 7 8 9 10 1 11 12 13 1 14 15 16 17 18 19 20 1 21 22 23 24 25 26 27 28 29 1 30 31 32 33 34 35 36 37 38 1 39 40 41 42 43 44 45 46 1 47 48 49 50 51 52 53 54 48 387 181 182 183 348 424 425 390 181 182 183 348 181 182 183 426 346 388 427 428 429 392 187 393 139 143 37 13 188 188 430 387 387 387 387 431 387 387 432 387 387 433 387 387 250 387 387 434 387 387 435 387 387 235 387 387 382 387 387 436 387 387 437 387 387 353 387 387 228 387 387 438 387 387 365 387 387 370 387 387 439 387 387 440 387 387 387 387 441 387 387 442 387 387 362 387 387 443 387 387 384 387 387 387 387 354 387 387 444 387 387 323 387 387 252 387 387 445 387 387 387 387 253 387 387 387 387 446 387 387 400 387 387 447 387 387 448 387 387 369 387 387 449 387 387 450 387 387 387 387 451 387 387 452 387 387 223 387 387 298 387 387 387 387 453 387 387 454 387 387 455 387 387 372 387 387 456 387 387 366 387 387 335 387 387 439 387 387 457 387 387 458 387 387 305 387 387 459 387 387 460 387 387 367 387 387 368 387 387 387 461 387 462 387 387 432 387 463 387 464 387 387 465 387 387 387 387 387 387 387 67 68 69 70 71 72 73 74 75 76 77 78 79 80 68 49 81 82
https://www.closetcooking.com/onion-chutney-grilled-cheese-sandwich/
426:  426 426 426 0 1 2 3 4 5 6 7 8 9 10 1 11 12 13 1 14 15 16 17 18 19 20 1 21 22 23 24 25 26 27 28 29 1 30 31 32 33 34 35 36 37 38 1 39 40 41 42 43 44 45 46 1 47 48 49 50 51 52 53 54 48 426 181 182 183 466 181 182 183 466 181 182 183 467 429 387 388 468 469 187 393 143 37 13 188 188 470 426 426 471 426 426 426 426 363 426 426 472 426 426 259 426 426 252 426 426 473 426 426 323 426 426 474 426 426 475 426 426 206 426 426 298 426 426 476 426 426 477 426 426 478 426 426 479 426 426 287 426 426 480 426 426 481 426 426 482 426 426 483 426 426 484 426 426 485 426 426 384 426 426 426 426 486 426 426 308 426 426 487 426 426 488 426 426 489 426 426 426 67 68 69 70 71 72 73 74 75 76 77 78 79 80 68 49 81 82
https://www.closetcooking.com/onion-chutney/
466:  466 466 466 0 1 2 3 4 5 6 7 8 9 10 1 11 12 13 1 14 15 16 17 18 19 20 1 21 22 23 24 25 26 27 28 29 1 30 31 32 33 34 35 36 37 38 1 39 40 41 42 43 44 45 46 1 47 48 49 50 51 52 53 54 48 466 181 182 183 490 491 181 182 183 181 182 183 492 426 493 494 495 496 497 498 499 500 501 502 80 113 114 187 11 97 143 89 13 188 188 375 466 466 503 466 466 323 466 466 504 466 466 505 466 466 458 466 466 473 466 466 506 466 466 422 466 466 507 466 466 326 466 466 298 466 466 266 466 466 508 466 466 383 466 466 509 466 466 510 466 466 466 466 430 466 466 509 466 466 511 466 466 512 466 466 466 466 513 466 466 466 466 514 466 466 466 466 515 466 466 516 466 466 517 466 518 466 519 466 466 466 67 68 69 70 71 72 73 74 75 76 77 78 79 80 68 49 81 82
https://www.closetcooking.com/peameal-bacon-and-onion-chutney/
492:  492 492 492 0 1 2 3 4 5 6 7 8 9 10 1 11 12 13 1 14 15 16 17 18 19 20 1 21 22 23 24 25 26 27 28 29 1 30 31 32 33 34 35 36 37 38 1 39 40 41 42 43 44 45 46 1 47 48 49 50 51 52 53 54 48 492 181 182 183 466 520 181 182 183 466 181 182 183 521 522 523 524 525 526 10 40 187 18 143 188 188 527 492 492 528 492 492 403 492 492 375 492 492 470 492 492 476 492 492 266 492 492 529 492 492 492 492 530 492 492 298 492 492 216 492 492 323 492 492 531 492 492 313 492 532 492 398 492 492 533 492 492 534 492 492 535 492 492 536 492 492 492 492 430 492 492 313 492 492 492 67 68 69 70 71 72 73 74 75 76 77 78 79 80 68 49 81 82
https://www.closetcooking.com/burrata-crostini-with-roasted-tomatoes/
521:  521 521 521 0 1 2 3 4 5 6 7 8 9 10 1 11 12 13 1 14 15 16 17 18 19 20 1 21 22 23 24 25 26 27 28 29 1 30 31 32 33 34 35 36 37 38 1 39 40 41 42 43 44 45 46 1 47 48 49 50 51 52 53 54 48 521 181 182 183 537 538 539 181 182 183 181 182 183 492 540 526 10 187 12 143 13 188 188 541 521 521 542 521 521 308 521 521 454 521 521 443 521 521 543 521 521 544 521 521 323 521 521 250 521 521 263 521 521 434 521 521 545 521 521 546 521 521 440 521 521 436 521 521 248 521 521 547 521 521 548 521 521 549 521 521 448 521 521 234 521 521 370 521 521 203 521 521 550 521 521 551 521 521 552 521 521 553 521 521 554 521 521 555 521 521 556 521 521 557 521 521 558 521 521 364 521 521 559 521 521 403 521 521 560 521 521 277 521 521 235 521 521 198 521 521 561 521 521 210 521 521 430 521 521 262 521 521 269 521 521 562 521 521 369 521 521 563 521 564 521 360 521 521 214 521 521 565 521 521 566 521 521 220 521 521 567 521 521 451 521 521 568 521 521 569 521 521 458 521 521 255 521 521 457 521 521 570 521 521 570 521 521 571 521 521 219 521 521 455 521 521 572 521 521 222 521 521 368 521 521 521 521 521 521 313 521 521 521 521 521 67 68 69 70 71 72 73 74 75 76 77 78 79 80 68 49 81 82
https://www.closetcooking.com/slow-roasted-tomato-blt/
540:  540 540 540 0 1 2 3 4 5 6 7 8 9 10 1 11 12 13 1 14 15 16 17 18 19 20 1 21 22 23 24 25 26 27 28 29 1 30 31 32 33 34 35 36 37 38 1 39 40 41 42 43 44 45 46 1 47 48 49 50 51 52 53 54 48 540 181 182 183 573 574 181 182 183 574 181 182 183 575 576 521 577 573 540 578 579 580 581 582 583 584 585 586 587 588 589 575 590 591 40 187 143 37 188 188 592 540 540 593 540 540 508 540 540 323 540 540 298 540 540 594 540 540 540 540 313 540 540 375 540 540 595 540 540 540 540 303 540 540 324 540 540 596 540 540 597 540 540 313 540 540 598 540 540 313 540 540 599 540 540 540 540 600 540 540 601 540 540 602 540 540 540 67 68 69 70 71 72 73 74 75 76 77 78 79 80 68 49 81 82
https://www.closetcooking.com/blt-bacon-lettuce-and-tomato-sandwich/
573:  573 573 573 0 1 2 3 4 5 6 7 8 9 10 1 11 12 13 1 14 15 16 17 18 19 20 1 21 22 23 24 25 26 27 28 29 1 30 31 32 33 34 35 36 37 38 1 39 40 41 42 43 44 45 46 1 47 48 49 50 51 52 53 54 48 573 181 182 183 603 181 182 183 181 182 183 604 605 606 607 573 540 578 579 580 581 582 583 584 585 586 587 588 608 609 590 591 40 187 143 37 188 188 610 573 573 308 573 573 611 573 573 612 573 573 248 573 573 613 573 573 200 573 573 614 573 573 615 573 573 616 573 573 617 573 573 266 573 573 541 573 573 250 573 573 618 573 573 313 573 573 573 573 619 573 573 216 573 573 201 573 573 620 573 573 458 573 573 621 573 573 622 573 573 570 573 573 623 573 573 313 573 573 440 573 573 551 573 573 559 573 573 214 573 573 335 573 573 624 573 573 403 573 573 415 573 573 259 573 573 625 573 573 543 573 573 573 573 626 573 573 369 573 573 436 573 573 573 573 508 573 573 627 573 573 628 573 573 404 573 573 203 573 573 629 573 573 223 573 573 630 573 573 631 573 573 573 573 632 573 573 456 573 573 562 573 573 545 573 573 227 573 573 262 573 573 633 573 573 634 573 573 408 573 573 635 573 636 573 637 573 573 638 573 573 639 573 573 640 573 573 563 573 564 573 641 573 573 368 573 573 642 573 573 457 573 573 643 573 573 263 573 573 220 573 573 644 573 573 207 573 573 573 573 573 573 645 573 573 646 573 573 647 573 573 648 573 573 573 67 68 69 70 71 72 73 74 75 76 77 78 79 80 68 49 81 82
https://www.closetcooking.com/smashed-chickpea-and-avocado-sandwich/
608:  608 608 608 0 1 2 3 4 5 6 7 8 9 10 1 11 12 13 1 14 15 16 17 18 19 20 1 21 22 23 24 25 26 27 28 29 1 30 31 32 33 34 35 36 37 38 1 39 40 41 42 43 44 45 46 1 47 48 49 50 51 52 53 54 48 608 181 182 183 649 181 182 183 184 181 182 183 650 651 573 579 585 71 652 653 609 654 83 3 4 187 11 7 143 37 13 188 188 655 608 608 656 608 608 657 608 608 658 608 608 659 608 608 660 608 608 661 608 608 608 67 68 69 70 71 72 73 74 75 76 77 78 79 80 68 49 81 82
https://www.closetcooking.com/avocado-toast-with-fried-egg/
650:  650 650 650 0 1 2 3 4 5 6 7 8 9 10 1 11 12 13 1 14 15 16 17 18 19 20 1 21 22 23 24 25 26 27 28 29 1 30 31 32 33 34 35 36 37 38 1 39 40 41 42 43 44 45 46 1 47 48 49 50 51 52 53 54 48 650 181 182 183 181 182 183 184 181 182 183 651 662 663 664 665 666 667 668 669 578 608 653 670 671 83 3 39 40 85 17 187 11 143 37 188 188 658 650 650 650 650 659 650 650 672 650 673 650 657 650 650 595 650 650 410 650 650 650 650 674 650 650 675 650 650 676 650 650 677 650 650 678 650 650 679 650 650 680 650 650 650 67 68 69 70 71 72 73 74 75 76 77 78 79 80 68 49 81 82
https://www.closetcooking.com/creamy-guacamole-egg-salad-sandwich/
662:  662 662 662 0 1 2 3 4 5 6 7 8 9 10 1 11 12 13 1 14 15 16 17 18 19 20 1 21 22 23 24 25 26 27 28 29 1 30 31 32 33 34 35 36 37 38 1 39 40 41 42 43 44 45 46 1 47 48 49 50 51 52 53 54 48 662 181 182 183 681 682 181 182 183 181 182 183 580 683 578 669 684 685 650 39 40 187 143 37 13 188 188 686 662 662 313 662 662 687 662 662 688 662 662 689 662 662 690 662 662 691 662 662 323 662 662 692 662 662 693 662 662 694 662 662 298 662 662 695 662 662 440 662 662 696 662 662 697 662 698 662 699 662 662 700 662 662 700 662 662 701 662 662 702 662 662 703 662 662 704 662 662 705 662 662 706 662 662 662 662 662 662 662 67 68 69 70 71 72 73 74 75 76 77 78 79 80 68 49 81 82
https://www.closetcooking.com/avocado-dressing/
681:  681 681 681 0 1 2 3 4 5 6 7 8 9 10 1 11 12 13 1 14 15 16 17 18 19 20 1 21 22 23 24 25 26 27 28 29 1 30 31 32 33 34 35 36 37 38 1 39 40 41 42 43 44 45 46 1 47 48 49 50 51 52 53 54 48 681 181 182 183 707 708 181 182 183 184 181 182 183 709 710 711 712 713 714 682 715 716 717 718 719 720 721 722 723 724 725 726 727 728 729 730 39 114 117 187 11 12 143 13 188 188 681 681 731 681 681 732 681 681 733 681 681 734 681 681 693 681 681 681 681 681 681 298 681 681 688 681 681 597 681 681 681 681 735 681 736 681 737 681 681 738 681 681 739 681 681 740 681 681 741 681 681 742 681 681 743 681 681 744 681 681 745 681 681 746 681 681 681 681 681 681 747 681 681 748 681 681 748 681 681 749 681 681 313 681 681 313 681 681 313 681 681 313 681 681 313 681 681 681 681 313 681 681 750 681 681 681 681 313 681 681 751 681 681 752 681 681 313 681 681 681 681 697 681 753 681 681 681 754 681 681 755 681 756 681 681 681 681 681 757 681 681 758 681 681 313 681 681 759 681 681 760 681 681 681 681 761 681 681 313 681 681 762 681 681 763 681 681 764 681 681 765 681 681 313 681 681 681 681 766 681 766 681 767 681 681 313 681 681 768 681 681 769 681 681 770 681 681 681 681 771 681 681 681 67 68 69 70 71 72 73 74 75 76 77 78 79 80 68 49 81 82
https://www.closetcooking.com/avocado-blt-pasta-salad/
709:  709 709 709 0 1 2 3 4 5 6 7 8 9 10 1 11 12 13 1 14 15 16 17 18 19 20 1 21 22 23 24 25 26 27 28 29 1 30 31 32 33 34 35 36 37 38 1 39 40 41 42 43 44 45 46 1 47 48 49 50 51 52 53 54 48 709 181 182 183 681 181 182 183 681 184 181 182 183 772 773 774 578 585 775 589 776 39 40 187 11 34 143 36 188 188 777 709 709 658 709 709 778 709 709 661 709 709 779 709 709 780 709 709 781 709 709 782 709 709 595 709 709 313 709 709 783 709 709 784 709 709 785 709 709 709 67 68 69 70 71 72 73 74 75 76 77 78 79 80 68 49 81 82
https://www.closetcooking.com/mediterranean-tortellini-pasta-salad/
772:  772 772 772 0 1 2 3 4 5 6 7 8 9 10 1 11 12 13 1 14 15 16 17 18 19 20 1 21 22 23 24 25 26 27 28 29 1 30 31 32 33 34 35 36 37 38 1 39 40 41 42 43 44 45 46 1 47 48 49 50 51 52 53 54 48 772 181 182 183 181 182 183 184 181 182 183 709 786 787 788 789 790 791 792 793 794 795 796 776 797 39 187 11 23 102 34 143 36 8 13 188 188 798 772 799 772 800 772 772 657 772 772 772 772 801 772 772 802 772 772 313 772 772 772 772 772 67 68 69 70 71 72 73 74 75 76 77 78 79 80 68 49 81 82
https://www.closetcooking.com/mediterranean-quinoa-salad/
786:  786 786 786 0 1 2 3 4 5 6 7 8 9 10 1 11 12 13 1 14 15 16 17 18 19 20 1 21 22 23 24 25 26 27 28 29 1 30 31 32 33 34 35 36 37 38 1 39 40 41 42 43 44 45 46 1 47 48 49 50 51 52 53 54 48 786 181 182 183 803 181 182 183 184 181 182 183 772 791 789 790 804 805 806 793 807 808 794 795 809 776 797 810 187 11 23 102 143 36 8 13 188 188 323 786 786 811 786 786 812 786 786 786 786 813 786 786 814 786 786 815 786 786 298 786 786 786 786 786 786 816 786 786 817 786 786 786 786 818 786 786 313 786 786 786 786 819 786 786 786 786 820 786 786 786 786 786 786 786 786 786 786 786 67 68 69 70 71 72 73 74 75 76 77 78 79 80 68 49 81 82
https://www.closetcooking.com/how-to-oven-roast-red-peppers/
803:  803 803 803 0 1 2 3 4 5 6 7 8 9 10 1 11 12 13 1 14 15 16 17 18 19 20 1 21 22 23 24 25 26 27 28 29 1 30 31 32 33 34 35 36 37 38 1 39 40 41 42 43 44 45 46 1 47 48 49 50 51 52 53 54 48 803 181 182 183 181 182 183 181 182 183 821 822 823 824 825 826 827 828 829 830 831 832 833 834 835 836 837 838 839 840 841 842 843 844 845 176 846 805 847 848 849 850 851 852 853 854 855 856 857 858 859 860 793 861 862 863 864 865 866 867 868 869 870 871 872 187 11 143 13 188 188 803 803 873 803 803 874 803 803 875 803 803 876 803 803 313 803 803 298 803 803 877 803 803 878 803 803 879 803 803 803 803 313 803 803 880 803 803 881 803 803 803 803 882 803 803 306 803 803 883 803 803 884 803 803 313 803 803 803 803 885 803 803 313 803 803 886 803 803 313 803 803 803 803 887 803 803 888 803 803 803 67 68 69 70 71 72 73 74 75 76 77 78 79 80 68 49 81 82
https://www.closetcooking.com/creamy-roasted-red-pepper-and/
821:  821 821 821 0 1 2 3 4 5 6 7 8 9 10 1 11 12 13 1 14 15 16 17 18 19 20 1 21 22 23 24 25 26 27 28 29 1 30 31 32 33 34 35 36 37 38 1 39 40 41 42 43 44 45 46 1 47 48 49 50 51 52 53 54 48 821 181 182 183 181 182 183 889 890 891 803 184 181 182 183 892 893 894 856 851 838 895 896 897 868 898 872 899 900 901 902 903 41 904 187 11 143 5 38 89 13 188 188 323 821 821 905 821 821 658 821 821 906 821 821 907 821 821 908 821 821 909 821 821 313 821 821 910 821 821 821 821 813 821 821 911 821 821 313 821 821 912 821 821 913 821 821 914 821 821 915 821 821 915 821 821 816 821 821 298 821 821 821 821 916 821 821 917 821 821 821 821 821 821 313 821 821 821 821 313 821 821 918 821 821 313 821 821 821 821 919 821 821 313 821 821 920 821 821 313 821 821 821 821 921 821 821 922 821 821 922 821 821 821 821 821 821 821 821 313 821 821 821 821 821 821 923 821 821 924 821 821 821 821 821 821 313 821 821 821 821 313 821 821 925 821 821 313 821 821 926 821 821 821 821 821 821 927 821 821 928 821 183 821 929 821 821 930 821 821 931 821 932 821 313 821 821 933 821 821 313 821 821 934 821 821 313 821 821 821 821 821 821 821 821 821 821 935 821 821 936 821 821 937 821 821 821 67 68 69 70 71 72 73 74 75 76 77 78 79 80 68 49 81 82
https://www.closetcooking.com/creamy-roasted-asparagus-and-brie/
896:  896 896 896 0 1 2 3 4 5 6 7 8 9 10 1 11 12 13 1 14 15 16 17 18 19 20 1 21 22 23 24 25 26 27 28 29 1 30 31 32 33 34 35 36 37 38 1 39 40 41 42 43 44 45 46 1 47 48 49 50 51 52 53 54 48 896 181 182 183 181 182 183 891 889 184 181 182 183 893 892 821 938 939 940 941 900 901 942 40 41 187 11 12 7 143 8 38 13 188 188 813 896 896 777 896 896 782 896 896 943 896 896 658 896 896 944 896 896 313 896 896 945 896 896 313 896 896 410 896 896 801 896 896 946 896 896 946 896 896 947 896 896 948 896 896 949 896 896 950 896 896 313 896 896 951 896 896 951 896 896 952 896 896 952 896 896 313 896 896 896 67 68 69 70 71 72 73 74 75 76 77 78 79 80 68 49 81 82
https://www.closetcooking.com/creamy-roasted-mushroom-and-brie-soup/
938:  938 938 938 0 1 2 3 4 5 6 7 8 9 10 1 11 12 13 1 14 15 16 17 18 19 20 1 21 22 23 24 25 26 27 28 29 1 30 31 32 33 34 35 36 37 38 1 39 40 41 42 43 44 45 46 1 47 48 49 50 51 52 53 54 48 938 181 182 183 181 182 183 891 889 184 181 182 183 892 953 954 955 956 957 896 958 959 941 899 960 961 904 187 11 42 143 5 38 13 188 188 938 938 962 938 938 658 938 938 659 938 938 963 938 938 964 938 938 965 938 938 813 938 938 966 938 938 777 938 938 967 938 938 968 938 938 815 938 938 946 938 938 782 938 938 969 938 938 938 938 259 938 938 938 938 970 938 938 971 938 938 938 938 972 938 938 313 938 938 973 938 974 938 975 938 938 976 938 938 313 938 938 977 938 938 938 938 938 938 313 938 938 938 938 978 938 938 938 938 938 938 979 938 938 313 938 938 938 938 313 938 938 938 938 980 938 938 981 938 938 930 938 938 982 938 938 313 938 938 938 938 983 938 938 313 938 938 984 938 985 938 986 938 938 313 938 938 938 938 938 938 987 938 938 313 938 938 938 938 988 938 938 989 938 938 313 938 938 990 938 938 991 938 938 313 938 938 992 938 938 938 938 938 938 938 938 938 938 938 938 993 938 938 938 938 938 938 938 938 938 938 938 938 994 938 938 995 938 938 996 938 938 997 938 938 938 938 67 68 69 70 71 72 73 74 75 76 77 78 79 80 68 49 81 82
https://www.closetcooking.com/mushroom-and-brie-baked-eggs/
960:  960 960 960 0 1 2 3 4 5 6 7 8 9 10 1 11 12 13 1 14 15 16 17 18 19 20 1 21 22 23 24 25 26 27 28 29 1 30 31 32 33 34 35 36 37 38 1 39 40 41 42 43 44 45 46 1 47 48 49 50 51 52 53 54 48 960 181 182 183 181 182 183 891 889 184 181 182 183 998 999 1000 1001 1002 959 955 938 1003 666 1004 957 85 17 187 7 42 143 13 188 188 1005 960 960 1006 960 960 960 67 68 69 70 71 72 73 74 75 76 77 78 79 80 68 49 81 82
https://www.closetcooking.com/mexican-baked-eggs/
998:  998 998 998 0 1 2 3 4 5 6 7 8 9 10 1 11 12 13 1 14 15 16 17 18 19 20 1 21 22 23 24 25 26 27 28 29 1 30 31 32 33 34 35 36 37 38 1 39 40 41 42 43 44 45 46 1 47 48 49 50 51 52 53 54 48 998 181 182 183 1007 1008 1009 1010 181 182 183 181 182 183 1011 1012 999 1001 1013 1014 1015 1000 1016 1017 1018 1019 1020 1021 960 1022 39 85 17 187 11 27 143 13 188 188 998 998 1023 998 998 1024 998 998 547 998 998 1025 998 998 1026 998 998 1027 998 998 1028 998 998 1029 998 998 1030 998 998 323 998 998 313 998 998 298 998 998 1031 998 998 1032 998 998 1033 998 1034 998 1035 998 998 1036 998 1037 998 1038 998 998 1039 998 998 1040 998 998 998 998 1041 998 998 1042 998 998 1043 998 998 1043 998 998 1044 998 998 480 998 998 1045 998 998 998 998 1046 998 998 1047 998 998 1048 998 998 1049 998 998 313 998 998 1049 998 998 1050 998 998 313 998 998 1051 998 998 1052 998 998 998 998 1053 998 998 1054 998 998 1055 998 998 313 998 998 1056 998 998 1057 998 998 998 998 313 998 998 1058 998 998 1059 998 998 1059 998 998 313 998 998 1060 998 998 998 998 313 998 998 998 998 313 998 998 998 998 998 998 313 998 998 998 998 313 998 998 765 998 998 313 998 998 1061 998 998 313 998 998 998 998 998 998 998 998 1062 998 998 998 998 1063 998 998 313 998 998 1064 998 998 998 998 998 998 998 67 68 69 70 71 72 73 74 75 76 77 78 79 80 68 49 81 82
https://www.closetcooking.com/salmon-bulgogi-tocos-with-blueberry/
1008:  1008 1008 1008 0 1 2 3 4 5 6 7 8 9 10 1 11 12 13 1 14 15 16 17 18 19 20 1 21 22 23 24 25 26 27 28 29 1 30 31 32 33 34 35 36 37 38 1 39 40 41 42 43 44 45 46 1 47 48 49 50 51 52 53 54 48 1008 181 182 183 1065 1066 1067 181 182 183 1066 1065 181 182 183 1068 1069 1070 1071 1072 1073 1074 1075 4 187 11 26 7 27 143 19 136 188 188 323 1008 1008 206 1008 1008 1076 1008 1008 1036 1008 1037 1008 1077 1008 1008 216 1008 1008 1078 1008 1008 1008 1008 1079 1008 1008 1080 1008 1081 1008 1082 1008 1008 1008 67 68 69 70 71 72 73 74 75 76 77 78 79 80 68 49 81 82
https://www.closetcooking.com/blueberry-and-basil-habanero-salsa/
1065:  1065 1065 1065 0 1 2 3 4 5 6 7 8 9 10 1 11 12 13 1 14 15 16 17 18 19 20 1 21 22 23 24 25 26 27 28 29 1 30 31 32 33 34 35 36 37 38 1 39 40 41 42 43 44 45 46 1 47 48 49 50 51 52 53 54 48 1065 181 182 183 1068 1083 181 182 183 181 182 183 1008 1072 1068 1084 1085 1086 1087 1088 1089 114 187 27 143 131 13 188 188 1090 1065 1065 216 1065 1065 1065 1065 298 1065 1065 1091 1065 1065 313 1065 1092 1065 1093 1065 1065 1094 1065 1065 1095 1065 1065 299 1065 1065 440 1065 1065 1065 1065 228 1065 1065 1096 1065 1065 1097 1065 1065 1098 1065 1099 1065 1032 1065 1065 1100 1065 183 1101 1065 324 1065 1065 1065 1065 1102 1065 1065 1065 67 68 69 70 71 72 73 74 75 76 77 78 79 80 68 49 81 82
https://www.closetcooking.com/salsa-naranja-orange-salsa/
1088:  1088 1088 1088 0 1 2 3 4 5 6 7 8 9 10 1 11 12 13 1 14 15 16 17 18 19 20 1 21 22 23 24 25 26 27 28 29 1 30 31 32 33 34 35 36 37 38 1 39 40 41 42 43 44 45 46 1 47 48 49 50 51 52 53 54 48 1088 181 182 183 1083 1103 1104 1105 181 182 183 1105 181 182 183 1106 1107 1108 1109 1110 1111 1085 1112 1113 1065 1114 1115 114 187 11 26 27 143 131 28 13 188 188 375 1088 1088 1116 1088 1088 1088 1088 1117 1088 1088 1118 1088 1088 313 1088 1088 1088 1088 313 1088 1088 1119 1088 1088 1120 1088 1088 313 1088 1088 1121 1088 1088 1088 1088 1088 1088 1088 1088 1088 67 68 69 70 71 72 73 74 75 76 77 78 79 80 68 49 81 82
https://www.closetcooking.com/calamari-tacos-with-salsa-naranja/
1106:  1106 1106 1106 0 1 2 3 4 5 6 7 8 9 10 1 11 12 13 1 14 15 16 17 18 19 20 1 21 22 23 24 25 26 27 28 29 1 30 31 32 33 34 35 36 37 38 1 39 40 41 42 43 44 45 46 1 47 48 49 50 51 52 53 54 48 1106 181 182 183 1088 1083 1122 1088 181 182 183 1122 1088 181 182 183 1073 1071 1069 1123 1108 1124 187 11 26 7 27 143 19 136 28 188 188 1076 1106 1106 323 1106 1106 1125 1106 1106 298 1106 1106 699 1106 1106 1126 1106 1106 1032 1106 1106 1127 1106 1106 1127 1106 1106 1128 1106 1106 361 1106 1106 1129 1106 1106 1130 1106 1106 1131 1106 1106 1132 1106 1106 1133 1106 1106 1106 67 68 69 70 71 72 73 74 75 76 77 78 79 80 68 49 81 82
https://www.closetcooking.com/onion-and-cilantro-relish/
1122:  1122 1122 1122 0 1 2 3 4 5 6 7 8 9 10 1 11 12 13 1 14 15 16 17 18 19 20 1 21 22 23 24 25 26 27 28 29 1 30 31 32 33 34 35 36 37 38 1 39 40 41 42 43 44 45 46 1 47 48 49 50 51 52 53 54 48 1122 181 182 183 1083 181 182 183 181 182 183 1134 1135 1136 1137 1138 1139 1140 1072 1106 1141 1142 1143 1144 114 187 11 26 27 143 89 13 188 188 250 1122 1122 1145 1122 1146 183 1122 411 1122 1122 1147 1122 1122 364 1122 1122 298 1122 1122 430 1122 1122 1122 1122 220 1122 1122 1148 1122 1122 474 1122 1122 1122 1122 1122 67 68 69 70 71 72 73 74 75 76 77 78 79 80 68 49 81 82
https://www.closetcooking.com/korean-short-rib-tacos/
1134:  1134 1134 1134 0 1 2 3 4 5 6 7 8 9 10 1 11 12 13 1 14 15 16 17 18 19 20 1 21 22 23 24 25 26 27 28 29 1 30 31 32 33 34 35 36 37 38 1 39 40 41 42 43 44 45 46 1 47 48 49 50 51 52 53 54 48 1134 181 182 183 1083 1149 1111 1122 1150 181 182 183 1149 1111 1122 1150 181 182 183 1136 1135 1151 1152 1153 1154 1155 1124 1070 4 14 187 11 26 12 7 27 143 136 188 188 1156 1134 1134 1157 1134 1134 323 1134 1134 508 1134 1134 1158 1134 1134 1134 1134 403 1134 1134 473 1134 1134 290 1134 1134 1159 1134 1134 259 1134 1134 1160 1134 1134 1161 1134 1134 1162 1134 1134 547 1134 1134 1163 1134 1134 1164 1134 1134 1165 1134 1134 1166 1134 1134 220 1134 1134 1167 1134 1134 1168 1134 1134 1148 1134 1134 1169 1134 1134 298 1134 1134 1170 1134 1134 305 1134 1134 559 1134 1134 1171 1134 1134 434 1134 1134 210 1134 1134 1172 1134 1134 1134 1134 1173 1134 1134 1174 1134 1134 1175 1134 1134 1176 1134 1134 216 1134 1134 534 1134 1134 372 1134 1134 1134 1134 1177 1134 1134 642 1134 1134 551 1134 1134 1178 1134 1134 1179 1134 1179 1134 1180 1134 1180 1134 1181 1134 1134 1182 1134 1134 1134 1134 1134 1134 279 1134 1134 419 1134 1134 357 1134 1134 1183 1134 1134 1184 1134 1134 1134 1134 1185 1134 1186 1134 1187 1134 1134 1188 1134 1134 1134 67 68 69 70 71 72 73 74 75 76 77 78 79 80 68 49 81 82
https://www.closetcooking.com/bulgogi/
1152:  1152 1152 1152 0 1 2 3 4 5 6 7 8 9 10 1 11 12 13 1 14 15 16 17 18 19 20 1 21 22 23 24 25 26 27 28 29 1 30 31 32 33 34 35 36 37 38 1 39 40 41 42 43 44 45 46 1 47 48 49 50 51 52 53 54 48 1152 181 182 183 1189 1190 1191 1192 181 182 183 181 182 183 1192 1193 1194 1195 1196 1197 1149 1198 1066 1199 1200 1193 1201 1202 1203 1204 14 187 26 7 143 188 188 210 1152 1152 248 1152 1152 253 1152 1152 235 1152 1152 1205 1152 1152 268 1152 1152 250 1152 1152 547 1152 1152 1206 1152 1152 221 1152 1152 1207 1152 1152 220 1152 1152 219 1152 1152 1208 1152 1152 202 1152 1152 610 1152 1152 1209 1152 1152 216 1152 1152 1210 1152 1152 227 1152 1152 1211 1152 1152 1212 1152 1152 1152 1152 1163 1152 1152 229 1152 1152 1213 1152 1152 222 1152 1152 206 1152 1152 1214 1152 1152 259 1152 1152 1215 1152 1152 1216 1152 1152 1217 1152 1152 207 1152 1152 1152 1152 1218 1152 1152 1219 1152 1152 1152 67 68 69 70 71 72 73 74 75 76 77 78 79 80 68 49 81 82
https://www.closetcooking.com/kimchi/
1191:  1191 1191 1191 0 1 2 3 4 5 6 7 8 9 10 1 11 12 13 1 14 15 16 17 18 19 20 1 21 22 23 24 25 26 27 28 29 1 30 31 32 33 34 35 36 37 38 1 39 40 41 42 43 44 45 46 1 47 48 49 50 51 52 53 54 48 1191 181 182 183 1220 1221 181 182 183 181 182 183 1222 1223 1224 1151 1225 1226 1227 1228 1140 1229 1230 1231 1232 1233 1234 1235 1236 1237 1238 1239 1240 1241 114 187 26 143 8 89 13 188 188 1191 1191 1242 1191 1191 207 1191 1191 1214 1191 1191 380 1191 1191 1243 1191 1191 1211 1191 1191 1244 1191 1191 398 1191 1191 1245 1191 1191 235 1191 1191 441 1191 1191 209 1191 1191 1191 1191 1246 1191 1191 226 1191 1191 440 1191 1191 231 1191 1191 1191 1247 1248 1191 1249 1191 1191 1250 1191 1191 210 1191 1191 221 1191 1191 456 1191 1191 1191 1191 547 1191 1191 1251 1191 1191 1252 1191 1191 1253 1191 1191 313 1191 1191 1254 1191 1191 1255 1191 1256 1191 1257 1191 1191 313 1191 1191 1258 1191 1191 1191 1191 1259 1191 1191 1191 1191 1258 1191 1191 1260 1191 1191 505 1191 1191 1261 1191 1191 313 1191 1191 1191 1191 313 1191 1191 1262 1191 1191 1263 1191 1191 313 1191 1191 1263 1191 1191 1264 1191 1191 313 1191 1265 1191 1266 1191 1191 1267 1191 1191 1268 1191 1191 1191 1191 313 1191 1191 1263 1191 1191 313 1191 1191 1263 1191 1191 313 1191 1191 1269 1191 1191 1270 1191 1191 313 1191 1271 1191 1272 1191 1191 313 1191 1191 1191 1191 313 1191 1191 1191 1191 313 1191 1191 1191 1191 1191 1191 313 1191 1191 1273 1191 1191 1273 1191 1191 313 1191 1191 1191 1191 1191 1191 1191 67 68 69 70 71 72 73 74 75 76 77 78 79 80 68 49 81 82
https://www.closetcooking.com/kimchi-bokkeumbap-kimchi-fried-rice/
1222:  1222 1222 1222 0 1 2 3 4 5 6 7 8 9 10 1 11 12 13 1 14 15 16 17 18 19 20 1 21 22 23 24 25 26 27 28 29 1 30 31 32 33 34 35 36 37 38 1 39 40 41 42 43 44 45 46 1 47 48 49 50 51 52 53 54 48 1222 181 182 183 1274 1191 181 182 183 1191 181 182 183 1275 1276 1224 1151 1223 1225 1277 15 187 26 7 143 141 188 188 257 1222 1222 1278 1222 1222 1279 1222 1222 1210 1222 1222 1280 1222 1222 267 1222 1222 253 1222 1222 268 1222 1222 269 1222 1222 259 1222 1222 1222 1222 290 1222 1222 1206 1222 1222 266 1222 1222 1281 1222 1222 375 1222 1222 275 1222 1222 1213 1222 1222 227 1222 1282 1222 222 1222 1222 1283 1222 1222 313 1222 1222 1214 1222 1222 207 1222 1222 1185 1222 1284 1222 1222 1222 1285 1222 1222 1222 67 68 69 70 71 72 73 74 75 76 77 78 79 80 68 49 81 82
https://www.closetcooking.com/kongnamul-bap-korean-beansprout-rice/
1275:  1275 1275 1275 0 1 2 3 4 5 6 7 8 9 10 1 11 12 13 1 14 15 16 17 18 19 20 1 21 22 23 24 25 26 27 28 29 1 30 31 32 33 34 35 36 37 38 1 39 40 41 42 43 44 45 46 1 47 48 49 50 51 52 53 54 48 1275 181 182 183 1107 1237 181 182 183 1237 181 182 183 1222 1238 1192 1107 1286 1287 1288 1204 3 14 187 26 7 143 129 188 188 1289 1275 1275 298 1275 1275 1290 1275 1291 1275 750 1275 1275 1292 1275 1275 1293 1275 1275 1294 1275 1275 1275 1275 1295 1275 1275 1296 1275 1275 1297 1275 1298 1275 697 1275 1275 1299 1275 1275 1299 1275 1275 1300 1275 1275 1301 1275 1275 1302 1275 1275 1303 1275 1275 1304 1275 1275 1305 1275 1275 1275 1275 313 1275 1275 1275 67 68 69 70 71 72 73 74 75 76 77 78 79 80 68 49 81 82
https://www.closetcooking.com/ahi-tuna-poke-bowl/
1288:  1288 1288 1288 0 1 2 3 4 5 6 7 8 9 10 1 11 12 13 1 14 15 16 17 18 19 20 1 21 22 23 24 25 26 27 28 29 1 30 31 32 33 34 35 36 37 38 1 39 40 41 42 43 44 45 46 1 47 48 49 50 51 52 53 54 48 1288 181 182 183 1306 181 182 183 184 181 182 183 1307 1308 1154 1309 1107 1275 1310 1311 3 187 25 7 143 129 188 188 658 1288 1288 410 1288 1288 657 1288 1288 777 1288 1288 782 1288 1288 1312 1288 1288 1288 1288 1288 1313 1288 1288 67 68 69 70 71 72 73 74 75 76 77 78 79 80 68 49 81 82
https://www.closetcooking.com/spicy-tuna-and-avocado-cucumber-sushi/
1307:  1307 1307 1307 0 1 2 3 4 5 6 7 8 9 10 1 11 12 13 1 14 15 16 17 18 19 20 1 21 22 23 24 25 26 27 28 29 1 30 31 32 33 34 35 36 37 38 1 39 40 41 42 43 44 45 46 1 47 48 49 50 51 52 53 54 48 1307 181 182 183 1314 1314 181 182 183 1314 184 181 182 183 1154 1308 1315 1155 1316 1317 1318 1288 1311 10 39 187 11 25 12 7 143 19 188 188 1307 1307 313 1307 1307 943 1307 1307 1319 1307 1307 1320 1307 1307 658 1307 1307 1321 1307 1307 656 1307 1307 1322 1307 1307 1323 1307 1307 1307 1307 1324 1307 1307 1307 67 68 69 70 71 72 73 74 75 76 77 78 79 80 68 49 81 82
https://www.closetcooking.com/teriyaki-sauce/
1314:  1314 1314 1314 0 1 2 3 4 5 6 7 8 9 10 1 11 12 13 1 14 15 16 17 18 19 20 1 21 22 23 24 25 26 27 28 29 1 30 31 32 33 34 35 36 37 38 1 39 40 41 42 43 44 45 46 1 47 48 49 50 51 52 53 54 48 1314 181 182 183 181 182 183 1325 1326 1327 1328 1329 1330 1331 1332 1333 1334 187 25 140 143 132 13 188 188 1244 1314 1314 1279 1314 1314 1279 1314 1314 313 1314 1314 1335 1314 1314 1314 1336 1314 1314 1337 1314 313 1314 1314 1314 1314 1338 1314 1314 1314 1314 1314 1314 1314 1339 1314 1314 183 1314 1340 1314 1314 1341 1314 1314 1314 67 68 69 70 71 72 73 74 75 76 77 78 79 80 68 49 81 82
https://www.closetcooking.com/cherry-teriyaki-chicken-lettuce-wraps/
1325:  1325 1325 1325 0 1 2 3 4 5 6 7 8 9 10 1 11 12 13 1 14 15 16 17 18 19 20 1 21 22 23 24 25 26 27 28 29 1 30 31 32 33 34 35 36 37 38 1 39 40 41 42 43 44 45 46 1 47 48 49 50 51 52 53 54 48 1325 181 182 183 1342 1327 181 182 183 1327 1314 181 182 183 1240 1343 15 187 7 143 188 188 1344 1325 1325 1345 1325 1325 1346 1325 1325 547 1325 1325 1347 1325 1325 1325 67 68 69 70 71 72 73 74 75 76 77 78 79 80 68 49 81 82
https://www.closetcooking.com/cherry-teriyaki-chicken/
1326:  1326 1326 1326 0 1 2 3 4 5 6 7 8 9 10 1 11 12 13 1 14 15 16 17 18 19 20 1 21 22 23 24 25 26 27 28 29 1 30 31 32 33 34 35 36 37 38 1 39 40 41 42 43 44 45 46 1 47 48 49 50 51 52 53 54 48 1326 181 182 183 1348 1327 181 182 183 1314 181 182 183 4 15 187 25 7 143 188 188 1326 1326 1326 67 68 69 70 71 72 73 74 75 76 77 78 79 80 68 49 81 82
https://www.closetcooking.com/cherry-teriyaki-chicken-lettuce-wraps
1348:  1348 1348 1348 0 1 2 3 4 5 6 7 8 9 10 1 11 12 13 1 14 15 16 17 18 19 20 1 21 22 23 24 25 26 27 28 29 1 30 31 32 33 34 35 36 37 38 1 39 40 41 42 43 44 45 46 1 47 48 49 50 51 52 53 54 48 1325 181 182 183 1342 1327 181 182 183 1327 1314 181 182 183 1240 1343 15 187 7 143 188 188 1344 1325 1348 1345 1325 1348 1346 1325 1348 547 1325 1348 1347 1325 1348 1325 67 68 69 70 71 72 73 74 75 76 77 78 79 80 68 49 81 82
https://www.closetcooking.com/chicken-teriyaki/
1327:  1327 1327 1327 0 1 2 3 4 5 6 7 8 9 10 1 11 12 13 1 14 15 16 17 18 19 20 1 21 22 23 24 25 26 27 28 29 1 30 31 32 33 34 35 36 37 38 1 39 40 41 42 43 44 45 46 1 47 48 49 50 51 52 53 54 48 1327 181 182 183 181 182 183 184 181 182 183 1349 1067 1350 1351 1352 1353 1354 1355 1356 83 3 4 15 187 11 25 12 7 143 188 188 1357 1327 1327 1357 1327 1327 1358 1327 1359 1327 1360 1327 1327 1327 1327 1327 1327 1327 1327 1327 1327 181 182 183 1067 181 182 183 1314 181 182 183 1348 1067 1332 1361 1351 4 15 187 25 12 7 143 188 188 1362 1327 1327 1327 67 68 69 70 71 72 73 74 75 76 77 78 79 80 68 49 81 82
https://www.closetcooking.com/sriracha-teriyaki-chicken-meatballs/
1349:  1349 1349 1349 0 1 2 3 4 5 6 7 8 9 10 1 11 12 13 1 14 15 16 17 18 19 20 1 21 22 23 24 25 26 27 28 29 1 30 31 32 33 34 35 36 37 38 1 39 40 41 42 43 44 45 46 1 47 48 49 50 51 52 53 54 48 1349 181 182 183 181 182 183 184 181 182 183 1363 1364 1365 1067 1350 1351 1366 1367 1327 3 10 15 187 11 25 7 143 188 188 738 1349 1349 657 1349 1349 1368 1349 1349 1369 1349 1349 1370 1349 1349 313 1349 1349 1371 1349 1349 1372 1349 1349 313 1349 1349 1349 67 68 69 70 71 72 73 74 75 76 77 78 79 80 68 49 81 82
https://www.closetcooking.com/jalapeno-popper-stuffed-buffalo-chicken/
1363:  1363 1363 1363 0 1 2 3 4 5 6 7 8 9 10 1 11 12 13 1 14 15 16 17 18 19 20 1 21 22 23 24 25 26 27 28 29 1 30 31 32 33 34 35 36 37 38 1 39 40 41 42 43 44 45 46 1 47 48 49 50 51 52 53 54 48 1363 181 182 183 181 182 183 184 181 182 183 1373 1374 1375 1376 1377 871 1349 1366 1367 1378 10 40 15 904 187 11 7 143 5 188 188 1379 1363 1363 943 1363 1363 1380 1363 1363 657 1363 1363 782 1363 1363 1381 1363 1363 1382 1363 1363 1363 1363 1363 67 68 69 70 71 72 73 74 75 76 77 78 79 80 68 49 81 82
https://www.closetcooking.com/jalapeno-popper-dip/
1376:  1376 1376 1376 0 1 2 3 4 5 6 7 8 9 10 1 11 12 13 1 14 15 16 17 18 19 20 1 21 22 23 24 25 26 27 28 29 1 30 31 32 33 34 35 36 37 38 1 39 40 41 42 43 44 45 46 1 47 48 49 50 51 52 53 54 48 1376 181 182 183 1007 1383 1384 181 182 183 181 182 183 1385 1386 1387 1375 1388 1389 1390 1391 715 1392 1393 1394 1395 1396 1363 1397 1398 1399 1400 196 1401 1402 63 10 904 33 187 11 12 143 5 106 13 188 188 639 1376 1376 453 1376 1376 250 1376 1376 440 1376 1376 395 1376 1376 1403 1376 1376 1376 1376 1404 1376 1376 1376 1376 1405 1376 1376 1376 1376 355 1376 1376 1406 1376 1376 1407 1376 1376 1408 1376 1376 458 1376 1376 1409 1376 1376 1410 1376 1376 1411 1376 1376 1412 1376 1376 367 1376 1376 1413 1376 1376 323 1376 1376 431 1376 1376 206 1376 1376 1414 1376 1376 403 1376 1376 454 1376 1376 361 1376 1376 451 1376 1376 369 1376 1376 559 1376 1376 354 1376 1376 305 1376 1376 1415 1376 1376 1416 1376 1376 1417 1376 1376 1418 1376 1376 1376 1376 1419 1376 1376 1420 1376 1376 1421 1376 1376 1168 1376 1376 434 1376 1376 1173 1376 1376 228 1376 1376 359 1376 1376 1422 1376 1376 1423 1376 1376 568 1376 1376 1376 1376 216 1376 1376 548 1376 1376 448 1376 1376 313 1376 1376 1424 1376 1376 1251 1376 1376 1425 1376 1376 406 1376 1376 1426 1376 1376 1427 1376 1376 419 1376 1376 1428 1376 1376 1167 1376 1376 1429 1376 1376 205 1376 1376 209 1376 1376 1430 1376 1376 543 1376 1376 1431 1376 1376 1432 1376 1376 553 1376 1376 1433 1376 1376 1178 1376 1376 1434 1376 1376 1435 1376 1376 1436 1376 1376 1437 1376 1376 641 1376 1376 1376 1376 207 1376 1376 1438 1376 1376 1376 1376 1439 1376 1376 313 1376 1376 1440 1376 1376 1441 1376 1376 1442 1376 1376 1376 1376 1376 1376 1443 1376 1376 1376 1376 1444 1376 1376 1445 1376 1376 1446 1376 1376 1437 1376 1376 1447 1376 1376 1448 1376 1376 1449 1376 1376 313 1376 1376 1450 1376 1376 313 1376 1376 1451 1376 1376 1376 1376 1376 1376 1452 1376 1376 1453 1376 1376 1454 1376 1376 1455 1376 1376 1456 1376 1376 1457 1376 1376 1458 1376 1376 1459 1376 1376 1460 1376 1376 1461 1376 1376 1376 1376 1376 1376 1462 1376 1376 1463 1376 1376 1464 1376 1376 1454 1376 1376 1376 1376 1376 1376 1376 1376 1465 1376 1376 1466 1376 1467 1376 1078 1376 1376 1468 1376 1376 1376 1376 1376 1376 1469 1376 1470 1376 1471 1376 1472 1376 1473 1376 1376 1474 1376 1376 1475 1376 1376 1476 1376 1376 1477 1376 1376 1478 1376 1479 1376 1480 1376 1376 1481 1376 1376 1376 1376 1482 1376 1376 1376 1376 1483 1376 1376 1376 1376 1376 1376 313 1376 1376 1484 1376 1376 1376 1376 1376 1376 1376 1376 1485 1376 1376 1485 1376 1376 1376 1376 313 1376 1376 1486 1376 1376 313 1376 1376 1487 1376 1376 1488 1376 1489 1376 1490 1376 1376 1376 1376 686 1376 1376 1491 1376 1376 313 1376 1376 1492 1376 1493 1376 1494 1376 1376 1376 1376 313 1376 1376 1376 1376 313 1376 1376 1495 1376 1376 1376 1376 313 1376 1376 1496 1376 1376 1497 1376 1498 1376 1376 1376 1499 1376 1376 313 1376 1376 1500 1376 1376 1376 1376 1501 1376 1376 1376 1376 313 1376 1376 1376 1376 1376 1376 1376 1376 313 1376 1376 1502 1376 1376 1503 1376 1376 1376 1376 1504 1376 1376 1505 1376 1376 313 1376 1376 1376 1376 1376 1376 1376 1376 1506 1376 1376 1376 1376 313 1376 1376 1507 1376 1376 1376 1376 1376 1376 1376 1376 1376 67 68 69 70 71 72 73 74 75 76 77 78 79 80 68 49 81 82
https://www.closetcooking.com/jalapeno-poppers/
1385:  1385 1385 1385 0 1 2 3 4 5 6 7 8 9 10 1 11 12 13 1 14 15 16 17 18 19 20 1 21 22 23 24 25 26 27 28 29 1 30 31 32 33 34 35 36 37 38 1 39 40 41 42 43 44 45 46 1 47 48 49 50 51 52 53 54 48 1385 181 182 183 1376 181 182 183 181 182 183 1508 1376 1509 1510 1386 1387 1373 1389 1388 1511 715 1392 1393 1394 1512 1395 1396 1398 1513 1400 196 1401 1514 1515 1516 1517 1517 10 187 12 143 13 188 188 250 1385 1385 1518 1385 1385 452 1385 1385 1385 1385 220 1385 1385 403 1385 1385 362 1385 1385 642 1385 1385 454 1385 1385 323 1385 1385 1148 1385 1385 266 1385 1385 1519 1385 1385 559 1385 1385 404 1385 1385 1385 1385 1520 1385 1385 406 1385 1385 615 1385 1385 395 1385 1385 384 1385 1385 1521 1385 1385 1425 1385 1385 354 1385 1385 1385 1385 440 1385 1385 353 1385 1385 372 1385 1385 1167 1385 1385 361 1385 1385 382 1385 1385 639 1385 1385 1522 1385 1385 453 1385 1385 475 1385 1385 457 1385 1385 1523 1385 1385 430 1385 1385 451 1385 1385 614 1385 1385 1178 1385 1385 410 1385 1385 1524 1385 1385 1525 1385 1385 228 1385 1385 1426 1385 1385 416 1385 1385 1526 1385 1385 543 1385 1385 1385 1385 1385 1385 419 1385 1385 1527 1385 1385 1385 1385 1385 1385 1528 1385 1385 1529 1385 1385 750 1385 1385 357 1385 1385 1436 1385 1385 1530 1385 1385 1531 1385 1385 1433 1385 1385 407 1385 1385 1532 1385 1385 1533 1385 1385 1385 1385 1534 1385 1385 1535 1385 1385 1452 1385 1385 1536 1385 1385 1185 1385 1537 1385 1385 1538 1385 1539 1385 1385 1540 1385 1385 1541 1385 1385 1542 1385 1385 1385 67 68 69 70 71 72 73 74 75 76 77 78 79 80 68 49 81 82
https://www.closetcooking.com/chili-rellenos/
1508:  1508 1508 1508 0 1 2 3 4 5 6 7 8 9 10 1 11 12 13 1 14 15 16 17 18 19 20 1 21 22 23 24 25 26 27 28 29 1 30 31 32 33 34 35 36 37 38 1 39 40 41 42 43 44 45 46 1 47 48 49 50 51 52 53 54 48 1508 181 182 183 1543 181 182 183 181 182 183 1385 1544 1376 1513 187 7 27 18 143 188 188 403 1508 1508 503 1508 1508 1545 1508 1508 1546 1508 1508 1547 1508 1508 474 1508 1508 1548 1508 1508 458 1508 1508 1549 1508 1508 1550 1508 1508 323 1508 1508 287 1508 1508 1551 1508 1508 298 1508 1508 1552 1508 1508 1553 1508 1508 1554 1508 1508 1555 1508 1508 1556 1508 1508 1557 1508 1508 338 1508 1508 1558 1508 1508 750 1508 1508 1559 1508 1508 335 1508 1508 529 1508 1508 410 1508 1508 430 1508 1508 1560 1508 1508 1556 1508 1508 1561 1508 1508 1269 1508 1508 1508 1508 1562 1508 1563 1508 1564 1508 1508 1508 1508 1565 1508 1508 1508 1508 1508 67 68 69 70 71 72 73 74 75 76 77 78 79 80 68 49 81 82
https://www.closetcooking.com/gemista-greek-stuffed-tomatoes-and/
1544:  1544 1544 1544 0 1 2 3 4 5 6 7 8 9 10 1 11 12 13 1 14 15 16 17 18 19 20 1 21 22 23 24 25 26 27 28 29 1 30 31 32 33 34 35 36 37 38 1 39 40 41 42 43 44 45 46 1 47 48 49 50 51 52 53 54 48 1544 181 182 183 181 182 183 181 182 183 1566 1508 1567 1568 1569 1570 1571 1572 1573 1574 14 187 11 23 7 143 141 89 188 188 250 1544 1544 1575 1544 1544 1576 1544 1544 1577 1544 1544 1578 1544 1544 1579 1544 1544 473 1544 1544 1580 1544 1544 1581 1544 1544 1582 1544 1544 220 1544 1544 326 1544 1544 458 1544 1544 1583 1544 1584 1544 1145 1544 1544 1585 1544 1544 382 1544 1544 298 1544 1544 1586 1544 1544 384 1544 1544 1252 1544 1544 1587 1544 1544 1588 1544 1544 368 1544 1544 266 1544 1544 1544 1544 375 1544 1544 1589 1544 1544 1590 1544 1544 1544 1544 1544 1544 1591 1544 1544 313 1544 1544 1544 1544 313 1544 1544 1544 67 68 69 70 71 72 73 74 75 76 77 78 79 80 68 49 81 82
https://www.closetcooking.com/melitzanes-papoutsakia-stuffed-eggplant/
1568:  1568 1568 1568 0 1 2 3 4 5 6 7 8 9 10 1 11 12 13 1 14 15 16 17 18 19 20 1 21 22 23 24 25 26 27 28 29 1 30 31 32 33 34 35 36 37 38 1 39 40 41 42 43 44 45 46 1 47 48 49 50 51 52 53 54 48 1568 181 182 183 181 182 183 1592 181 182 183 389 1567 1544 1570 14 187 23 7 143 188 188 235 1568 1568 375 1568 1568 610 1568 1568 313 1568 1568 1568 1568 1568 1568 1568 67 68 69 70 71 72 73 74 75 76 77 78 79 80 68 49 81 82
https://www.closetcooking.com/moussaka/
1569:  1569 1569 1569 0 1 2 3 4 5 6 7 8 9 10 1 11 12 13 1 14 15 16 17 18 19 20 1 21 22 23 24 25 26 27 28 29 1 30 31 32 33 34 35 36 37 38 1 39 40 41 42 43 44 45 46 1 47 48 49 50 51 52 53 54 48 1569 181 182 183 181 182 183 1592 181 182 183 1593 1567 1544 1570 1594 14 187 23 12 7 143 188 188 235 1569 1569 1595 1569 1569 1244 1569 1569 206 1569 1569 1362 1569 1596 1569 251 1569 1569 375 1569 1569 313 1569 1569 1597 1569 1569 1598 1569 1569 1569 1569 1590 1569 1569 1599 1569 1600 1569 1569 1569 1601 1569 1569 1569 67 68 69 70 71 72 73 74 75 76 77 78 79 80 68 49 81 82
https://www.closetcooking.com/imam-baildi/
1570:  1570 1570 1570 0 1 2 3 4 5 6 7 8 9 10 1 11 12 13 1 14 15 16 17 18 19 20 1 21 22 23 24 25 26 27 28 29 1 30 31 32 33 34 35 36 37 38 1 39 40 41 42 43 44 45 46 1 47 48 49 50 51 52 53 54 48 1570 181 182 183 1544 1602 1603 181 182 183 181 182 183 1567 1568 1569 1544 1604 187 11 23 7 102 143 107 89 13 188 188 250 1570 1570 508 1570 1570 1605 1570 1570 410 1570 1570 460 1570 1570 1606 1570 1570 336 1570 1570 473 1570 1570 1607 1570 1570 266 1570 1570 323 1570 1570 1549 1570 1570 1570 1570 235 1570 1570 326 1570 1570 1608 1570 1570 559 1570 1570 298 1570 1570 1181 1570 1570 535 1570 1570 383 1570 1570 1609 1570 1570 1610 1570 1570 1570 1570 1611 1570 1570 271 1570 1570 1570 1570 313 1570 1570 1612 1570 1570 1613 1570 1570 1614 1570 1570 1615 1570 1616 1570 1570 67 68 69 70 71 72 73 74 75 76 77 78 79 80 68 49 81 82
https://www.closetcooking.com/gigantes-plaki-greek-baked-beans/
1571:  1571 1571 1571 0 1 2 3 4 5 6 7 8 9 10 1 11 12 13 1 14 15 16 17 18 19 20 1 21 22 23 24 25 26 27 28 29 1 30 31 32 33 34 35 36 37 38 1 39 40 41 42 43 44 45 46 1 47 48 49 50 51 52 53 54 48 1571 181 182 183 1617 181 182 183 181 182 183 1618 1619 1620 1544 1621 1622 10 187 11 23 7 143 89 13 188 188 505 1571 1571 1571 1571 1571 1571 261 1571 1571 472 1571 1571 470 1571 1571 1623 1571 1571 323 1571 1571 458 1571 1571 527 1571 1571 266 1571 1571 529 1571 1571 507 1571 1571 298 1571 1571 1624 1571 1571 1625 1571 1571 1626 1571 1571 1627 1571 1571 398 1571 1571 313 1571 1571 1628 1571 1571 313 1571 1571 1629 1571 1571 1571 1571 1571 1571 1571 1571 1630 1571 1571 1631 1571 1571 1571 67 68 69 70 71 72 73 74 75 76 77 78 79 80 68 49 81 82
https://www.closetcooking.com/mini-pepper-nachos-with-corn-black/
1572:  1572 1572 1572 0 1 2 3 4 5 6 7 8 9 10 1 11 12 13 1 14 15 16 17 18 19 20 1 21 22 23 24 25 26 27 28 29 1 30 31 32 33 34 35 36 37 38 1 39 40 41 42 43 44 45 46 1 47 48 49 50 51 52 53 54 48 1572 181 182 183 1143 181 182 183 1143 184 181 182 183 1632 1633 1544 1373 1634 73 1635 1513 1636 1637 63 10 39 187 11 27 143 89 13 188 188 1638 1572 1572 905 1572 1572 1639 1572 1572 1640 1572 1572 658 1572 1572 1641 1572 1572 906 1572 1572 1642 1572 1572 916 1572 1572 1380 1572 1572 1643 1572 1572 1644 1572 1572 1645 1572 1572 816 1572 1572 1646 1572 1572 1647 1572 1572 1648 1572 1572 659 1572 1572 1649 1572 1572 298 1572 1572 1648 1572 1572 1650 1572 1572 1572 1572 919 1572 1572 1651 1572 1572 313 1572 1572 1572 1572 1572 1572 1652 1572 1572 1653 1572 1572 1654 1572 1572 313 1572 1572 1655 1572 1656 1572 1572 1572 1572 1572 1657 1572 1572 1572 67 68 69 70 71 72 73 74 75 76 77 78 79 80 68 49 81 82
https://www.closetcooking.com/italian-sausage-stuffed-pepper-soup/
1573:  1573 1573 1573 0 1 2 3 4 5 6 7 8 9 10 1 11 12 13 1 14 15 16 17 18 19 20 1 21 22 23 24 25 26 27 28 29 1 30 31 32 33 34 35 36 37 38 1 39 40 41 42 43 44 45 46 1 47 48 49 50 51 52 53 54 48 1573 181 182 183 181 182 183 1658 1658 184 181 182 183 1659 1660 1661 1544 1662 1663 1664 1665 1666 1574 187 11 24 7 6 1667 18 143 38 134 188 188 656 1573 1573 943 1573 1573 657 1573 1573 1668 1573 1573 658 1573 1573 1573 1573 410 1573 1573 1669 1573 1573 313 1573 1573 1670 1573 1573 1671 1573 1573 1672 1573 1573 313 1573 1573 1669 1573 1673 1573 1573 1573 1573 1573 1573 1573 1573 1573 1573 1573 1573 1573 1573 1573 1573 1573 1674 1573 1573 1675 1573 1573 1573 67 68 69 70 71 72 73 74 75 76 77 78 79 80 68 49 81 82
https://www.closetcooking.com/mexican-stuffed-peppers/
1574:  1574 1574 1574 0 1 2 3 4 5 6 7 8 9 10 1 11 12 13 1 14 15 16 17 18 19 20 1 21 22 23 24 25 26 27 28 29 1 30 31 32 33 34 35 36 37 38 1 39 40 41 42 43 44 45 46 1 47 48 49 50 51 52 53 54 48 1574 181 182 183 1676 1677 719 1143 682 1143 181 182 183 1676 1677 719 1143 682 184 181 182 183 1513 1678 1544 1573 1662 1679 1153 1680 714 1681 1682 1683 1684 1685 1686 78 1687 39 14 187 11 7 1688 27 44 143 89 188 188 1574 1574 1689 1574 1574 1574 1574 1574 67 68 69 70 71 72 73 74 75 76 77 78 79 80 68 49 81 82
https://www.closetcooking.com/kolokithakia-gemista-stuffed-courgettes/
1566:  1566 1566 1566 0 1 2 3 4 5 6 7 8 9 10 1 11 12 13 1 14 15 16 17 18 19 20 1 21 22 23 24 25 26 27 28 29 1 30 31 32 33 34 35 36 37 38 1 39 40 41 42 43 44 45 46 1 47 48 49 50 51 52 53 54 48 1566 181 182 183 1690 1691 1692 1693 181 182 183 1692 181 182 183 1694 1695 789 1544 1696 1697 14 187 11 23 16 7 18 143 141 188 188 235 1566 1566 1362 1566 1566 1566 1566 1590 1566 1566 1566 67 68 69 70 71 72 73 74 75 76 77 78 79 80 68 49 81 82
https://www.closetcooking.com/eggplant-wrapped-kebabs-baked-in-tomato/
1567:  1567 1567 1567 0 1 2 3 4 5 6 7 8 9 10 1 11 12 13 1 14 15 16 17 18 19 20 1 21 22 23 24 25 26 27 28 29 1 30 31 32 33 34 35 36 37 38 1 39 40 41 42 43 44 45 46 1 47 48 49 50 51 52 53 54 48 1567 181 182 183 1698 1699 1617 181 182 183 1617 181 182 183 1568 1694 1569 1700 1544 1570 4 187 16 7 102 143 188 188 508 1567 1567 250 1567 1567 470 1567 1567 559 1567 1567 1701 1567 1567 473 1567 1567 1702 1567 1567 458 1567 1567 323 1567 1567 327 1567 1567 1177 1567 1567 298 1567 1567 1611 1567 1567 453 1567 1567 215 1567 1567 640 1567 1567 1703 1567 1567 384 1567 1567 1704 1567 1567 403 1567 1567 1567 1705 1567 1706 1567 1567 1707 1567 1567 1708 1567 1567 313 1567 1567 1709 1567 1567 1710 1567 1567 916 1567 1711 1567 1712 1567 1567 1567 67 68 69 70 71 72 73 74 75 76 77 78 79 80 68 49 81 82
https://www.closetcooking.com/picadillo/
1543:  1543 1543 1543 0 1 2 3 4 5 6 7 8 9 10 1 11 12 13 1 14 15 16 17 18 19 20 1 21 22 23 24 25 26 27 28 29 1 30 31 32 33 34 35 36 37 38 1 39 40 41 42 43 44 45 46 1 47 48 49 50 51 52 53 54 48 1543 181 182 183 1713 181 182 183 1714 181 182 183 1508 1715 14 116 187 11 7 27 143 188 188 1716 1543 1543 1717 1543 1543 206 1543 1543 1597 1543 1543 1597 1543 1543 313 1543 1543 1590 1543 1543 1543 1543 1543 67 68 69 70 71 72 73 74 75 76 77 78 79 80 68 49 81 82
https://www.closetcooking.com/chili-powder/
1714:  1714 1714 1714 0 1 2 3 4 5 6 7 8 9 10 1 11 12 13 1 14 15 16 17 18 19 20 1 21 22 23 24 25 26 27 28 29 1 30 31 32 33 34 35 36 37 38 1 39 40 41 42 43 44 45 46 1 47 48 49 50 51 52 53 54 48 1714 181 182 183 181 182 183 181 182 183 1718 1719 1679 1720 1543 1721 1722 1723 1724 1725 1726 1727 1724 187 11 27 143 13 188 188 1728 1714 1714 1714 67 68 69 70 71 72 73 74 75 76 77 78 79 80 68 49 81 82
https://www.closetcooking.com/black-bean-corn-and-quinoa-picadillo/
1715:  1715 1715 1715 0 1 2 3 4 5 6 7 8 9 10 1 11 12 13 1 14 15 16 17 18 19 20 1 21 22 23 24 25 26 27 28 29 1 30 31 32 33 34 35 36 37 38 1 39 40 41 42 43 44 45 46 1 47 48 49 50 51 52 53 54 48 1715 181 182 183 1713 181 182 183 181 182 183 1543 1729 1730 1731 1732 83 3 4 39 187 11 7 27 6 1667 44 143 136 13 188 188 813 1715 1715 943 1715 1715 815 1715 1715 1733 1715 1715 906 1715 1715 658 1715 1715 916 1715 1715 1643 1715 1715 659 1715 1715 1380 1715 1715 1734 1715 1715 1648 1715 1715 375 1715 1715 1735 1715 1715 1715 1715 1736 1715 1715 1715 1715 1737 1715 1715 1738 1715 1715 298 1715 1715 313 1715 1715 1646 1715 1715 1739 1715 1715 1715 1715 313 1715 1715 1740 1715 1715 1715 1741 1715 1742 1715 1715 1715 67 68 69 70 71 72 73 74 75 76 77 78 79 80 68 49 81 82
https://www.closetcooking.com/parmesan-crusted-baked-zucchini-sticks/
1509:  1509 1509 1509 0 1 2 3 4 5 6 7 8 9 10 1 11 12 13 1 14 15 16 17 18 19 20 1 21 22 23 24 25 26 27 28 29 1 30 31 32 33 34 35 36 37 38 1 39 40 41 42 43 44 45 46 1 47 48 49 50 51 52 53 54 48 1509 181 182 183 1617 1743 1744 181 182 183 181 182 183 1745 1511 1746 1747 1748 1749 1750 1751 1752 1753 79 10 187 11 143 89 13 188 188 254 1509 1509 551 1509 1509 422 1509 1509 323 1509 1509 435 1509 1509 1754 1509 1509 1414 1509 1509 250 1509 1509 1755 1509 1509 403 1509 1509 451 1509 1509 1756 1509 1509 624 1509 1509 1430 1509 1509 362 1509 1509 369 1509 1509 543 1509 1509 200 1509 1509 298 1509 1509 1419 1509 1509 1173 1509 1509 1757 1509 1509 355 1509 1509 1509 1509 1758 1509 1509 248 1509 1509 1255 1509 1509 1509 1509 1759 1509 1509 431 1509 1509 507 1509 1509 1760 1509 1509 1761 1509 1509 450 1509 1509 568 1509 1509 1762 1509 1509 610 1509 1509 1763 1509 1764 1509 1509 1509 226 1509 1509 630 1509 1509 565 1509 1509 1509 1509 430 1509 1509 1423 1509 1509 354 1509 1509 567 1509 1509 1765 1509 1509 639 1509 1509 367 1509 1509 228 1509 1509 559 1509 1509 614 1509 1509 457 1509 1509 1413 1509 1509 438 1509 1509 1766 1509 1509 223 1509 1509 383 1509 1509 1767 1509 1509 1409 1509 1509 375 1509 1509 207 1509 1509 202 1509 1509 356 1509 1509 364 1509 1509 627 1509 1509 1432 1509 1509 1768 1509 1509 1148 1509 1509 750 1509 1509 1509 1509 1509 1509 1769 1509 1509 1770 1509 1509 1771 1509 1509 1772 1509 1509 1773 1509 1509 1774 1509 1509 1509 1509 1775 1509 1509 1509 1509 1776 1509 1509 1777 1509 1509 1778 1509 1509 1779 1509 1780 1509 1509 1509 1781 1509 1509 1509 1509 1782 1509 1509 1509 1509 1509 1509 313 1509 1509 1783 1509 1509 1509 67 68 69 70 71 72 73 74 75 76 77 78 79 80 68 49 81 82
https://www.closetcooking.com/crispy-lemon-parmesan-zucchini-chips/
1745:  1745 1745 1745 0 1 2 3 4 5 6 7 8 9 10 1 11 12 13 1 14 15 16 17 18 19 20 1 21 22 23 24 25 26 27 28 29 1 30 31 32 33 34 35 36 37 38 1 39 40 41 42 43 44 45 46 1 47 48 49 50 51 52 53 54 48 1745 181 182 183 181 182 183 184 181 182 183 1509 1746 1749 1511 1750 1748 1784 79 10 187 11 143 89 13 188 188 298 1745 1745 410 1745 1745 1785 1745 1745 1786 1745 1787 1745 657 1745 1745 1788 1745 1745 1789 1745 1745 779 1745 1745 1790 1745 1745 1791 1745 1745 313 1745 1745 1745 1745 1792 1745 1745 313 1745 1745 1745 1745 1745 1745 1745 1745 1745 1745 1745 1745 1745 1745 1745 1745 1745 1745 1745 67 68 69 70 71 72 73 74 75 76 77 78 79 80 68 49 81 82
https://www.closetcooking.com/zucchini-bruschetta-bites/
1784:  1784 1784 1784 0 1 2 3 4 5 6 7 8 9 10 1 11 12 13 1 14 15 16 17 18 19 20 1 21 22 23 24 25 26 27 28 29 1 30 31 32 33 34 35 36 37 38 1 39 40 41 42 43 44 45 46 1 47 48 49 50 51 52 53 54 48 1784 181 182 183 1793 181 182 183 184 181 182 183 1794 1795 1796 1797 1798 1799 1800 1745 1318 83 3 4 10 187 11 84 12 143 13 188 188 1801 1784 1802 1784 1784 67 68 69 70 71 72 73 74 75 76 77 78 79 80 68 49 81 82
https://www.closetcooking.com/crispy-baked-eggplant-fries-with/
1746:  1746 1746 1746 0 1 2 3 4 5 6 7 8 9 10 1 11 12 13 1 14 15 16 17 18 19 20 1 21 22 23 24 25 26 27 28 29 1 30 31 32 33 34 35 36 37 38 1 39 40 41 42 43 44 45 46 1 47 48 49 50 51 52 53 54 48 1746 181 182 183 1511 1617 181 182 183 1803 181 182 183 1745 1509 1749 1511 1747 1804 1805 1748 1806 1750 1751 1807 1808 1809 1752 79 10 187 143 89 13 188 188 1746 1746 323 1746 1746 1810 1746 1746 1811 1746 1746 1812 1746 1746 228 1746 1746 1746 1746 1813 1746 1746 1814 1746 1746 1815 1746 1746 1816 1746 1746 313 1746 1746 1817 1746 1746 700 1746 1746 1818 1746 1746 1746 1746 1746 1746 1819 1746 1746 1746 1746 313 1746 1746 1820 1746 1746 1746 1746 313 1746 1746 1746 1746 1821 1746 1746 1746 1746 1822 1746 1746 313 1746 1746 1746 1746 1746 1746 1823 1746 1746 765 1746 1746 1824 1746 1746 765 1746 1746 1746 1746 1746 1746 1825 1746 1746 1746 1746 67 68 69 70 71 72 73 74 75 76 77 78 79 80 68 49 81 82
https://www.closetcooking.com/italian-seasoning/
1803:  1803 1803 1803 0 1 2 3 4 5 6 7 8 9 10 1 11 12 13 1 14 15 16 17 18 19 20 1 21 22 23 24 25 26 27 28 29 1 30 31 32 33 34 35 36 37 38 1 39 40 41 42 43 44 45 46 1 47 48 49 50 51 52 53 54 48 1803 181 182 183 181 182 183 184 181 182 183 1826 1746 1827 1806 1828 1807 1829 1830 1512 1808 1831 1794 1832 1833 1834 1835 1836 1664 1367 1666 1837 1676 1838 1839 1840 187 24 143 133 188 188 661 1803 1803 657 1803 1803 1803 1803 1803 1803 1803 67 68 69 70 71 72 73 74 75 76 77 78 79 80 68 49 81 82
https://www.closetcooking.com/fried-eggplant-and-mozzarella-with/
1804:  1804 1804 1804 0 1 2 3 4 5 6 7 8 9 10 1 11 12 13 1 14 15 16 17 18 19 20 1 21 22 23 24 25 26 27 28 29 1 30 31 32 33 34 35 36 37 38 1 39 40 41 42 43 44 45 46 1 47 48 49 50 51 52 53 54 48 1804 181 182 183 1841 1842 1617 181 182 183 181 182 183 389 1509 1805 1843 1844 1511 1746 1845 10 187 24 12 143 89 13 188 188 1846 1804 1804 1578 1804 1804 632 1804 1804 1167 1804 1804 438 1804 1804 473 1804 1804 527 1804 1804 1847 1804 1804 323 1804 1804 326 1804 1804 458 1804 1804 507 1804 1804 298 1804 1804 363 1804 1804 1848 1804 1804 1849 1804 1804 1769 1804 1804 1161 1804 1804 369 1804 1804 1850 1804 1804 529 1804 1804 1586 1804 1804 535 1804 1804 384 1804 1804 1851 1804 1804 375 1804 1804 1612 1804 1804 1852 1804 1804 1409 1804 1804 1853 1804 1804 1854 1804 1804 1855 1804 1804 1804 1804 1804 1804 1804 67 68 69 70 71 72 73 74 75 76 77 78 79 80 68 49 81 82
https://www.closetcooking.com/eggplant-parmesan-melanzane-di/
1805:  1805 1805 1805 0 1 2 3 4 5 6 7 8 9 10 1 11 12 13 1 14 15 16 17 18 19 20 1 21 22 23 24 25 26 27 28 29 1 30 31 32 33 34 35 36 37 38 1 39 40 41 42 43 44 45 46 1 47 48 49 50 51 52 53 54 48 1805 181 182 183 1617 1617 181 182 183 1617 181 182 183 1843 1856 389 1804 1746 1806 1807 4 187 11 24 7 143 89 13 188 188 1362 1805 1805 1345 1805 1805 251 1805 1805 1716 1805 1805 364 1805 1805 231 1805 1805 1857 1805 1805 1858 1805 1805 1859 1805 1805 1860 1805 1805 1861 1805 1805 1861 1805 1805 1805 1805 1805 67 68 69 70 71 72 73 74 75 76 77 78 79 80 68 49 81 82
https://www.closetcooking.com/quinoa-crusted-chicken-parmesan/
1806:  1806 1806 1806 0 1 2 3 4 5 6 7 8 9 10 1 11 12 13 1 14 15 16 17 18 19 20 1 21 22 23 24 25 26 27 28 29 1 30 31 32 33 34 35 36 37 38 1 39 40 41 42 43 44 45 46 1 47 48 49 50 51 52 53 54 48 1806 181 182 183 181 182 183 1803 1803 1803 1617 1803 1803 1803 181 182 183 1808 1862 1805 1863 1746 1864 1809 1865 1866 1867 1836 1868 1021 1022 1869 1870 15 187 24 7 44 143 188 188 815 1806 1806 943 1806 1806 1871 1806 1806 1872 1806 1806 1873 1806 1806 916 1806 1806 1874 1806 1806 658 1806 1806 1642 1806 1806 336 1806 1806 1875 1806 1806 1876 1806 1806 1877 1806 1806 1878 1806 1806 306 1806 1806 906 1806 1806 1879 1806 1806 410 1806 1806 949 1806 1806 1880 1806 1806 1881 1806 1806 1882 1806 1806 1883 1806 1806 1806 1806 313 1806 1806 1806 1806 1884 1806 1806 1885 1806 1806 1886 1806 1806 313 1806 1806 1886 1806 1806 1806 67 68 69 70 71 72 73 74 75 76 77 78 79 80 68 49 81 82
https://www.closetcooking.com/eggplant-pizzas/
1807:  1807 1807 1807 0 1 2 3 4 5 6 7 8 9 10 1 11 12 13 1 14 15 16 17 18 19 20 1 21 22 23 24 25 26 27 28 29 1 30 31 32 33 34 35 36 37 38 1 39 40 41 42 43 44 45 46 1 47 48 49 50 51 52 53 54 48 1807 181 182 183 1827 1828 181 182 183 1803 1887 1803 184 181 182 183 1794 1828 1827 857 1888 1805 1746 867 1512 1889 1890 1834 1891 1892 1893 4 187 11 7 6 1667 35 143 89 188 188 815 1807 1807 943 1807 1807 906 1807 1807 658 1807 1807 905 1807 1807 1894 1807 1807 1642 1807 1807 1895 1807 1807 1896 1807 1807 595 1807 1807 1897 1807 1807 1409 1807 1807 813 1807 1807 1380 1807 1807 1898 1807 1807 1899 1807 1807 816 1807 1807 949 1807 1807 1900 1807 1901 1807 1902 1807 1807 1903 1807 1807 313 1807 1807 298 1807 1807 1904 1807 1807 1905 1807 1807 379 1807 1807 1906 1807 1807 1907 1807 1807 1908 1807 1807 1909 1807 1807 1807 1807 1807 1807 1910 1807 1807 1807 1807 1911 1807 1807 313 1807 1807 1912 1807 1807 1807 1807 1912 1807 1807 1807 1807 1913 1807 1807 1914 1807 1807 1807 67 68 69 70 71 72 73 74 75 76 77 78 79 80 68 49 81 82
https://www.closetcooking.com/chicken-parmesan-soup/
1808:  1808 1808 1808 0 1 2 3 4 5 6 7 8 9 10 1 11 12 13 1 14 15 16 17 18 19 20 1 21 22 23 24 25 26 27 28 29 1 30 31 32 33 34 35 36 37 38 1 39 40 41 42 43 44 45 46 1 47 48 49 50 51 52 53 54 48 1808 181 182 183 1617 889 1803 181 182 183 889 890 1803 1803 184 181 182 183 1659 1806 1746 1915 1809 1865 1866 1916 1917 1918 899 1836 1868 1664 1367 1919 1666 3 15 904 187 11 24 7 6 1667 34 143 5 38 188 188 1808 1808 1920 1808 1808 782 1808 1808 777 1808 1808 661 1808 1808 943 1808 1808 1881 1808 1808 658 1808 1808 1380 1808 1808 815 1808 1808 1921 1808 1808 1922 1808 1808 1884 1808 1808 403 1808 1808 1923 1808 1808 949 1808 1808 1924 1808 1808 816 1808 1808 430 1808 1808 1647 1808 1808 313 1808 1808 1808 1925 1808 313 1808 1808 1926 1808 1808 1927 1808 1808 1928 1808 1808 1808 1808 1929 1808 1808 313 1808 1808 1808 1808 1930 1808 1808 1931 1808 1808 1808 1808 1808 1808 1932 1808 1808 1933 1808 1808 1808 67 68 69 70 71 72 73 74 75 76 77 78 79 80 68 49 81 82
https://www.closetcooking.com/eggplant-parmesan-boats/
1809:  1809 1809 1809 0 1 2 3 4 5 6 7 8 9 10 1 11 12 13 1 14 15 16 17 18 19 20 1 21 22 23 24 25 26 27 28 29 1 30 31 32 33 34 35 36 37 38 1 39 40 41 42 43 44 45 46 1 47 48 49 50 51 52 53 54 48 1809 181 182 183 1934 708 1617 181 182 183 1617 184 181 182 183 1806 1746 1808 1696 1830 1697 1797 1662 1935 1367 1936 187 11 24 7 18 143 188 188 661 1809 1809 782 1809 1809 1937 1809 1809 777 1809 1809 658 1809 1809 1938 1809 1809 1380 1809 1809 440 1809 1809 484 1809 1809 1939 1809 1809 949 1809 1809 375 1809 1809 1940 1809 1809 1941 1809 1809 1076 1809 1809 1809 1809 1942 1809 1943 1809 1944 1809 1809 1809 1809 313 1809 1809 765 1809 1809 1809 1809 1809 1809 1809 1809 1809 1809 1945 1809 1809 1809 67 68 69 70 71 72 73 74 75 76 77 78 79 80 68 49 81 82
https://www.closetcooking.com/crispy-baked-onion-rings/
1747:  1747 1747 1747 0 1 2 3 4 5 6 7 8 9 10 1 11 12 13 1 14 15 16 17 18 19 20 1 21 22 23 24 25 26 27 28 29 1 30 31 32 33 34 35 36 37 38 1 39 40 41 42 43 44 45 46 1 47 48 49 50 51 52 53 54 48 1747 181 182 183 1746 1511 181 182 183 1839 181 182 183 1751 1748 1746 1511 1509 1946 1749 1750 1947 1398 79 10 187 143 89 13 188 188 1948 1747 1747 1949 1747 1747 1950 1747 1747 1747 1747 1747 1747 1951 1747 1747 1952 1747 1747 1876 1747 1747 1953 1747 1747 1954 1747 1747 1549 1747 1747 962 1747 1747 1955 1747 1956 1747 313 1747 1747 298 1747 1747 1747 1747 1032 1747 1747 1957 1747 1747 300 1747 1747 1958 1747 1747 1959 1747 1747 1960 1747 1747 1961 1747 1747 1747 1747 1962 1747 1963 1747 1964 1747 1747 1747 1747 1747 1747 1747 1747 1965 1747 1747 1966 1747 1747 1967 1747 1747 1968 1747 1747 1969 1747 1747 313 1747 1747 1970 1747 1747 1747 1747 1971 1747 1747 1747 1747 1747 1747 1972 1747 1747 1973 1747 1747 313 1747 1747 1747 1747 1974 1747 1747 1783 1747 1747 313 1747 1747 1885 1747 1747 1747 67 68 69 70 71 72 73 74 75 76 77 78 79 80 68 49 81 82
https://www.closetcooking.com/onion-rings-french-fried-onions/
1946:  1946 1946 1946 0 1 2 3 4 5 6 7 8 9 10 1 11 12 13 1 14 15 16 17 18 19 20 1 21 22 23 24 25 26 27 28 29 1 30 31 32 33 34 35 36 37 38 1 39 40 41 42 43 44 45 46 1 47 48 49 50 51 52 53 54 48 1946 181 182 183 181 182 183 181 182 183 1975 1976 1747 1977 1123 1978 1510 1979 1751 10 187 143 8 89 13 188 188 261 1946 1946 207 1946 1946 1980 1946 1946 235 1946 1946 227 1946 1946 1981 1946 1946 248 1946 1946 1982 1946 1946 1946 1946 1983 1946 1946 206 1946 1946 220 1946 1946 1984 1946 1946 380 1946 1946 201 1946 1946 212 1946 1946 203 1946 1946 210 1946 1946 1985 1946 1946 1946 67 68 69 70 71 72 73 74 75 76 77 78 79 80 68 49 81 82
https://www.closetcooking.com/crispy-parmesan-cauliflower-bites/
1947:  1947 1947 1947 0 1 2 3 4 5 6 7 8 9 10 1 11 12 13 1 14 15 16 17 18 19 20 1 21 22 23 24 25 26 27 28 29 1 30 31 32 33 34 35 36 37 38 1 39 40 41 42 43 44 45 46 1 47 48 49 50 51 52 53 54 48 1947 181 182 183 1986 1987 1988 181 182 183 1839 184 181 182 183 1989 1990 1991 1750 1747 1398 1992 10 41 187 11 12 143 13 188 188 813 1947 1947 1993 1947 1947 1994 1947 1947 1995 1947 1947 1996 1947 1947 1997 1947 1947 1998 1947 1947 1999 1947 1947 2000 1947 1947 2001 1947 1947 2002 1947 1947 2003 1947 1947 1947 1947 2004 1947 1947 1947 1947 1947 1947 313 1947 1947 1884 1947 1947 779 1947 1947 1872 1947 1947 2005 1947 1947 298 1947 1947 2006 1947 1947 1947 1947 2007 1947 1947 1947 2008 1947 1947 1947 2009 1947 1947 2010 1947 1947 1947 1947 1947 1947 1947 1947 1947 1947 2011 1947 1947 660 1947 1947 2012 1947 1947 1947 1947 313 1947 1947 2013 1947 1947 313 1947 1947 2014 1947 1947 765 1947 1947 313 1947 1947 2015 1947 1947 1947 1947 1947 1947 1947 1947 1947 1947 2016 1947 1947 1947 1947 1947 1947 1947 1947 1947 1947 1947 1947 1947 1947 1947 1947 2017 1947 1947 1947 67 68 69 70 71 72 73 74 75 76 77 78 79 80 68 49 81 82
https://www.closetcooking.com/beer-battered-crispy-baked-pickle-fries/
1748:  1748 1748 1748 0 1 2 3 4 5 6 7 8 9 10 1 11 12 13 1 14 15 16 17 18 19 20 1 21 22 23 24 25 26 27 28 29 1 30 31 32 33 34 35 36 37 38 1 39 40 41 42 43 44 45 46 1 47 48 49 50 51 52 53 54 48 1748 181 182 183 1747 1746 1511 181 182 183 1839 181 182 183 1747 1511 1746 1509 1751 1745 79 63 10 187 143 89 13 188 188 298 1748 1748 1748 1748 313 1748 1748 2018 1748 1748 2019 1748 1748 2020 1748 1748 313 1748 1748 2021 1748 1748 313 1748 1748 2022 1748 1748 2023 1748 1748 2024 1748 1748 313 1748 1748 2024 1748 1748 1748 1748 1748 1748 2025 1748 1748 1748 67 68 69 70 71 72 73 74 75 76 77 78 79 80 68 49 81 82
https://www.closetcooking.com/crispy-baked-asparagus-fries/
1749:  1749 1749 1749 0 1 2 3 4 5 6 7 8 9 10 1 11 12 13 1 14 15 16 17 18 19 20 1 21 22 23 24 25 26 27 28 29 1 30 31 32 33 34 35 36 37 38 1 39 40 41 42 43 44 45 46 1 47 48 49 50 51 52 53 54 48 1749 181 182 183 1007 181 182 183 184 181 182 183 1745 1750 1746 1509 1511 1747 2026 1751 1752 2027 79 10 187 143 89 13 188 188 1643 1749 1749 813 1749 1749 815 1749 1749 2000 1749 1749 1076 1749 1749 2028 1749 1749 1642 1749 1749 1876 1749 1749 1875 1749 1749 967 1749 1749 1749 1749 216 1749 1749 2029 1749 1749 298 1749 1749 2030 1749 1749 2031 1749 1749 2032 1749 1749 816 1749 1749 2033 1749 1749 1749 1749 1749 1749 2034 1749 1749 2035 1749 1749 2036 1749 1749 2037 1749 1749 313 1749 1749 2038 1749 1749 1749 1749 2039 1749 1749 2040 1749 1749 313 1749 1749 1749 1749 1749 1749 1749 1749 313 1749 1749 1749 1749 313 1749 1749 1749 1749 1749 1749 2041 1749 1749 2041 1749 1749 1749 1749 313 1749 1749 1749 1749 1749 1749 2042 1749 1749 1749 1749 2043 1749 1749 1749 1749 2044 1749 1749 2045 1749 1749 313 1749 1749 2046 1749 1749 2047 1749 1749 2048 1749 1749 1749 67 68 69 70 71 72 73 74 75 76 77 78 79 80 68 49 81 82
https://www.closetcooking.com/prosciutto-wrapped-asparagus-with/
2026:  2026 2026 2026 0 1 2 3 4 5 6 7 8 9 10 1 11 12 13 1 14 15 16 17 18 19 20 1 21 22 23 24 25 26 27 28 29 1 30 31 32 33 34 35 36 37 38 1 39 40 41 42 43 44 45 46 1 47 48 49 50 51 52 53 54 48 2026 181 182 183 2049 2049 181 182 183 2049 181 182 183 2050 2051 2052 2053 1749 10 85 187 11 12 143 188 188 2054 2026 2026 298 2026 2026 1125 2026 2026 323 2026 2026 2055 2026 2026 2056 2026 2026 2026 67 68 69 70 71 72 73 74 75 76 77 78 79 80 68 49 81 82
