https://cookpad.com/
0:  0 1 0 2 0 3 4 3 1 5 6 7 8 9 10 11 12 13 14 15 16 17 1 18 19 19 18 20 21 22 23 24 18 12 25 26 27 12 12 12 12 12 28 28 29 13 13 30 31 32 32 33 34 35 36 36 37 38 39 40 40 41 42 43 44 44 45 46 47 48 48 49 50 51 52 52 53 54 55 56 56 57 58 59 60 60 61 62 63 64 64 65 66 67 68 68 69 70 71 72 72 73 74 75 76 76 77 78 79 31 14 80 81 82 83 84 85 86 87 88 6 89 90 9 91 92 93 94 95 96 97 98 99 100 101 102 103 9 7 104 105 106 107 15 15 15 15 108 109 110 111 112 113 108 108 114 115 116 117 118 108 119 120 121 122 123 123 123 123 122 124 31 14 6 29 13 2 125 126 127 12 8 128 122 129 4 130 131 7 15 132 119 133 18 134 135 136 10 137 138 139 140 141 142 143 144 3 124 145 146 147 148 149 150 151 152 153 154 155 156 157 158 159 160 161 157 0 162
https://cookpad.com/sitemap
1:  0 1 0 2 1 3 4 3 5 31 29 127 6 7 8 9 129 11 12 163 14 164 18 165 166 167 1 1 1 31 14 6 29 13 2 125 126 127 12 8 128 122 129 4 130 131 7 15 132 119 133 18 134 135 136 10 137 138 139 140 141 142 143 144 3 124 145 146 147 148 149 150 151 152 153 154 155 156 157 158 159 160 161 157 1 162
https://cookpad.com/honor_recipe/
163:  0 1 0 2 163 3 4 3 13 126 168 168 168 168 168 168 168 168 168 168 168 168 168 168 168 168 168 168 168 168 168 168 168 168 168 168 168 168 168 168 168 168 168 168 168 168 168 168 168 168 168 168 168 168 168 168 168 168 120 121 124 163 163 163 31 14 6 29 13 2 125 126 127 12 8 128 122 129 4 130 131 7 15 132 119 133 18 134 135 136 10 137 138 139 140 141 142 143 144 3 124 145 146 147 148 149 150 151 152 153 154 155 156 157 158 159 160 161 157 163 162
https://cookpad.com/premium/kondate/branch
164:  0 1 7 169 170 168 168 168 168 168 168 168 168 168 168 168 168 168 168 168 168 168 168 168 168 168 168 168 168 168 168 168 168 171 120 121 124 164 164 164 31 14 6 29 13 2 125 126 127 12 8 128 122 129 4 130 131 7 15 132 119 133 18 134 135 136 10 137 138 139 140 141 142 143 144 3 124 145 146 147 148 149 150 151 152 153 154 155 156 157 158 159 160 161 157 164 162
https://cookpad.com/user_kondates/new
169:  0 172 144 173 174 124
https://cookpad.com/identity/session/new
172:  0 144 175 176 177 173 174 124
https://cookpad.com/identity/password_resets/new
175:  0 124 173 174 124
https://cookpad.com/terms/tokutei
173:  0 1 0 2 173 3 4 3 146 178 179 180 181 182 173 150 151 183 153 184 185 186 187 31 14 6 29 13 2 125 126 127 12 8 128 122 129 4 130 131 7 15 132 119 133 18 134 135 136 10 137 138 139 140 141 142 143 144 3 124 145 146 147 148 149 150 151 152 153 154 155 156 157 158 159 160 161 157 173 162
https://cookpad.com/terms/mykitchen
178:  0 1 0 2 178 3 4 3 146 178 179 180 181 182 173 150 151 183 153 184 185 31 14 6 29 13 2 125 126 127 12 8 128 122 129 4 130 131 7 15 132 119 133 18 134 135 136 10 137 138 139 140 141 142 143 144 3 124 145 146 147 148 149 150 151 152 153 154 155 156 157 158 159 160 161 157 178 162
https://cookpad.com/terms/kitchen_organization
179:  0 1 0 2 179 3 4 3 146 178 179 180 181 182 173 150 151 183 153 184 185 188 31 14 6 29 13 2 125 126 127 12 8 128 122 129 4 130 131 7 15 132 119 133 18 134 135 136 10 137 138 139 140 141 142 143 144 3 124 145 146 147 148 149 150 151 152 153 154 155 156 157 158 159 160 161 157 179 162
https://cookpad.com/contact/support_requests/new
188:  0 1 0 2 188 3 4 3 189 190 191 187 192 193 194 195 194 196 197 198 194 196 197 198 199 200 201 201 201 201 201 201 201 201 201 201 201 201 188 176 177 188 188 188 31 14 6 29 13 2 125 126 127 12 8 128 122 129 4 130 131 7 15 132 119 133 18 134 135 136 10 137 138 139 140 141 142 143 144 3 124 145 146 147 148 149 150 151 152 153 154 155 156 157 158 159 160 161 157 188 162
https://cookpad.com/helps/group/34
192:  0 1 0 2 192 3 4 3 202 203 192 192 192 192 192 192 192 192 188 192 188 203 204 193 205 31 14 6 29 13 2 125 126 127 12 8 128 122 129 4 130 131 7 15 132 119 133 18 134 135 136 10 137 138 139 140 141 142 143 144 3 124 145 146 147 148 149 150 151 152 153 154 155 156 157 158 159 160 161 157 192 162
https://cookpad.com/helps/service/cookpad
202:  0 1 0 2 202 3 4 3 189 170 202 202 206 175 188 202 175 188 202 202 202 202 188 202 202 202 202 188 175 188 202 143 188 202 202 202 202 202 202 207 188 202 143 188 202 194 202 202 208 209 188 202 188 202 188 202 202 143 210 197 211 210 212 188 202 202 202 213 143 202 202 213 143 202 188 202 202 202 202 202 213 143 202 188 202 188 202 214 214 214 188 202 214 188 202 188 202 202 143 188 202 202 143 143 188 202 143 188 202 143 188 202 202 202 202 202 202 202 188 202 188 215 203 214 199 216 217 218 219 220 221 147 188 31 14 6 29 13 2 125 126 127 12 8 128 122 129 4 130 131 7 15 132 119 133 18 134 135 136 10 137 138 139 140 141 142 143 144 3 124 145 146 147 148 149 150 151 152 153 154 155 156 157 158 159 160 161 157 202 162
https://cookpad.com/account/recover
206:  0 1 0 2 206 3 4 3 206 188 31 14 6 29 13 2 125 126 127 12 8 128 122 129 4 130 131 7 15 132 119 133 18 134 135 136 10 137 138 139 140 141 142 143 144 3 124 145 146 147 148 149 150 151 152 153 154 155 156 157 158 159 160 161 157 206 162
http://cookpad.com/helps/group/9
207:  213 222 213 223 207 224 225 224 226 227 207 206 175 228 207 175 228 207 207 207 207 228 207 207 207 207 188 175 228 207 143 228 227 229 230 231 232 233 234 235 236 223 237 238 239 240 241 242 243 129 225 244 245 246 247 132 248 249 250 251 252 136 253 254 255 256 257 258 259 260 261 224 262 263 264 147 265 149 266 267 152 268 154 155 156 157 158 159 160 161 157 207 269
http://cookpad.com/pass
256:  213 222 213 223 256 224 225 224 256 256 256 232 233 234 235 236 223 237 238 239 240 241 242 243 129 225 244 245 246 247 132 248 249 250 251 252 136 253 254 255 256 257 258 259 260 261 224 262 263 264 147 265 149 266 267 152 268 154 155 156 157 158 159 160 161 157 256 269
http://cookpad.com/mykitchen
257:  213 222 213 223 257 224 225 224 207 270 271 207 271 232 233 234 235 236 223 237 238 239 240 241 242 243 129 225 244 245 246 247 132 248 249 250 251 252 136 253 254 255 256 257 258 259 260 261 224 262 263 264 147 265 149 266 267 152 268 154 155 156 157 158 159 160 161 157 257 269
http://cookpad.com/account/recover
270:  213 222 213 223 270 224 225 224 270 228 232 233 234 235 236 223 237 238 239 240 241 242 243 129 225 244 245 246 247 132 248 249 250 251 252 136 253 254 255 256 257 258 259 260 261 224 262 263 264 147 265 149 266 267 152 268 154 155 156 157 158 159 160 161 157 270 269
http://cookpad.com/user/regist
271:  213 222 213 223 224 225 224 272 271 271 264 267 232 233 234 235 236 223 237 238 239 240 241 242 243 129 225 244 245 246 247 132 248 249 250 251 252 136 253 254 255 256 257 258 259 260 261 224 262 263 264 147 265 149 266 267 152 268 154 155 156 157 158 159 160 161 157 271 269
http://cookpad.com/login
272:  213 222 213 223 272 224 225 224 207 270 271 207 271 232 233 234 235 236 223 237 238 239 240 241 242 243 129 225 244 245 246 247 132 248 249 250 251 252 136 253 254 255 256 257 258 259 260 261 224 262 263 264 147 265 149 266 267 152 268 154 155 156 157 158 159 160 161 157 272 269
http://cookpad.com/myfolder
258:  0 273 261 173 174 124
http://cookpad.com/identity/session/new
273:  0 261 274 176 177 173 174 124
http://cookpad.com/identity/password_resets/new
274:  0 124 173 174 124
http://cookpad.com/recipe/history
259:  213 222 213 223 259 224 225 224 207 270 271 207 271 232 233 234 235 236 223 237 238 239 240 241 242 243 129 225 244 245 246 247 132 248 249 250 251 252 136 253 254 255 256 257 258 259 260 261 224 262 263 264 147 265 149 266 267 152 268 154 155 156 157 158 159 160 161 157 259 269
http://cookpad.com/user/edit
260:  0 273 261 173 174 124
http://cookpad.com/identity/email_registrations/new
261:  0 174 176 177 173 174 124
http://cookpad.com/helps
262:  213 222 213 223 262 224 225 224 275 272 262 262 206 175 228 262 175 228 262 262 262 262 228 262 262 262 262 188 175 228 262 143 228 262 262 262 262 262 262 207 228 262 143 228 262 194 262 262 208 209 228 262 228 262 228 262 262 143 210 197 211 210 212 228 262 262 262 213 143 262 262 213 143 262 228 262 262 262 262 262 213 143 262 228 262 228 262 214 214 214 228 262 214 228 262 228 262 262 143 228 262 262 143 143 228 262 143 228 262 143 228 262 262 262 262 262 262 262 228 262 228 227 276 277 278 279 280 281 282 283 284 147 228 232 233 234 235 236 223 237 238 239 240 241 242 243 129 225 244 245 246 247 132 248 249 250 251 252 136 253 254 255 256 257 258 259 260 261 224 262 263 264 147 265 149 266 267 152 268 154 155 156 157 158 159 160 161 157 262 269
http://cookpad.com/helps/group/334
275:  213 222 213 223 275 224 225 224 226 285 275 211 286 287 0 288 289 290 291 292 215 293 188 228 285 294 295 296 297 298 299 300 301 302 303 304 305 306 307 308 309 310 311 312 313 314 315 316 317 318 319 320 321 322 323 324 325 326 327 328 329 330 331 332 333 334 335 232 233 234 235 236 223 237 238 239 240 241 242 243 129 225 244 245 246 247 132 248 249 250 251 252 136 253 254 255 256 257 258 259 260 261 224 262 263 264 147 265 149 266 267 152 268 154 155 156 157 158 159 160 161 157 275 269
http://cookpad.com/helps/category/9
285:  213 222 213 223 285 224 225 224 226 285 285 336 215 293 188 228 285 188 228 285 211 286 287 0 288 289 290 291 292 215 293 188 228 285 290 337 214 215 0 293 188 228 285 338 288 289 214 215 0 293 188 228 285 339 340 213 213 188 228 285 339 340 188 228 285 339 340 188 228 285 213 213 188 228 285 188 228 285 339 340 188 228 285 341 188 228 285 188 228 285 228 285 342 293 188 228 285 343 344 345 346 188 228 285 228 285 188 228 285 188 228 285 146 178 293 188 228 285 228 285 228 285 347 188 228 285 228 285 348 349 190 212 350 351 352 353 354 188 228 285 188 188 228 285 188 188 228 285 143 212 143 188 188 228 285 143 212 143 143 188 188 228 285 355 188 228 285 228 285 356 357 228 285 228 285 262 228 285 358 358 359 360 361 358 362 363 228 285 285 285 285 285 285 285 285 285 285 285 285 285 285 285 364 293 228 285 228 285 228 285 365 228 285 213 143 228 285 293 228 285 228 285 356 0 366 366 366 367 228 232 233 234 235 236 223 237 238 239 240 241 242 243 129 225 244 245 246 247 132 248 249 250 251 252 136 253 254 255 256 257 258 259 260 261 224 262 263 264 147 265 149 266 267 152 268 154 155 156 157 158 159 160 161 157 285 269
https://payment.cookpad.com/subscription_orders/subscribing/cookpad_premium_service
355:  0 368 369 176 177 173 174 124
https://cookpad.com
357:  0 1 0 2 357 3 4 3 1 5 6 7 8 9 10 11 12 13 14 15 16 17 1 18 19 19 18 20 21 22 23 24 18 12 25 26 27 12 12 12 12 12 28 28 29 13 13 370 31 32 32 33 34 35 36 36 37 38 39 40 40 41 42 43 44 44 45 46 47 48 48 49 50 51 52 52 53 54 55 56 56 57 58 59 60 60 61 62 63 64 64 65 66 67 68 68 69 70 71 72 72 73 74 75 76 76 77 78 79 31 14 80 81 82 83 84 85 86 87 88 6 90 89 9 97 371 93 372 373 92 374 98 99 100 101 102 103 9 7 104 105 106 107 15 15 15 15 108 109 110 111 112 113 108 108 114 115 116 117 118 108 119 120 121 122 123 123 123 123 122 124 31 14 6 29 13 2 125 126 127 12 8 128 122 129 4 130 131 7 15 132 119 133 18 134 135 136 10 137 138 139 140 141 142 143 144 3 124 145 146 147 148 149 150 151 152 153 154 155 156 157 158 159 160 161 157 357 162
https://cookpad.com/honor_recipe/category/19
370:  0 1 0 2 370 3 4 3 13 126 168 168 168 168 168 168 168 168 168 168 168 168 168 168 168 168 168 168 168 168 168 168 168 168 168 168 168 168 168 168 168 168 168 168 168 168 168 168 168 168 168 168 168 168 168 168 168 168 120 121 124 370 370 370 31 14 6 29 13 2 125 126 127 12 8 128 122 129 4 130 131 7 15 132 119 133 18 134 135 136 10 137 138 139 140 141 142 143 144 3 124 145 146 147 148 149 150 151 152 153 154 155 156 157 158 159 160 161 157 370 162
https://cookpad.com/kitchen/12888048
371:  0 1 0 2 371 3 4 3 371 371 3 371 375 371 376 377 378 379 380 381 382 383 384 385 386 387 388 389 390 391 392 393 394 395 396 397 398 399 400 401 402 403 404 405 406 407 408 409 410 411 412 413 414 415 416 417 418 419 420 421 422 423 424 425 426 427 428 429 375 372 430 431 432 97 433 95 133 98 99 100 101 102 103 434 435 436 437 438 439 440 441 442 120 121 124 371 371 371 31 14 6 29 13 2 125 126 127 12 8 128 122 129 4 130 131 7 15 132 119 133 18 134 135 136 10 137 138 139 140 141 142 143 144 3 124 145 146 147 148 149 150 151 152 153 154 155 156 157 158 159 160 161 157 371 162
https://cookpad.com/recipe/6707020
384:  0 1 0 2 384 3 4 3 443 444 445 446 447 371 448 449 450 451 452 444 445 446 384 453 454 447 371 371 375 384 443 455 456 457 458 120 121 124 384 384 384 31 14 6 29 13 2 125 126 127 12 8 128 122 129 4 130 131 7 15 132 119 133 18 134 135 136 10 137 138 139 140 141 142 143 144 3 124 145 146 147 148 149 150 151 152 153 154 155 156 157 158 159 160 161 157 384 162
https://cookpad.com/cooking_basics/6684
448:  0 1 0 2 448 3 4 3 135 459 460 461 462 463 464 464 465 3 466 466 467 3 468 468 469 3 470 120 121 124 448 448 448 31 14 6 29 13 2 125 126 127 12 8 128 122 129 4 130 131 7 15 132 119 133 18 134 135 136 10 137 138 139 140 141 142 143 144 3 124 145 146 147 148 149 150 151 152 153 154 155 156 157 158 159 160 161 157 448 162
https://cookpad.com/cooking_basics/category/29
459:  0 1 0 2 459 3 4 3 135 471 472 473 474 475 476 477 478 479 480 481 482 483 484 485 486 487 488 489 490 448 491 492 493 494 495 496 497 498 499 459 459 459 120 121 124 459 459 459 31 14 6 29 13 2 125 126 127 12 8 128 122 129 4 130 131 7 15 132 119 133 18 134 135 136 10 137 138 139 140 141 142 143 144 3 124 145 146 147 148 149 150 151 152 153 154 155 156 157 158 159 160 161 157 459 162
https://cookpad.com/cooking_basics/20674
471:  0 1 0 2 471 3 4 3 135 459 500 501 502 503 503 504 3 120 121 124 471 471 471 31 14 6 29 13 2 125 126 127 12 8 128 122 129 4 130 131 7 15 132 119 133 18 134 135 136 10 137 138 139 140 141 142 143 144 3 124 145 146 147 148 149 150 151 152 153 154 155 156 157 158 159 160 161 157 471 162
https://cookpad.com/cooking_basics/8128
500:  0 1 0 2 500 3 4 3 135 459 501 505 506 120 121 124 500 500 500 31 14 6 29 13 2 125 126 127 12 8 128 122 129 4 130 131 7 15 132 119 133 18 134 135 136 10 137 138 139 140 141 142 143 144 3 124 145 146 147 148 149 150 151 152 153 154 155 156 157 158 159 160 161 157 500 162
https://cookpad.com/cooking_basics/19529
505:  0 1 0 2 505 3 4 3 135 507 500 501 502 508 508 509 3 510 510 509 3 511 511 512 3 513 120 121 124 505 505 505 31 14 6 29 13 2 125 126 127 12 8 128 122 129 4 130 131 7 15 132 119 133 18 134 135 136 10 137 138 139 140 141 142 143 144 3 124 145 146 147 148 149 150 151 152 153 154 155 156 157 158 159 160 161 157 505 162
https://cookpad.com/kitchen/6775549
512:  0 1 0 2 512 3 4 3 512 512 3 512 512 514 515 516 514 517 518 519 520 521 522 517 518 523 519 515 120 121 124 512 512 512 31 14 6 29 13 2 125 126 127 12 8 128 122 129 4 130 131 7 15 132 119 133 18 134 135 136 10 137 138 139 140 141 142 143 144 3 124 145 146 147 148 149 150 151 152 153 154 155 156 157 158 159 160 161 157 512 162
https://cookpad.com/recipe/list/6775549
514:  0 1 0 2 514 3 4 3 512 512 3 514 512 514 515 516 514 524 514 514 514 524 514 514 514 514 514 514 514 514 514 524 514 514 514 514 524 514 514 514 524 514 514 514 514 514 514 514 514 524 514 514 514 514 514 514 514 517 517 3 518 518 3 519 519 3 520 520 3 521 521 3 525 525 3 526 526 3 527 527 3 528 528 3 529 529 3 514 514 514 514 514 120 121 124 514 514 514 31 14 6 29 13 2 125 126 127 12 8 128 122 129 4 130 131 7 15 132 119 133 18 134 135 136 10 137 138 139 140 141 142 143 144 3 124 145 146 147 148 149 150 151 152 153 154 155 156 157 158 159 160 161 157 514 162
https://cookpad.com/recipe/3592175
525:  0 1 0 2 525 3 4 3 443 530 531 532 533 512 534 535 530 531 532 525 453 454 533 525 443 536 537 538 539 120 121 124 525 525 525 31 14 6 29 13 2 125 126 127 12 8 128 122 129 4 130 131 7 15 132 119 133 18 134 135 136 10 137 138 139 140 141 142 143 144 3 124 145 146 147 148 149 150 151 152 153 154 155 156 157 158 159 160 161 157 525 162
https://cookpad.com/recipe/print/3592175
530:  540 540 540 541
https://cookpad.com/recipe/introduce/3592175
531:  531
https://cookpad.com/recipe/introduce_for_keitai/3592175
532: 
https://cookpad.com/recipe/show_easy_blog_link/3592175
533: 
https://cookpad.com/cooking_basics/search/%E7%94%9F%E5%A7%9C
534:  0 1 0 2 534 3 4 3 135 542 542 543 543 544 544 545 545 546 546 547 547 548 548 549 549 550 550 551 551 120 121 124 534 534 534 31 14 6 29 13 2 125 126 127 12 8 128 122 129 4 130 131 7 15 132 119 133 18 134 135 136 10 137 138 139 140 141 142 143 144 3 124 145 146 147 148 149 150 151 152 153 154 155 156 157 158 159 160 161 157 534 162
https://cookpad.com/articles/11159
544:  0 1 0 2 544 3 4 3 135 552 553 554 555 556 556 557 3 558 558 559 3 560 560 561 3 562 120 121 124 544 544 544 31 14 6 29 13 2 125 126 127 12 8 128 122 129 4 130 131 7 15 132 119 133 18 134 135 136 10 137 138 139 140 141 142 143 144 3 124 145 146 147 148 149 150 151 152 153 154 155 156 157 158 159 160 161 157 544 162
https://cookpad.com/cooking_basics/category/16
552:  0 1 0 2 552 3 4 3 135 563 564 553 565 566 567 568 569 570 571 572 573 574 575 576 577 578 579 580 581 582 583 584 585 586 587 588 589 590 591 552 552 552 552 120 121 124 552 552 552 31 14 6 29 13 2 125 126 127 12 8 128 122 129 4 130 131 7 15 132 119 133 18 134 135 136 10 137 138 139 140 141 142 143 144 3 124 145 146 147 148 149 150 151 152 153 154 155 156 157 158 159 160 161 157 552 162
https://cookpad.com/cooking_basics/6689
563:  0 1 0 2 563 3 4 3 135 552 592 593 594 120 121 124 563 563 563 31 14 6 29 13 2 125 126 127 12 8 128 122 129 4 130 131 7 15 132 119 133 18 134 135 136 10 137 138 139 140 141 142 143 144 3 124 145 146 147 148 149 150 151 152 153 154 155 156 157 158 159 160 161 157 563 162
https://cookpad.com/cooking_basics/14205
592:  0 1 0 2 592 3 4 3 135 552 593 594 595 596 596 597 3 598 598 597 3 599 599 600 3 601 120 121 124 592 592 592 31 14 6 29 13 2 125 126 127 12 8 128 122 129 4 130 131 7 15 132 119 133 18 134 135 136 10 137 138 139 140 141 142 143 144 3 124 145 146 147 148 149 150 151 152 153 154 155 156 157 158 159 160 161 157 592 162
https://cookpad.com/cooking_basics/14195
595:  0 1 0 2 595 3 4 3 135 552 602 603 604 605 605 606 3 607 607 608 3 609 609 610 3 611 120 121 124 595 595 595 31 14 6 29 13 2 125 126 127 12 8 128 122 129 4 130 131 7 15 132 119 133 18 134 135 136 10 137 138 139 140 141 142 143 144 3 124 145 146 147 148 149 150 151 152 153 154 155 156 157 158 159 160 161 157 595 162
https://cookpad.com/kitchen/41898469
608:  0 1 0 2 608 3 4 3 608 608 3 608 608 612 613 614 612 615 616 617 618 619 615 616 617 619 620 613 120 121 124 608 608 608 31 14 6 29 13 2 125 126 127 12 8 128 122 129 4 130 131 7 15 132 119 133 18 134 135 136 10 137 138 139 140 141 142 143 144 3 124 145 146 147 148 149 150 151 152 153 154 155 156 157 158 159 160 161 157 608 162
https://cookpad.com/recipe/list/41898469
612:  0 1 0 2 612 3 4 3 608 608 3 612 608 612 613 614 612 524 612 612 615 615 3 616 616 3 617 617 3 618 618 3 619 619 3 621 621 3 607 607 3 622 622 3 623 623 3 624 624 3 612 612 120 121 124 612 612 612 31 14 6 29 13 2 125 126 127 12 8 128 122 129 4 130 131 7 15 132 119 133 18 134 135 136 10 137 138 139 140 141 142 143 144 3 124 145 146 147 148 149 150 151 152 153 154 155 156 157 158 159 160 161 157 612 162
https://cookpad.com/recipe/6741011
624:  0 1 0 2 624 3 4 3 443 625 626 627 628 608 629 625 626 627 624 453 454 628 624 443 630 630 631 630 632 633 120 121 124 624 624 624 31 14 6 29 13 2 125 126 127 12 8 128 122 129 4 130 131 7 15 132 119 133 18 134 135 136 10 137 138 139 140 141 142 143 144 3 124 145 146 147 148 149 150 151 152 153 154 155 156 157 158 159 160 161 157 624 162
https://cookpad.com/recipe/print/6741011
625:  540 540 540 541
https://cookpad.com/recipe/introduce/6741011
626:  626
https://cookpad.com/recipe/introduce_for_keitai/6741011
627: 
https://cookpad.com/recipe/show_easy_blog_link/6741011
628: 
https://cookpad.com/search/%E3%82%AD%E3%83%A3%E3%83%99%E3%83%84%E7%84%BC%E3%81%8D
630:  0 1 0 2 630 3 4 3 630 630 168 630 634 634 635 636 636 637 638 638 639 168 640 640 641 624 624 608 642 642 643 644 644 645 646 646 647 648 648 649 650 650 651 652 652 653 630 630 630 630 630 654 4 170 630 168 630 168 630 168 630 168 630 168 630 168 630 168 630 168 630 630 630 168 630 168 655 656 657 633 658 659 660 661 662 631 120 121 124 630 630 630 31 14 6 29 13 2 125 126 127 12 8 128 122 129 4 130 131 7 15 132 119 133 18 134 135 136 10 137 138 139 140 141 142 143 144 3 124 145 146 147 148 149 150 151 152 153 154 155 156 157 158 159 160 161 157 630 162
https://cookpad.com/recipe/6743840
640:  0 1 0 2 640 3 4 3 443 663 664 665 666 641 667 477 448 478 663 664 665 640 453 454 666 640 640 443 630 120 121 124 640 640 640 31 14 6 29 13 2 125 126 127 12 8 128 122 129 4 130 131 7 15 132 119 133 18 134 135 136 10 137 138 139 140 141 142 143 144 3 124 145 146 147 148 149 150 151 152 153 154 155 156 157 158 159 160 161 157 640 162
https://cookpad.com/recipe/print/6743840
663:  540 540 540 541
https://cookpad.com/recipe/introduce/6743840
664:  664
https://cookpad.com/recipe/introduce_for_keitai/6743840
665: 
https://cookpad.com/recipe/show_easy_blog_link/6743840
666: 
https://cookpad.com/cooking_basics/search/%E3%82%AA%E3%83%AA%E3%83%BC%E3%83%96%E6%B2%B9
667:  0 1 0 2 667 3 4 3 135 668 668 669 669 120 121 124 667 667 667 31 14 6 29 13 2 125 126 127 12 8 128 122 129 4 130 131 7 15 132 119 133 18 134 135 136 10 137 138 139 140 141 142 143 144 3 124 145 146 147 148 149 150 151 152 153 154 155 156 157 158 159 160 161 157 667 162
https://cookpad.com/articles/11502
668:  0 1 0 2 668 3 4 3 135 670 671 672 672 673 3 674 674 675 3 676 676 677 3 678 120 121 124 668 668 668 31 14 6 29 13 2 125 126 127 12 8 128 122 129 4 130 131 7 15 132 119 133 18 134 135 136 10 137 138 139 140 141 142 143 144 3 124 145 146 147 148 149 150 151 152 153 154 155 156 157 158 159 160 161 157 668 162
https://cookpad.com/recipe/6735827
672:  0 1 0 2 672 3 4 3 443 679 680 681 682 673 683 476 477 679 680 681 672 453 454 682 672 443 684 685 120 121 124 672 672 672 31 14 6 29 13 2 125 126 127 12 8 128 122 129 4 130 131 7 15 132 119 133 18 134 135 136 10 137 138 139 140 141 142 143 144 3 124 145 146 147 148 149 150 151 152 153 154 155 156 157 158 159 160 161 157 672 162
https://cookpad.com/recipe/print/6735827
679:  540 540 540 541
https://cookpad.com/recipe/introduce/6735827
680:  680
https://cookpad.com/recipe/introduce_for_keitai/6735827
681: 
https://cookpad.com/recipe/show_easy_blog_link/6735827
682: 
https://cookpad.com/search/%E3%81%9F%E3%82%89
684:  0 1 0 2 684 3 4 3 684 684 168 684 686 687 688 689 690 691 692 693 694 695 696 697 698 699 700 701 701 702 703 703 704 705 705 706 168 707 707 708 709 709 710 711 711 712 672 672 673 713 713 714 715 715 716 717 717 718 719 719 720 684 684 684 684 684 654 4 170 684 168 684 168 684 168 684 168 684 168 684 168 684 168 684 168 684 168 684 168 684 168 684 168 684 684 684 168 684 168 721 168 686 687 693 690 689 694 695 691 688 722 723 724 724 725 725 726 727 727 168 168 728 728 168 168 14 120 121 124 684 684 684 31 14 6 29 13 2 125 126 127 12 8 128 122 129 4 130 131 7 15 132 119 133 18 134 135 136 10 137 138 139 140 141 142 143 144 3 124 145 146 147 148 149 150 151 152 153 154 155 156 157 158 159 160 161 157 684 162
https://cookpad.com/search/%E3%81%9F%E3%82%89%20%E3%83%A0%E3%83%8B%E3%82%A8%E3%83%AB
686:  0 1 0 2 686 3 4 3 684 729 686 168 686 730 730 731 732 732 733 734 734 735 168 736 736 737 738 738 739 701 701 702 740 740 741 742 742 743 744 744 745 746 746 747 686 686 686 686 686 654 4 170 686 168 686 168 686 168 686 168 686 168 686 168 686 168 686 168 686 168 686 686 686 168 686 168 748 168 749 693 750 751 695 752 753 754 755 756 757 757 758 758 759 727 727 168 168 728 728 168 168 14 120 121 124 686 686 686 31 14 6 29 13 2 125 126 127 12 8 128 122 129 4 130 131 7 15 132 119 133 18 134 135 136 10 137 138 139 140 141 142 143 144 3 124 145 146 147 148 149 150 151 152 153 154 155 156 157 158 159 160 161 157 686 162
https://cookpad.com/search/%E3%83%A0%E3%83%8B%E3%82%A8%E3%83%AB
729:  0 1 0 2 729 3 4 3 729 729 168 729 760 761 762 763 764 765 766 767 768 769 770 771 772 773 774 774 775 701 701 702 776 776 777 168 778 778 779 780 780 781 742 742 743 782 782 783 784 784 785 786 786 787 788 788 789 790 790 791 729 729 729 729 729 654 4 170 729 168 729 168 729 168 729 168 729 168 729 168 729 168 729 168 729 168 729 168 729 168 729 168 729 729 729 168 729 168 792 168 760 761 762 763 764 765 793 794 795 796 797 797 798 798 799 800 800 168 168 801 801 168 168 14 120 121 124 729 729 729 31 14 6 29 13 2 125 126 127 12 8 128 122 129 4 130 131 7 15 132 119 133 18 134 135 136 10 137 138 139 140 141 142 143 144 3 124 145 146 147 148 149 150 151 152 153 154 155 156 157 158 159 160 161 157 729 162
https://cookpad.com/search/%E3%83%A0%E3%83%8B%E3%82%A8%E3%83%AB%20%E8%88%8C%E5%B9%B3%E7%9B%AE
769:  0 1 0 2 769 3 4 3 729 802 769 168 769 803 803 804 805 805 806 807 807 808 168 809 809 810 811 811 812 813 813 814 815 815 745 816 816 817 818 818 819 820 820 821 769 769 769 769 769 654 4 170 769 168 769 168 769 168 769 168 769 168 769 769 769 168 769 168 802 800 800 168 168 801 801 168 168 14 120 121 124 769 769 769 31 14 6 29 13 2 125 126 127 12 8 128 122 129 4 130 131 7 15 132 119 133 18 134 135 136 10 137 138 139 140 141 142 143 144 3 124 145 146 147 148 149 150 151 152 153 154 155 156 157 158 159 160 161 157 769 162
https://cookpad.com/search/%E8%88%8C%E5%B9%B3%E7%9B%AE
802:  0 1 0 2 802 3 4 3 802 802 168 802 822 822 823 803 803 804 824 824 825 168 826 826 827 828 828 829 830 830 831 805 805 806 807 807 808 809 809 810 832 832 833 802 802 802 802 802 654 4 170 802 168 802 168 802 168 802 168 802 168 802 168 802 802 802 168 802 168 834 835 836 837 838 839 840 120 121 124 802 802 802 31 14 6 29 13 2 125 126 127 12 8 128 122 129 4 130 131 7 15 132 119 133 18 134 135 136 10 137 138 139 140 141 142 143 144 3 124 145 146 147 148 149 150 151 152 153 154 155 156 157 158 159 160 161 157 802 162
https://cookpad.com/recipe/5564128
822:  0 1 0 2 822 3 4 3 443 841 842 843 844 823 845 846 478 847 841 842 843 822 453 454 844 822 822 443 834 802 120 121 124 822 822 822 31 14 6 29 13 2 125 126 127 12 8 128 122 129 4 130 131 7 15 132 119 133 18 134 135 136 10 137 138 139 140 141 142 143 144 3 124 145 146 147 148 149 150 151 152 153 154 155 156 157 158 159 160 161 157 822 162
https://cookpad.com/recipe/print/5564128
841:  540 540 540 541
https://cookpad.com/recipe/introduce/5564128
842:  842
https://cookpad.com/recipe/introduce_for_keitai/5564128
843: 
https://cookpad.com/recipe/show_easy_blog_link/5564128
844: 
https://cookpad.com/cooking_basics/6030
845:  0 1 0 2 845 3 4 3 135 848 849 850 851 851 852 3 853 853 854 3 855 855 856 3 857 120 121 124 845 845 845 31 14 6 29 13 2 125 126 127 12 8 128 122 129 4 130 131 7 15 132 119 133 18 134 135 136 10 137 138 139 140 141 142 143 144 3 124 145 146 147 148 149 150 151 152 153 154 155 156 157 158 159 160 161 157 845 162
https://cookpad.com/cooking_basics/category/30
848:  0 1 0 2 848 3 4 3 135 858 859 860 861 862 449 863 864 865 866 867 868 869 870 871 872 873 874 875 876 451 877 878 879 880 881 882 883 884 885 848 848 848 848 120 121 124 848 848 848 31 14 6 29 13 2 125 126 127 12 8 128 122 129 4 130 131 7 15 132 119 133 18 134 135 136 10 137 138 139 140 141 142 143 144 3 124 145 146 147 148 149 150 151 152 153 154 155 156 157 158 159 160 161 157 848 162
https://cookpad.com/cooking_basics/20523
858:  0 1 0 2 858 3 4 3 135 848 886 887 888 500 501 502 889 889 890 3 891 891 892 3 893 893 894 3 895 120 121 124 858 858 858 31 14 6 29 13 2 125 126 127 12 8 128 122 129 4 130 131 7 15 132 119 133 18 134 135 136 10 137 138 139 140 141 142 143 144 3 124 145 146 147 148 149 150 151 152 153 154 155 156 157 158 159 160 161 157 858 162
http://cookpad.com/cooking_basics/10388
886:  213 222 213 223 886 224 225 224 252 896 897 897 898 899 900 901 902 902 903 224 904 904 905 224 906 906 907 224 908 120 121 262 886 886 886 232 233 234 235 236 223 237 238 239 240 241 242 243 129 225 244 245 246 247 132 248 249 250 251 252 136 253 254 255 256 257 258 259 260 261 224 262 263 264 147 265 149 266 267 152 268 154 155 156 157 158 159 160 161 157 886 269
http://cookpad.com/cooking_basics/category/34
896:  213 222 213 223 896 224 225 224 252 909 910 911 912 913 914 915 916 917 918 919 920 921 922 923 924 886 925 926 888 927 928 929 930 931 932 933 934 935 936 896 896 120 121 262 896 896 896 232 233 234 235 236 223 237 238 239 240 241 242 243 129 225 244 245 246 247 132 248 249 250 251 252 136 253 254 255 256 257 258 259 260 261 224 262 263 264 147 265 149 266 267 152 268 154 155 156 157 158 159 160 161 157 896 269
http://cookpad.com/cooking_basics/20664
909:  213 222 213 223 909 224 225 224 252 896 937 938 939 940 940 823 224 941 941 942 224 943 943 944 224 945 120 121 262 909 909 909 232 233 234 235 236 223 237 238 239 240 241 242 243 129 225 244 245 246 247 132 248 249 250 251 252 136 253 254 255 256 257 258 259 260 261 224 262 263 264 147 265 149 266 267 152 268 154 155 156 157 158 159 160 161 157 909 269
http://cookpad.com/cooking_basics/12674
910:  213 222 213 223 910 224 225 224 252 896 946 946 947 947 948 224 949 949 739 224 950 951 224 952 120 121 262 910 910 910 232 233 234 235 236 223 237 238 239 240 241 242 243 129 225 244 245 246 247 132 248 249 250 251 252 136 253 254 255 256 257 258 259 260 261 224 262 263 264 147 265 149 266 267 152 268 154 155 156 157 158 159 160 161 157 910 269
http://cookpad.com/cooking_basics/8022
911:  213 222 213 223 911 224 225 224 252 896 953 953 954 955 956 957 957 958 224 959 959 960 224 961 961 962 224 963 120 121 262 911 911 911 232 233 234 235 236 223 237 238 239 240 241 242 243 129 225 244 245 246 247 132 248 249 250 251 252 136 253 254 255 256 257 258 259 260 261 224 262 263 264 147 265 149 266 267 152 268 154 155 156 157 158 159 160 161 157 911 269
http://cookpad.com/cooking_basics/20609
912:  213 222 213 223 912 224 225 224 252 896 964 965 966 120 121 262 912 912 912 232 233 234 235 236 223 237 238 239 240 241 242 243 129 225 244 245 246 247 132 248 249 250 251 252 136 253 254 255 256 257 258 259 260 261 224 262 263 264 147 265 149 266 267 152 268 154 155 156 157 158 159 160 161 157 912 269
http://cookpad.com/cooking_basics/12297
913:  213 222 213 223 913 224 225 224 252 896 967 967 968 224 969 969 970 224 971 971 972 224 973 120 121 262 913 913 913 232 233 234 235 236 223 237 238 239 240 241 242 243 129 225 244 245 246 247 132 248 249 250 251 252 136 253 254 255 256 257 258 259 260 261 224 262 263 264 147 265 149 266 267 152 268 154 155 156 157 158 159 160 161 157 913 269
http://cookpad.com/cooking_basics/12419
914:  213 222 213 223 914 224 225 224 252 896 974 974 975 224 976 976 977 224 978 978 979 224 980 120 121 262 914 914 914 232 233 234 235 236 223 237 238 239 240 241 242 243 129 225 244 245 246 247 132 248 249 250 251 252 136 253 254 255 256 257 258 259 260 261 224 262 263 264 147 265 149 266 267 152 268 154 155 156 157 158 159 160 161 157 914 269
http://cookpad.com/cooking_basics/12673
915:  213 222 213 223 915 224 225 224 252 896 981 981 982 224 983 983 984 224 985 985 986 224 987 120 121 262 915 915 915 232 233 234 235 236 223 237 238 239 240 241 242 243 129 225 244 245 246 247 132 248 249 250 251 252 136 253 254 255 256 257 258 259 260 261 224 262 263 264 147 265 149 266 267 152 268 154 155 156 157 158 159 160 161 157 915 269
http://cookpad.com/cooking_basics/20587
916:  213 222 213 223 916 224 225 224 252 896 988 989 964 965 966 990 990 991 224 992 992 993 224 120 121 262 916 916 916 232 233 234 235 236 223 237 238 239 240 241 242 243 129 225 244 245 246 247 132 248 249 250 251 252 136 253 254 255 256 257 258 259 260 261 224 262 263 264 147 265 149 266 267 152 268 154 155 156 157 158 159 160 161 157 916 269
http://cookpad.com/cooking_basics/20567
917:  213 222 213 223 917 224 225 224 252 896 994 994 995 224 996 996 997 224 998 998 999 224 1000 120 121 262 917 917 917 232 233 234 235 236 223 237 238 239 240 241 242 243 129 225 244 245 246 247 132 248 249 250 251 252 136 253 254 255 256 257 258 259 260 261 224 262 263 264 147 265 149 266 267 152 268 154 155 156 157 158 159 160 161 157 917 269
http://cookpad.com/cooking_basics/20468
918:  213 222 213 223 918 224 225 224 252 896 1001 1002 1002 1003 224 1004 1004 1005 224 1006 1006 1007 224 1008 120 121 262 918 918 918 232 233 234 235 236 223 237 238 239 240 241 242 243 129 225 244 245 246 247 132 248 249 250 251 252 136 253 254 255 256 257 258 259 260 261 224 262 263 264 147 265 149 266 267 152 268 154 155 156 157 158 159 160 161 157 918 269
http://cookpad.com/cooking_basics/20467
919:  213 222 213 223 919 224 225 224 252 896 1009 1010 1010 1011 224 1012 1012 1013 224 1014 1014 467 224 1015 120 121 262 919 919 919 232 233 234 235 236 223 237 238 239 240 241 242 243 129 225 244 245 246 247 132 248 249 250 251 252 136 253 254 255 256 257 258 259 260 261 224 262 263 264 147 265 149 266 267 152 268 154 155 156 157 158 159 160 161 157 919 269
http://cookpad.com/cooking_basics/20459
920:  213 222 213 223 920 224 225 224 252 896 1016 1016 1017 224 1018 1018 1019 224 1020 1020 1021 224 1022 120 121 262 920 920 920 232 233 234 235 236 223 237 238 239 240 241 242 243 129 225 244 245 246 247 132 248 249 250 251 252 136 253 254 255 256 257 258 259 260 261 224 262 263 264 147 265 149 266 267 152 268 154 155 156 157 158 159 160 161 157 920 269
http://cookpad.com/cooking_basics/12808
921:  213 222 213 223 921 224 225 224 252 896 1023 923 1024 1024 1025 224 1026 1026 1027 224 1028 1028 1029 224 1030 120 121 262 921 921 921 232 233 234 235 236 223 237 238 239 240 241 242 243 129 225 244 245 246 247 132 248 249 250 251 252 136 253 254 255 256 257 258 259 260 261 224 262 263 264 147 265 149 266 267 152 268 154 155 156 157 158 159 160 161 157 921 269
http://cookpad.com/cooking_basics/14860
922:  213 222 213 223 922 224 225 224 252 896 1031 1032 1032 1033 224 1034 1034 1035 224 1036 1036 1037 224 1038 120 121 262 922 922 922 232 233 234 235 236 223 237 238 239 240 241 242 243 129 225 244 245 246 247 132 248 249 250 251 252 136 253 254 255 256 257 258 259 260 261 224 262 263 264 147 265 149 266 267 152 268 154 155 156 157 158 159 160 161 157 922 269
http://cookpad.com/cooking_basics/19887
923:  213 222 213 223 923 224 225 224 252 896 931 911 921 1023 1039 120 121 262 923 923 923 232 233 234 235 236 223 237 238 239 240 241 242 243 129 225 244 245 246 247 132 248 249 250 251 252 136 253 254 255 256 257 258 259 260 261 224 262 263 264 147 265 149 266 267 152 268 154 155 156 157 158 159 160 161 157 923 269
http://cookpad.com/cooking_basics/14849
924:  213 222 213 223 924 224 225 224 252 896 1040 1041 224 1042 1042 1043 224 1044 1044 1045 224 1046 120 121 262 924 924 924 232 233 234 235 236 223 237 238 239 240 241 242 243 129 225 244 245 246 247 132 248 249 250 251 252 136 253 254 255 256 257 258 259 260 261 224 262 263 264 147 265 149 266 267 152 268 154 155 156 157 158 159 160 161 157 924 269
http://cookpad.com/cooking_basics/14858
925:  213 222 213 223 925 224 225 224 252 896 1047 1047 1048 224 1049 1049 1050 224 1051 1051 1052 224 1053 120 121 262 925 925 925 232 233 234 235 236 223 237 238 239 240 241 242 243 129 225 244 245 246 247 132 248 249 250 251 252 136 253 254 255 256 257 258 259 260 261 224 262 263 264 147 265 149 266 267 152 268 154 155 156 157 158 159 160 161 157 925 269
http://cookpad.com/cooking_basics/17294
926:  213 222 213 223 926 224 225 224 252 896 1054 1054 1055 224 1056 1056 1057 224 1058 1058 1059 224 1060 120 121 262 926 926 926 232 233 234 235 236 223 237 238 239 240 241 242 243 129 225 244 245 246 247 132 248 249 250 251 252 136 253 254 255 256 257 258 259 260 261 224 262 263 264 147 265 149 266 267 152 268 154 155 156 157 158 159 160 161 157 926 269
http://cookpad.com/cooking_basics/12887
927:  213 222 213 223 927 224 225 224 252 896 1061 1062 1063 1064 1065 1066 1066 1067 224 1068 1068 1069 224 1070 1070 1071 224 1072 120 121 262 927 927 927 232 233 234 235 236 223 237 238 239 240 241 242 243 129 225 244 245 246 247 132 248 249 250 251 252 136 253 254 255 256 257 258 259 260 261 224 262 263 264 147 265 149 266 267 152 268 154 155 156 157 158 159 160 161 157 927 269
http://cookpad.com/cooking_basics/14850
928:  213 222 213 223 928 224 225 224 252 896 1073 1074 1075 1076 1076 1077 224 1078 1078 1079 224 1080 1080 1077 224 1081 120 121 262 928 928 928 232 233 234 235 236 223 237 238 239 240 241 242 243 129 225 244 245 246 247 132 248 249 250 251 252 136 253 254 255 256 257 258 259 260 261 224 262 263 264 147 265 149 266 267 152 268 154 155 156 157 158 159 160 161 157 928 269
http://cookpad.com/cooking_basics/15278
929:  213 222 213 223 929 224 225 224 252 896 886 886 899 900 1082 1082 704 224 1083 1083 1084 224 1085 1085 1086 224 1087 120 121 262 929 929 929 232 233 234 235 236 223 237 238 239 240 241 242 243 129 225 244 245 246 247 132 248 249 250 251 252 136 253 254 255 256 257 258 259 260 261 224 262 263 264 147 265 149 266 267 152 268 154 155 156 157 158 159 160 161 157 929 269
http://cookpad.com/cooking_basics/13384
930:  213 222 213 223 930 224 225 224 252 896 1088 1089 1090 120 121 262 930 930 930 232 233 234 235 236 223 237 238 239 240 241 242 243 129 225 244 245 246 247 132 248 249 250 251 252 136 253 254 255 256 257 258 259 260 261 224 262 263 264 147 265 149 266 267 152 268 154 155 156 157 158 159 160 161 157 930 269
http://cookpad.com/cooking_basics/13382
931:  213 222 213 223 931 224 225 224 252 896 1091 1092 1092 1093 224 1094 1094 1095 224 1096 1096 1097 224 1098 120 121 262 931 931 931 232 233 234 235 236 223 237 238 239 240 241 242 243 129 225 244 245 246 247 132 248 249 250 251 252 136 253 254 255 256 257 258 259 260 261 224 262 263 264 147 265 149 266 267 152 268 154 155 156 157 158 159 160 161 157 931 269
http://cookpad.com/cooking_basics/12928
932:  213 222 213 223 932 224 225 224 252 896 936 929 1099 1100 1101 1101 1102 224 1103 1103 1104 224 1105 1105 1106 224 1107 120 121 262 932 932 932 232 233 234 235 236 223 237 238 239 240 241 242 243 129 225 244 245 246 247 132 248 249 250 251 252 136 253 254 255 256 257 258 259 260 261 224 262 263 264 147 265 149 266 267 152 268 154 155 156 157 158 159 160 161 157 932 269
http://cookpad.com/cooking_basics/12758
933:  213 222 213 223 933 224 225 224 252 896 1108 1109 1109 1110 224 1111 1111 1112 224 1113 1113 1114 224 1115 120 121 262 933 933 933 232 233 234 235 236 223 237 238 239 240 241 242 243 129 225 244 245 246 247 132 248 249 250 251 252 136 253 254 255 256 257 258 259 260 261 224 262 263 264 147 265 149 266 267 152 268 154 155 156 157 158 159 160 161 157 933 269
http://cookpad.com/cooking_basics/12422
934:  213 222 213 223 934 224 225 224 252 896 1116 1116 1117 1117 1118 224 1119 1119 1120 224 1121 1121 1122 224 1123 120 121 262 934 934 934 232 233 234 235 236 223 237 238 239 240 241 242 243 129 225 244 245 246 247 132 248 249 250 251 252 136 253 254 255 256 257 258 259 260 261 224 262 263 264 147 265 149 266 267 152 268 154 155 156 157 158 159 160 161 157 934 269
http://cookpad.com/cooking_basics/12298
935:  213 222 213 223 935 224 225 224 252 896 1124 1125 1125 1126 224 1127 1127 1128 224 1129 1129 1130 224 1131 120 121 262 935 935 935 232 233 234 235 236 223 237 238 239 240 241 242 243 129 225 244 245 246 247 132 248 249 250 251 252 136 253 254 255 256 257 258 259 260 261 224 262 263 264 147 265 149 266 267 152 268 154 155 156 157 158 159 160 161 157 935 269
http://cookpad.com/cooking_basics/12292
936:  213 222 213 223 936 224 225 224 252 896 1132 1133 1133 1134 224 1135 1135 1136 224 1137 1137 1138 224 1139 120 121 262 936 936 936 232 233 234 235 236 223 237 238 239 240 241 242 243 129 225 244 245 246 247 132 248 249 250 251 252 136 253 254 255 256 257 258 259 260 261 224 262 263 264 147 265 149 266 267 152 268 154 155 156 157 158 159 160 161 157 936 269
https://cookpad.com/articles/19462
897:  0 1 0 2 897 3 4 3 135 1140 1141 1142 1143 1144 1144 1145 3 1146 1146 1147 3 1148 1149 3 1150 120 121 124 897 897 897 31 14 6 29 13 2 125 126 127 12 8 128 122 129 4 130 131 7 15 132 119 133 18 134 135 136 10 137 138 139 140 141 142 143 144 3 124 145 146 147 148 149 150 151 152 153 154 155 156 157 158 159 160 161 157 897 162
https://cookpad.com/cooking_basics/category/31
1140:  0 1 0 2 1140 3 4 3 135 1151 1152 1153 1154 1155 1156 1157 1158 1159 1160 1161 1162 1163 1164 1165 1166 1167 1168 1169 1170 1171 1172 1173 1174 1175 1176 1177 1178 1179 1180 1140 1140 120 121 124 1140 1140 1140 31 14 6 29 13 2 125 126 127 12 8 128 122 129 4 130 131 7 15 132 119 133 18 134 135 136 10 137 138 139 140 141 142 143 144 3 124 145 146 147 148 149 150 151 152 153 154 155 156 157 158 159 160 161 157 1140 162
https://cookpad.com/cooking_basics/10388
1141:  0 1 0 2 1141 3 4 3 135 1181 897 897 898 1182 1142 1143 1183 1183 903 3 1184 1184 905 3 1185 1185 907 3 1186 120 121 124 1141 1141 1141 31 14 6 29 13 2 125 126 127 12 8 128 122 129 4 130 131 7 15 132 119 133 18 134 135 136 10 137 138 139 140 141 142 143 144 3 124 145 146 147 148 149 150 151 152 153 154 155 156 157 158 159 160 161 157 1141 162
https://cookpad.com/cooking_basics/10384
1142:  0 1 0 2 1142 3 4 3 135 1187 1143 1141 1182 1188 1188 1189 3 1190 1190 1191 3 1192 1192 1193 3 1194 120 121 124 1142 1142 1142 31 14 6 29 13 2 125 126 127 12 8 128 122 129 4 130 131 7 15 132 119 133 18 134 135 136 10 137 138 139 140 141 142 143 144 3 124 145 146 147 148 149 150 151 152 153 154 155 156 157 158 159 160 161 157 1142 162
https://cookpad.com/cooking_basics/20482
1143:  0 1 0 2 1143 3 4 3 135 1187 1142 1141 1182 1195 1195 1196 3 1197 1197 1198 3 1199 1199 1200 3 1201 120 121 124 1143 1143 1143 31 14 6 29 13 2 125 126 127 12 8 128 122 129 4 130 131 7 15 132 119 133 18 134 135 136 10 137 138 139 140 141 142 143 144 3 124 145 146 147 148 149 150 151 152 153 154 155 156 157 158 159 160 161 157 1143 162
https://cookpad.com/recipe/6745829
1144:  0 1 0 2 1144 3 4 3 443 1202 1203 1204 1205 1145 501 501 1141 477 1202 1203 1204 1144 453 454 1205 1144 1144 443 1206 1207 1208 120 121 124 1144 1144 1144 31 14 6 29 13 2 125 126 127 12 8 128 122 129 4 130 131 7 15 132 119 133 18 134 135 136 10 137 138 139 140 141 142 143 144 3 124 145 146 147 148 149 150 151 152 153 154 155 156 157 158 159 160 161 157 1144 162
https://cookpad.com/kitchen/2972602
1145:  0 1 0 2 1145 3 4 3 1145 1145 3 1145 1145 1209 1210 1211 1209 1144 1212 1213 1214 1215 1216 1144 1212 1214 1217 1209 1209 1209 1209 1209 1209 1209 1210 120 121 124 1145 1145 1145 31 14 6 29 13 2 125 126 127 12 8 128 122 129 4 130 131 7 15 132 119 133 18 134 135 136 10 137 138 139 140 141 142 143 144 3 124 145 146 147 148 149 150 151 152 153 154 155 156 157 158 159 160 161 157 1145 162
https://cookpad.com/recipe/6186436
1146:  0 1 0 2 1146 3 4 3 443 1218 1219 1220 1221 1147 1222 1141 1141 1174 478 1218 1219 1220 1146 453 454 1221 1146 1223 1223 443 1224 1225 1226 120 121 124 1146 1146 1146 31 14 6 29 13 2 125 126 127 12 8 128 122 129 4 130 131 7 15 132 119 133 18 134 135 136 10 137 138 139 140 141 142 143 144 3 124 145 146 147 148 149 150 151 152 153 154 155 156 157 158 159 160 161 157 1146 162
https://cookpad.com/kitchen/38908383
1147:  0 1 0 2 1147 3 4 3 1147 1147 3 1147 1227 1228 1229 1227 1230 1231 1232 1233 1234 1235 1230 1231 1236 1232 1228 120 121 124 1147 1147 1147 31 14 6 29 13 2 125 126 127 12 8 128 122 129 4 130 131 7 15 132 119 133 18 134 135 136 10 137 138 139 140 141 142 143 144 3 124 145 146 147 148 149 150 151 152 153 154 155 156 157 158 159 160 161 157 1147 162
https://cookpad.com/recipe/2485574
1148:  0 1 0 2 1148 3 4 3 443 1237 1238 1239 1240 1149 1241 1237 1238 1239 1148 453 454 1240 1148 1148 1242 1242 443 1243 1244 1245 120 121 124 1148 1148 1148 31 14 6 29 13 2 125 126 127 12 8 128 122 129 4 130 131 7 15 132 119 133 18 134 135 136 10 137 138 139 140 141 142 143 144 3 124 145 146 147 148 149 150 151 152 153 154 155 156 157 158 159 160 161 157 1148 162
https://cookpad.com/kitchen/2104448
1149:  0 1 0 2 1149 3 4 3 1149 1149 3 1149 1149 1246 1247 1248 1246 1249 1250 1251 1252 1253 1249 1250 1254 1251 1255 1247 120 121 124 1149 1149 1149 31 14 6 29 13 2 125 126 127 12 8 128 122 129 4 130 131 7 15 132 119 133 18 134 135 136 10 137 138 139 140 141 142 143 144 3 124 145 146 147 148 149 150 151 152 153 154 155 156 157 158 159 160 161 157 1149 162
http://cookpad.com/cooking_basics/19462
899:  213 222 213 223 899 224 225 224 252 1256 886 900 901 1257 1257 1145 224 1258 1258 1147 224 1259 1149 224 1260 120 121 262 899 899 899 232 233 234 235 236 223 237 238 239 240 241 242 243 129 225 244 245 246 247 132 248 249 250 251 252 136 253 254 255 256 257 258 259 260 261 224 262 263 264 147 265 149 266 267 152 268 154 155 156 157 158 159 160 161 157 899 269
http://cookpad.com/cooking_basics/category/31
1256:  213 222 213 223 1256 224 225 224 252 1261 1262 1263 956 1264 966 1265 1266 1267 1268 1269 1270 1099 1271 1272 937 1273 1274 1275 1276 1277 1278 1279 1280 1281 1282 1283 1284 1285 1286 1256 1256 120 121 262 1256 1256 1256 232 233 234 235 236 223 237 238 239 240 241 242 243 129 225 244 245 246 247 132 248 249 250 251 252 136 253 254 255 256 257 258 259 260 261 224 262 263 264 147 265 149 266 267 152 268 154 155 156 157 158 159 160 161 157 1256 269
http://cookpad.com/recipe/6745829
1257:  213 222 213 223 1257 224 225 224 1287 1288 1289 1290 1291 1292 1293 1293 886 1294 1288 1289 1290 1257 453 454 1291 1257 1257 1287 1295 1296 1297 120 121 262 1257 1257 1257 232 233 234 235 236 223 237 238 239 240 241 242 243 129 225 244 245 246 247 132 248 249 250 251 252 136 253 254 255 256 257 258 259 260 261 224 262 263 264 147 265 149 266 267 152 268 154 155 156 157 158 159 160 161 157 1257 269
http://cookpad.com/recipe/6186436
1258:  213 222 213 223 1258 224 225 224 1287 1298 1299 1300 1301 1302 1303 886 886 1280 1304 1298 1299 1300 1258 453 454 1301 1258 1305 1305 1287 1306 1307 1308 120 121 262 1258 1258 1258 232 233 234 235 236 223 237 238 239 240 241 242 243 129 225 244 245 246 247 132 248 249 250 251 252 136 253 254 255 256 257 258 259 260 261 224 262 263 264 147 265 149 266 267 152 268 154 155 156 157 158 159 160 161 157 1258 269
http://cookpad.com/recipe/2485574
1259:  213 222 213 223 1259 224 225 224 1287 1309 1310 1311 1312 1313 1314 1309 1310 1311 1259 453 454 1312 1259 1259 1315 1315 1287 1316 1317 1318 120 121 262 1259 1259 1259 232 233 234 235 236 223 237 238 239 240 241 242 243 129 225 244 245 246 247 132 248 249 250 251 252 136 253 254 255 256 257 258 259 260 261 224 262 263 264 147 265 149 266 267 152 268 154 155 156 157 158 159 160 161 157 1259 269
http://cookpad.com/cooking_basics/10384
900:  213 222 213 223 900 224 225 224 252 1319 901 886 899 1320 1320 1189 224 1321 1321 1191 224 1322 1322 1193 224 1323 120 121 262 900 900 900 232 233 234 235 236 223 237 238 239 240 241 242 243 129 225 244 245 246 247 132 248 249 250 251 252 136 253 254 255 256 257 258 259 260 261 224 262 263 264 147 265 149 266 267 152 268 154 155 156 157 158 159 160 161 157 900 269
http://cookpad.com/recipe/6468965
1320:  213 222 213 223 1320 224 225 224 1287 1324 1325 1326 1327 1328 1329 1330 1331 886 1332 1333 1334 1324 1325 1326 1320 453 454 1327 1320 1287 1335 1336 1337 1338 1339 1340 262 1320 1320 1320 232 233 234 235 236 223 237 238 239 240 241 242 243 129 225 244 245 246 247 132 248 249 250 251 252 136 253 254 255 256 257 258 259 260 261 224 262 263 264 147 265 149 266 267 152 268 154 155 156 157 158 159 160 161 157 1320 269
http://cookpad.com/recipe/6208206
1321:  213 222 213 223 1321 224 225 224 1287 1341 1342 1343 1344 1345 1346 1347 1348 1349 1350 886 1341 1342 1343 1321 453 454 1344 1321 1321 1351 1351 1287 1352 1339 1340 262 1321 1321 1321 232 233 234 235 236 223 237 238 239 240 241 242 243 129 225 244 245 246 247 132 248 249 250 251 252 136 253 254 255 256 257 258 259 260 261 224 262 263 264 147 265 149 266 267 152 268 154 155 156 157 158 159 160 161 157 1321 269
http://cookpad.com/recipe/4373436
1322:  213 222 213 223 1322 224 225 224 1287 1353 1354 1355 1356 1357 1358 1359 886 1333 1353 1354 1355 1322 453 454 1356 1322 1322 1360 1360 1287 1361 1339 1340 262 1322 1322 1322 232 233 234 235 236 223 237 238 239 240 241 242 243 129 225 244 245 246 247 132 248 249 250 251 252 136 253 254 255 256 257 258 259 260 261 224 262 263 264 147 265 149 266 267 152 268 154 155 156 157 158 159 160 161 157 1322 269
http://cookpad.com/cooking_basics/category/35
1319:  213 222 213 223 1319 224 225 224 252 1362 1363 1065 1364 1365 1366 1367 1368 1369 1293 1370 901 900 1371 1372 1373 1374 1063 1375 1376 1377 1332 1378 1379 1380 1381 1382 1383 120 121 262 1319 1319 1319 232 233 234 235 236 223 237 238 239 240 241 242 243 129 225 244 245 246 247 132 248 249 250 251 252 136 253 254 255 256 257 258 259 260 261 224 262 263 264 147 265 149 266 267 152 268 154 155 156 157 158 159 160 161 157 1319 269
http://cookpad.com/cooking_basics/20482
901:  213 222 213 223 901 224 225 224 252 1319 900 886 899 1384 1384 1196 224 1385 1385 1198 224 1386 1386 1200 224 1387 120 121 262 901 901 901 232 233 234 235 236 223 237 238 239 240 241 242 243 129 225 244 245 246 247 132 248 249 250 251 252 136 253 254 255 256 257 258 259 260 261 224 262 263 264 147 265 149 266 267 152 268 154 155 156 157 158 159 160 161 157 901 269
http://cookpad.com/recipe/6693675
1384:  213 222 213 223 1384 224 225 224 1287 1388 1389 1390 1391 1392 1393 1394 1395 1396 1349 1349 1397 886 1332 1388 1389 1390 1384 453 454 1391 1384 1287 1398 1399 1400 1339 1340 262 1384 1384 1384 232 233 234 235 236 223 237 238 239 240 241 242 243 129 225 244 245 246 247 132 248 249 250 251 252 136 253 254 255 256 257 258 259 260 261 224 262 263 264 147 265 149 266 267 152 268 154 155 156 157 158 159 160 161 157 1384 269
http://cookpad.com/recipe/6665518
1385:  213 222 213 223 1385 224 225 224 1287 1401 1402 1403 1404 1405 1406 1333 1401 1402 1403 1385 453 454 1404 1385 1385 1407 1407 1287 1408 1409 1410 1411 1339 1340 262 1385 1385 1385 232 233 234 235 236 223 237 238 239 240 241 242 243 129 225 244 245 246 247 132 248 249 250 251 252 136 253 254 255 256 257 258 259 260 261 224 262 263 264 147 265 149 266 267 152 268 154 155 156 157 158 159 160 161 157 1385 269
http://cookpad.com/recipe/6521720
1386:  213 222 213 223 1386 224 225 224 1287 1412 1413 1414 1415 1416 1396 1417 1417 1397 1350 886 1397 1397 1368 1418 916 1334 1412 1413 1414 1386 453 454 1415 1386 1386 1287 1419 1420 1421 1339 1340 262 1386 1386 1386 232 233 234 235 236 223 237 238 239 240 241 242 243 129 225 244 245 246 247 132 248 249 250 251 252 136 253 254 255 256 257 258 259 260 261 224 262 263 264 147 265 149 266 267 152 268 154 155 156 157 158 159 160 161 157 1386 269
http://cookpad.com/recipe/6748774
902:  213 222 213 223 902 224 225 224 1287 1422 1423 1424 1425 1426 1333 1427 1427 1428 1422 1423 1424 902 453 454 1425 902 1287 1429 1430 1339 1340 262 902 902 902 232 233 234 235 236 223 237 238 239 240 241 242 243 129 225 244 245 246 247 132 248 249 250 251 252 136 253 254 255 256 257 258 259 260 261 224 262 263 264 147 265 149 266 267 152 268 154 155 156 157 158 159 160 161 157 902 269
http://cookpad.com/recipe/print/6748774
1422:  540 540 540 541
http://cookpad.com/recipe/introduce/6748774
1423:  1423
http://cookpad.com/recipe/introduce_for_keitai/6748774
1424: 
http://cookpad.com/recipe/show_easy_blog_link/6748774
1425: 
http://cookpad.com/kitchen/23546562
1426:  213 222 213 223 1426 224 225 224 1426 1426 224 1426 1431 1432 1433 1431 1434 902 1435 1436 1437 1434 902 1436 1435 1437 1431 1431 1431 1431 1431 1431 1432 120 121 262 1426 1426 1426 232 233 234 235 236 223 237 238 239 240 241 242 243 129 225 244 245 246 247 132 248 249 250 251 252 136 253 254 255 256 257 258 259 260 261 224 262 263 264 147 265 149 266 267 152 268 154 155 156 157 158 159 160 161 157 1426 269
http://cookpad.com/cooking_basics/12924
1427:  213 222 213 223 1427 224 225 224 252 1438 1439 1440 1441 1442 1442 1443 224 1444 1444 1445 224 1446 1446 1447 224 1448 120 121 262 1427 1427 1427 232 233 234 235 236 223 237 238 239 240 241 242 243 129 225 244 245 246 247 132 248 249 250 251 252 136 253 254 255 256 257 258 259 260 261 224 262 263 264 147 265 149 266 267 152 268 154 155 156 157 158 159 160 161 157 1427 269
http://cookpad.com/cooking_basics/20618
1428:  213 222 213 223 1428 224 225 224 252 1449 1450 1450 1451 224 1452 1452 1451 224 1453 1453 1454 224 1455 120 121 262 1428 1428 1428 232 233 234 235 236 223 237 238 239 240 241 242 243 129 225 244 245 246 247 132 248 249 250 251 252 136 253 254 255 256 257 258 259 260 261 224 262 263 264 147 265 149 266 267 152 268 154 155 156 157 158 159 160 161 157 1428 269
http://cookpad.com/search/%E3%82%A4%E3%83%81%E3%82%B4
1429:  213 222 213 223 1429 224 225 224 1429 1429 1456 1429 1457 1458 1459 1460 1461 1462 1463 1464 1465 1466 1467 1468 1469 1470 1471 1472 1472 1473 1474 1474 1475 902 902 903 1456 1476 1476 1477 1478 1478 1479 1480 1480 1481 1482 1482 1483 1484 1484 1485 1486 1486 1487 1488 1488 1489 1490 1490 1491 1429 1429 1429 1429 1429 1492 225 272 1429 1456 1429 1456 1429 1456 1429 1456 1429 1456 1429 1456 1429 1456 1429 1456 1429 1456 1429 1456 1429 1456 1429 1429 1429 1456 1429 1456 1493 1456 1457 1458 1494 1459 1460 1461 1462 1495 1496 1497 1498 1498 1499 1499 1500 1501 1501 1456 1456 1502 1502 1456 1456 233 120 121 262 1429 1429 1429 232 233 234 235 236 223 237 238 239 240 241 242 243 129 225 244 245 246 247 132 248 249 250 251 252 136 253 254 255 256 257 258 259 260 261 224 262 263 264 147 265 149 266 267 152 268 154 155 156 157 158 159 160 161 157 1429 269
http://cookpad.com/search/%E3%82%A4%E3%83%81%E3%82%B4%20%E3%81%8A%E8%8F%93%E5%AD%90
1430:  213 222 213 223 1430 224 225 224 1429 1503 1430 1456 1430 1504 1504 1505 1474 1474 1475 1488 1488 1489 1456 1480 1480 1481 1506 1506 1084 1486 1486 1487 1507 1507 1508 1509 1509 1510 902 902 903 1511 1511 1512 1430 1430 1430 1430 1430 1492 225 272 1430 1456 1430 1456 1430 1456 1430 1456 1430 1456 1430 1456 1430 1456 1430 1456 1430 1456 1430 1456 1430 1456 1430 1430 1430 1456 1430 1456 1513 1456 1514 1457 1515 1458 1429 1461 1516 1517 1518 1519 1520 1520 1521 1521 1522 1501 1501 1456 1456 1502 1502 1456 1456 233 120 121 262 1430 1430 1430 232 233 234 235 236 223 237 238 239 240 241 242 243 129 225 244 245 246 247 132 248 249 250 251 252 136 253 254 255 256 257 258 259 260 261 224 262 263 264 147 265 149 266 267 152 268 154 155 156 157 158 159 160 161 157 1430 269
https://cookpad.com/kitchen/23546562
903:  0 1 0 2 903 3 4 3 903 903 3 903 1523 1524 1525 1523 1526 1183 1527 1528 1529 1526 1183 1528 1527 1529 1523 1523 1523 1523 1523 1523 1524 120 121 124 903 903 903 31 14 6 29 13 2 125 126 127 12 8 128 122 129 4 130 131 7 15 132 119 133 18 134 135 136 10 137 138 139 140 141 142 143 144 3 124 145 146 147 148 149 150 151 152 153 154 155 156 157 158 159 160 161 157 903 162
https://cookpad.com/recipe/list/23546562
1523:  0 1 0 2 1523 3 4 3 903 903 3 903 1523 1524 1525 1523 1523 1523 1523 1523 524 1523 1523 524 1523 1523 524 1523 1523 1523 1526 1526 3 1183 1183 3 1527 1527 3 1528 1528 3 1529 1529 3 1530 1530 3 1531 1531 3 1532 1532 3 1533 1533 3 1534 1534 3 1523 1523 1523 120 121 124 1523 1523 1523 31 14 6 29 13 2 125 126 127 12 8 128 122 129 4 130 131 7 15 132 119 133 18 134 135 136 10 137 138 139 140 141 142 143 144 3 124 145 146 147 148 149 150 151 152 153 154 155 156 157 158 159 160 161 157 1523 162
https://cookpad.com/recipe/6753110
1526:  0 1 0 2 1526 3 4 3 443 1535 1536 1537 1538 903 1539 1535 1536 1537 1526 453 454 1538 1526 443 1540 1541 1542 1543 120 121 124 1526 1526 1526 31 14 6 29 13 2 125 126 127 12 8 128 122 129 4 130 131 7 15 132 119 133 18 134 135 136 10 137 138 139 140 141 142 143 144 3 124 145 146 147 148 149 150 151 152 153 154 155 156 157 158 159 160 161 157 1526 162
https://cookpad.com/recipe/6745706
1527:  0 1 0 2 1527 3 4 3 443 1544 1545 1546 1547 903 1548 1549 500 1544 1545 1546 1527 453 454 1547 1527 443 1550 1551 120 121 124 1527 1527 1527 31 14 6 29 13 2 125 126 127 12 8 128 122 129 4 130 131 7 15 132 119 133 18 134 135 136 10 137 138 139 140 141 142 143 144 3 124 145 146 147 148 149 150 151 152 153 154 155 156 157 158 159 160 161 157 1527 162
https://cookpad.com/recipe/6747414
1528:  0 1 0 2 1528 3 4 3 443 1552 1553 1554 1555 903 1552 1553 1554 1528 453 454 1555 1528 443 1556 120 121 124 1528 1528 1528 31 14 6 29 13 2 125 126 127 12 8 128 122 129 4 130 131 7 15 132 119 133 18 134 135 136 10 137 138 139 140 141 142 143 144 3 124 145 146 147 148 149 150 151 152 153 154 155 156 157 158 159 160 161 157 1528 162
https://cookpad.com/recipe/6742826
1529:  0 1 0 2 1529 3 4 3 443 1557 1558 1559 1560 903 862 1561 1557 1558 1559 1529 453 454 1560 1529 443 1562 120 121 124 1529 1529 1529 31 14 6 29 13 2 125 126 127 12 8 128 122 129 4 130 131 7 15 132 119 133 18 134 135 136 10 137 138 139 140 141 142 143 144 3 124 145 146 147 148 149 150 151 152 153 154 155 156 157 158 159 160 161 157 1529 162
http://cookpad.com/recipe/6709677
904:  213 222 213 223 904 224 225 224 1287 1563 1564 1565 1566 1567 886 886 1563 1564 1565 904 453 454 1566 904 904 1287 1568 1339 1340 262 904 904 904 232 233 234 235 236 223 237 238 239 240 241 242 243 129 225 244 245 246 247 132 248 249 250 251 252 136 253 254 255 256 257 258 259 260 261 224 262 263 264 147 265 149 266 267 152 268 154 155 156 157 158 159 160 161 157 904 269
http://cookpad.com/search/%E3%82%AF%E3%83%83%E3%82%AD%E3%83%B3%E3%82%B0%E3%82%B7%E3%83%BC%E3%83%88
1568:  213 222 213 223 1568 224 225 224 1568 1568 1456 1568 1569 1569 1570 1571 1571 1572 904 904 905 1456 1082 1082 704 906 906 907 1573 1573 1574 1575 1575 1077 1576 1576 1577 1578 1578 1579 1580 1580 1581 1582 1582 1583 1568 1568 1568 1568 1568 1492 225 272 1568 1456 1568 1456 1568 1456 1568 1456 1568 1456 1568 1456 1568 1456 1568 1456 1568 1456 1568 1456 1568 1456 1568 1456 1568 1568 1568 1456 1568 1456 1584 1456 1585 1586 1587 1587 1588 1588 1589 120 121 262 1568 1568 1568 232 233 234 235 236 223 237 238 239 240 241 242 243 129 225 244 245 246 247 132 248 249 250 251 252 136 253 254 255 256 257 258 259 260 261 224 262 263 264 147 265 149 266 267 152 268 154 155 156 157 158 159 160 161 157 1568 269
http://cookpad.com/recipe/print/6709677
1563:  540 540 540 541
http://cookpad.com/recipe/introduce/6709677
1564:  1564
http://cookpad.com/recipe/introduce_for_keitai/6709677
1565: 
http://cookpad.com/recipe/show_easy_blog_link/6709677
1566: 
http://cookpad.com/kitchen/15136821
1567:  213 222 213 223 1567 224 225 224 1567 1567 224 1567 1590 1591 1592 1590 904 1593 1594 1595 1596 904 1593 1597 1598 1594 1590 1590 1590 1590 1590 1590 1590 1591 120 121 262 1567 1567 1567 232 233 234 235 236 223 237 238 239 240 241 242 243 129 225 244 245 246 247 132 248 249 250 251 252 136 253 254 255 256 257 258 259 260 261 224 262 263 264 147 265 149 266 267 152 268 154 155 156 157 158 159 160 161 157 1567 269
https://cookpad.com/kitchen/15136821
905:  0 1 0 2 905 3 4 3 905 905 3 905 1599 1600 1601 1599 1184 1602 1603 1604 1605 1184 1602 1606 1607 1603 1599 1599 1599 1599 1599 1599 1599 1600 120 121 124 905 905 905 31 14 6 29 13 2 125 126 127 12 8 128 122 129 4 130 131 7 15 132 119 133 18 134 135 136 10 137 138 139 140 141 142 143 144 3 124 145 146 147 148 149 150 151 152 153 154 155 156 157 158 159 160 161 157 905 162
https://cookpad.com/tsukurepo/list/15136821
1600:  0 1 0 2 1600 3 4 3 905 905 3 905 1599 1600 1601 1600 524 1600 1600 1600 1600 1600 1600 524 1600 1600 1600 524 1600 1600 1600 1600 1600 1606 1607 1608 1609 1610 1611 1612 1613 1614 1615 1616 1617 1600 1600 120 121 124 1600 1600 1600 31 14 6 29 13 2 125 126 127 12 8 128 122 129 4 130 131 7 15 132 119 133 18 134 135 136 10 137 138 139 140 141 142 143 144 3 124 145 146 147 148 149 150 151 152 153 154 155 156 157 158 159 160 161 157 1600 162
https://cookpad.com/recipe/5825824
1602:  0 1 0 2 1602 3 4 3 443 1618 1619 1620 1621 905 1622 1623 860 450 1624 1618 1619 1620 1602 453 454 1621 1602 1602 443 1625 120 121 124 1602 1602 1602 31 14 6 29 13 2 125 126 127 12 8 128 122 129 4 130 131 7 15 132 119 133 18 134 135 136 10 137 138 139 140 141 142 143 144 3 124 145 146 147 148 149 150 151 152 153 154 155 156 157 158 159 160 161 157 1602 162
https://cookpad.com/recipe/5789627
1603:  0 1 0 2 1603 3 4 3 443 1626 1627 1628 1629 905 1630 1631 860 1602 1626 1627 1628 1603 453 454 1629 1603 1603 1632 1632 1633 1633 1634 1634 1635 1635 443 1636 1637 1638 1639 120 121 124 1603 1603 1603 31 14 6 29 13 2 125 126 127 12 8 128 122 129 4 130 131 7 15 132 119 133 18 134 135 136 10 137 138 139 140 141 142 143 144 3 124 145 146 147 148 149 150 151 152 153 154 155 156 157 158 159 160 161 157 1603 162
https://cookpad.com/recipe/4519737
1604:  0 1 0 2 1604 3 4 3 443 1640 1641 1642 1643 905 450 1640 1641 1642 1604 453 454 1643 1604 1604 1644 1644 1645 1645 443 1646 120 121 124 1604 1604 1604 31 14 6 29 13 2 125 126 127 12 8 128 122 129 4 130 131 7 15 132 119 133 18 134 135 136 10 137 138 139 140 141 142 143 144 3 124 145 146 147 148 149 150 151 152 153 154 155 156 157 158 159 160 161 157 1604 162
https://cookpad.com/recipe/5648822
1605:  0 1 0 2 1605 3 4 3 443 1647 1648 1649 1650 905 1647 1648 1649 1605 453 454 1650 1605 1605 443 1651 1652 120 121 124 1605 1605 1605 31 14 6 29 13 2 125 126 127 12 8 128 122 129 4 130 131 7 15 132 119 133 18 134 135 136 10 137 138 139 140 141 142 143 144 3 124 145 146 147 148 149 150 151 152 153 154 155 156 157 158 159 160 161 157 1605 162
https://cookpad.com/recipe/5107779
1606:  0 1 0 2 1606 3 4 3 443 1653 1654 1655 1656 1657 1658 1658 1653 1654 1655 1606 453 454 1656 1606 1606 1659 1659 1660 1660 1661 1661 1659 1659 1606 1606 1606 1606 1606 1662 443 1663 1663 1664 1664 1665 1665 1666 1666 1667 1667 1667 1652 120 121 124 1606 1606 1606 31 14 6 29 13 2 125 126 127 12 8 128 122 129 4 130 131 7 15 132 119 133 18 134 135 136 10 137 138 139 140 141 142 143 144 3 124 145 146 147 148 149 150 151 152 153 154 155 156 157 158 159 160 161 157 1606 162
https://cookpad.com/recipe/3650458
1607:  0 1 0 2 1607 3 4 3 443 1668 1669 1670 1671 1672 1673 1674 1675 1676 1677 1607 1678 866 477 1679 1680 1668 1669 1670 1607 453 454 1671 1607 1607 1681 1681 1682 1682 1683 1683 1684 1684 1607 1607 1607 1607 1607 1685 443 1686 1672 1687 1688 1688 1689 1689 1690 1690 1691 1691 1690 1692 120 121 124 1607 1607 1607 31 14 6 29 13 2 125 126 127 12 8 128 122 129 4 130 131 7 15 132 119 133 18 134 135 136 10 137 138 139 140 141 142 143 144 3 124 145 146 147 148 149 150 151 152 153 154 155 156 157 158 159 160 161 157 1607 162
https://cookpad.com/recipe/list/15136821
1599:  0 1 0 2 1599 3 4 3 905 905 3 905 1599 1600 1601 1599 1599 1599 1599 1599 1599 1599 524 1599 524 1599 1599 1599 524 1599 1599 1599 1599 1599 1599 1599 1184 1184 3 1602 1602 3 1603 1603 3 1604 1604 3 1605 1605 3 1693 1693 3 1694 1694 3 1695 1695 3 1696 1696 3 1697 1697 3 1599 1599 1599 120 121 124 1599 1599 1599 31 14 6 29 13 2 125 126 127 12 8 128 122 129 4 130 131 7 15 132 119 133 18 134 135 136 10 137 138 139 140 141 142 143 144 3 124 145 146 147 148 149 150 151 152 153 154 155 156 157 158 159 160 161 157 1599 162
http://cookpad.com/recipe/6699235
906:  213 222 213 223 906 224 225 224 1287 1698 1699 1700 1701 1702 886 1698 1699 1700 906 453 454 1701 906 1287 1568 1339 1340 262 906 906 906 232 233 234 235 236 223 237 238 239 240 241 242 243 129 225 244 245 246 247 132 248 249 250 251 252 136 253 254 255 256 257 258 259 260 261 224 262 263 264 147 265 149 266 267 152 268 154 155 156 157 158 159 160 161 157 906 269
http://cookpad.com/recipe/print/6699235
1698:  540 540 540 541
http://cookpad.com/recipe/introduce/6699235
1699:  1699
http://cookpad.com/recipe/introduce_for_keitai/6699235
1700: 
http://cookpad.com/recipe/show_easy_blog_link/6699235
1701: 
http://cookpad.com/kitchen/24885135
1702:  213 222 213 223 1702 224 225 224 1702 1702 224 1702 1703 1704 1705 1703 1706 1707 1708 1709 1710 1706 1707 1709 1708 1710 1703 1703 1703 1703 1703 1703 1704 120 121 262 1702 1702 1702 232 233 234 235 236 223 237 238 239 240 241 242 243 129 225 244 245 246 247 132 248 249 250 251 252 136 253 254 255 256 257 258 259 260 261 224 262 263 264 147 265 149 266 267 152 268 154 155 156 157 158 159 160 161 157 1702 269
https://cookpad.com/kitchen/24885135
907:  0 1 0 2 907 3 4 3 907 907 3 907 1711 1712 1713 1711 1714 1715 1716 1717 1718 1714 1715 1717 1716 1718 1711 1711 1711 1711 1711 1711 1712 120 121 124 907 907 907 31 14 6 29 13 2 125 126 127 12 8 128 122 129 4 130 131 7 15 132 119 133 18 134 135 136 10 137 138 139 140 141 142 143 144 3 124 145 146 147 148 149 150 151 152 153 154 155 156 157 158 159 160 161 157 907 162
https://cookpad.com/recipe/list/24885135
1711:  0 1 0 2 1711 3 4 3 907 907 3 907 1711 1712 1713 1711 1711 1711 1711 1711 524 1711 1711 1711 1714 1714 3 1715 1715 3 1716 1716 3 1717 1717 3 1718 1718 3 1719 1719 3 1720 1720 3 1721 1721 3 1722 1722 3 1723 1723 3 1711 1711 1711 1711 1711 120 121 124 1711 1711 1711 31 14 6 29 13 2 125 126 127 12 8 128 122 129 4 130 131 7 15 132 119 133 18 134 135 136 10 137 138 139 140 141 142 143 144 3 124 145 146 147 148 149 150 151 152 153 154 155 156 157 158 159 160 161 157 1711 162
https://cookpad.com/recipe/6752630
1714:  0 1 0 2 1714 3 4 3 443 1724 1725 1726 1727 907 1728 1729 1730 1724 1725 1726 1714 453 454 1727 1714 443 1731 1732 1733 1734 120 121 124 1714 1714 1714 31 14 6 29 13 2 125 126 127 12 8 128 122 129 4 130 131 7 15 132 119 133 18 134 135 136 10 137 138 139 140 141 142 143 144 3 124 145 146 147 148 149 150 151 152 153 154 155 156 157 158 159 160 161 157 1714 162
https://cookpad.com/recipe/6742531
1715:  0 1 0 2 1715 3 4 3 443 1735 1736 1737 1738 907 1623 1739 478 1735 1736 1737 1715 453 454 1738 1715 1740 1740 443 1741 1742 1743 1733 120 121 124 1715 1715 1715 31 14 6 29 13 2 125 126 127 12 8 128 122 129 4 130 131 7 15 132 119 133 18 134 135 136 10 137 138 139 140 141 142 143 144 3 124 145 146 147 148 149 150 151 152 153 154 155 156 157 158 159 160 161 157 1715 162
https://cookpad.com/recipe/6741285
1716:  0 1 0 2 1716 3 4 3 443 1744 1745 1746 1747 907 1748 1749 1728 450 477 478 1744 1745 1746 1716 453 454 1747 1716 443 1750 120 121 124 1716 1716 1716 31 14 6 29 13 2 125 126 127 12 8 128 122 129 4 130 131 7 15 132 119 133 18 134 135 136 10 137 138 139 140 141 142 143 144 3 124 145 146 147 148 149 150 151 152 153 154 155 156 157 158 159 160 161 157 1716 162
https://cookpad.com/recipe/6723602
1717:  0 1 0 2 1717 3 4 3 443 1751 1752 1753 1754 907 683 1755 1756 1757 1758 1759 1760 862 1141 477 478 1141 1185 1751 1752 1753 1717 453 454 1754 1717 443 1761 1762 1763 120 121 124 1717 1717 1717 31 14 6 29 13 2 125 126 127 12 8 128 122 129 4 130 131 7 15 132 119 133 18 134 135 136 10 137 138 139 140 141 142 143 144 3 124 145 146 147 148 149 150 151 152 153 154 155 156 157 158 159 160 161 157 1717 162
https://cookpad.com/recipe/6708461
1718:  0 1 0 2 1718 3 4 3 443 1764 1765 1766 1767 907 1768 1769 683 450 1549 452 1764 1765 1766 1718 453 454 1767 1718 443 1770 1771 1772 120 121 124 1718 1718 1718 31 14 6 29 13 2 125 126 127 12 8 128 122 129 4 130 131 7 15 132 119 133 18 134 135 136 10 137 138 139 140 141 142 143 144 3 124 145 146 147 148 149 150 151 152 153 154 155 156 157 158 159 160 161 157 1718 162
http://cookpad.com/cooking_basics/20460
887:  213 222 213 223 887 224 225 224 252 1773 1774 1774 1775 224 1776 1776 894 224 1777 1777 1778 224 1779 120 121 262 887 887 887 232 233 234 235 236 223 237 238 239 240 241 242 243 129 225 244 245 246 247 132 248 249 250 251 252 136 253 254 255 256 257 258 259 260 261 224 262 263 264 147 265 149 266 267 152 268 154 155 156 157 158 159 160 161 157 887 269
http://cookpad.com/cooking_basics/category/30
1773:  213 222 213 223 1773 224 225 224 252 1780 1781 1782 1783 1333 1784 955 1785 1786 1787 1788 1789 1790 1791 1792 1793 1794 1795 1796 1797 1798 1349 1799 1800 1801 1802 1803 1804 1805 1806 1773 1773 1773 1773 120 121 262 1773 1773 1773 232 233 234 235 236 223 237 238 239 240 241 242 243 129 225 244 245 246 247 132 248 249 250 251 252 136 253 254 255 256 257 258 259 260 261 224 262 263 264 147 265 149 266 267 152 268 154 155 156 157 158 159 160 161 157 1773 269
http://cookpad.com/cooking_basics/7915
1792:  213 222 213 223 1792 224 225 224 252 1773 1807 1808 1809 1810 1810 1811 224 1812 1812 1813 224 1814 1814 675 224 1815 120 121 262 1792 1792 1792 232 233 234 235 236 223 237 238 239 240 241 242 243 129 225 244 245 246 247 132 248 249 250 251 252 136 253 254 255 256 257 258 259 260 261 224 262 263 264 147 265 149 266 267 152 268 154 155 156 157 158 159 160 161 157 1792 269
http://cookpad.com/cooking_basics/6872
1793:  213 222 213 223 1793 224 225 224 252 1773 1816 1816 1817 224 1818 1818 1819 224 1820 1820 775 224 1821 120 121 262 1793 1793 1793 232 233 234 235 236 223 237 238 239 240 241 242 243 129 225 244 245 246 247 132 248 249 250 251 252 136 253 254 255 256 257 258 259 260 261 224 262 263 264 147 265 149 266 267 152 268 154 155 156 157 158 159 160 161 157 1793 269
http://cookpad.com/cooking_basics/20094
1794:  213 222 213 223 1794 224 225 224 252 1773 1332 1822 1823 1824 1825 224 1826 1826 1827 224 1828 1828 1829 224 1830 120 121 262 1794 1794 1794 232 233 234 235 236 223 237 238 239 240 241 242 243 129 225 244 245 246 247 132 248 249 250 251 252 136 253 254 255 256 257 258 259 260 261 224 262 263 264 147 265 149 266 267 152 268 154 155 156 157 158 159 160 161 157 1794 269
http://cookpad.com/cooking_basics/6880
1795:  213 222 213 223 1795 224 225 224 252 1773 1831 1832 1832 1833 224 1834 1834 1835 224 1836 1836 1837 224 1838 120 121 262 1795 1795 1795 232 233 234 235 236 223 237 238 239 240 241 242 243 129 225 244 245 246 247 132 248 249 250 251 252 136 253 254 255 256 257 258 259 260 261 224 262 263 264 147 265 149 266 267 152 268 154 155 156 157 158 159 160 161 157 1795 269
http://cookpad.com/cooking_basics/5017
1796:  213 222 213 223 1796 224 225 224 252 1773 1839 1840 1840 1841 224 1842 1842 789 224 1843 1843 1844 224 1845 120 121 262 1796 1796 1796 232 233 234 235 236 223 237 238 239 240 241 242 243 129 225 244 245 246 247 132 248 249 250 251 252 136 253 254 255 256 257 258 259 260 261 224 262 263 264 147 265 149 266 267 152 268 154 155 156 157 158 159 160 161 157 1796 269
http://cookpad.com/cooking_basics/20585
1797:  213 222 213 223 1797 224 225 224 252 1773 1846 1846 1847 224 1848 1848 1849 224 1850 1850 1851 224 1852 120 121 262 1797 1797 1797 232 233 234 235 236 223 237 238 239 240 241 242 243 129 225 244 245 246 247 132 248 249 250 251 252 136 253 254 255 256 257 258 259 260 261 224 262 263 264 147 265 149 266 267 152 268 154 155 156 157 158 159 160 161 157 1797 269
http://cookpad.com/cooking_basics/7604
1798:  213 222 213 223 1798 224 225 224 252 1773 1809 1853 1853 1854 224 1855 1855 1856 224 1857 1858 224 1859 120 121 262 1798 1798 1798 232 233 234 235 236 223 237 238 239 240 241 242 243 129 225 244 245 246 247 132 248 249 250 251 252 136 253 254 255 256 257 258 259 260 261 224 262 263 264 147 265 149 266 267 152 268 154 155 156 157 158 159 160 161 157 1798 269
http://cookpad.com/cooking_basics/7603
1799:  213 222 213 223 1799 224 225 224 252 1773 1860 1861 224 1862 1862 1863 224 1864 1864 1865 224 1866 120 121 262 1799 1799 1799 232 233 234 235 236 223 237 238 239 240 241 242 243 129 225 244 245 246 247 132 248 249 250 251 252 136 253 254 255 256 257 258 259 260 261 224 262 263 264 147 265 149 266 267 152 268 154 155 156 157 158 159 160 161 157 1799 269
http://cookpad.com/cooking_basics/7675
1800:  213 222 213 223 1800 224 225 224 252 1773 1867 1868 1869 1870 1870 1871 224 1872 1872 1873 224 1874 1874 1875 224 1876 120 121 262 1800 1800 1800 232 233 234 235 236 223 237 238 239 240 241 242 243 129 225 244 245 246 247 132 248 249 250 251 252 136 253 254 255 256 257 258 259 260 261 224 262 263 264 147 265 149 266 267 152 268 154 155 156 157 158 159 160 161 157 1800 269
http://cookpad.com/cooking_basics/6158
1801:  213 222 213 223 1801 224 225 224 252 1773 1877 1877 1878 1879 1880 1880 1881 224 1882 1882 677 224 1883 1883 1884 224 1885 120 121 262 1801 1801 1801 232 233 234 235 236 223 237 238 239 240 241 242 243 129 225 244 245 246 247 132 248 249 250 251 252 136 253 254 255 256 257 258 259 260 261 224 262 263 264 147 265 149 266 267 152 268 154 155 156 157 158 159 160 161 157 1801 269
http://cookpad.com/cooking_basics/7678
1802:  213 222 213 223 1802 224 225 224 252 1773 1370 1370 1886 1886 1887 224 1888 1888 1889 224 1890 1890 1873 224 1891 120 121 262 1802 1802 1802 232 233 234 235 236 223 237 238 239 240 241 242 243 129 225 244 245 246 247 132 248 249 250 251 252 136 253 254 255 256 257 258 259 260 261 224 262 263 264 147 265 149 266 267 152 268 154 155 156 157 158 159 160 161 157 1802 269
http://cookpad.com/cooking_basics/6167
1803:  213 222 213 223 1803 224 225 224 252 1773 1892 1893 1894 1892 1894 1893 1895 1895 1896 224 1897 1897 1898 224 1899 1899 1900 224 1901 120 121 262 1803 1803 1803 232 233 234 235 236 223 237 238 239 240 241 242 243 129 225 244 245 246 247 132 248 249 250 251 252 136 253 254 255 256 257 258 259 260 261 224 262 263 264 147 265 149 266 267 152 268 154 155 156 157 158 159 160 161 157 1803 269
http://cookpad.com/cooking_basics/6168
1804:  213 222 213 223 1804 224 225 224 252 1773 1902 1903 1893 1904 1904 1905 224 1906 1906 1907 224 1908 1908 1909 224 1910 120 121 262 1804 1804 1804 232 233 234 235 236 223 237 238 239 240 241 242 243 129 225 244 245 246 247 132 248 249 250 251 252 136 253 254 255 256 257 258 259 260 261 224 262 263 264 147 265 149 266 267 152 268 154 155 156 157 158 159 160 161 157 1804 269
http://cookpad.com/cooking_basics/8095
1805:  213 222 213 223 1805 224 225 224 252 1773 1911 1912 1911 1912 1913 1914 1914 1915 224 1916 1916 1917 224 1918 1918 1917 224 1919 120 121 262 1805 1805 1805 232 233 234 235 236 223 237 238 239 240 241 242 243 129 225 244 245 246 247 132 248 249 250 251 252 136 253 254 255 256 257 258 259 260 261 224 262 263 264 147 265 149 266 267 152 268 154 155 156 157 158 159 160 161 157 1805 269
http://cookpad.com/cooking_basics/7624
1806:  213 222 213 223 1806 224 225 224 252 1773 1920 1920 1921 224 1922 1922 1923 224 1924 1924 1925 224 1926 120 121 262 1806 1806 1806 232 233 234 235 236 223 237 238 239 240 241 242 243 129 225 244 245 246 247 132 248 249 250 251 252 136 253 254 255 256 257 258 259 260 261 224 262 263 264 147 265 149 266 267 152 268 154 155 156 157 158 159 160 161 157 1806 269
http://cookpad.com/cooking_basics/20523
1780:  213 222 213 223 1780 224 225 224 252 1773 886 887 888 1927 1293 1928 1929 1929 890 224 1930 1930 892 224 1776 1776 894 224 1931 120 121 262 1780 1780 1780 232 233 234 235 236 223 237 238 239 240 241 242 243 129 225 244 245 246 247 132 248 249 250 251 252 136 253 254 255 256 257 258 259 260 261 224 262 263 264 147 265 149 266 267 152 268 154 155 156 157 158 159 160 161 157 1780 269
