https://www.archanaskitchen.com/
0:  0 0 1 2 3 4 5 6 7 7 8 8 9 9 10 10 11 11 0 0 12 12 13 14 14 15 16 16 13 17 17 15 18 18 15 9 9 19 8 8 13 7 7 20 10 10 15 11 11 15 21 21 13 22 22 23 24 24 25 26 26 27 28 28 15 29 29 15 30 30 13 31 31 32 33 33 15 34 34 15 35 35 36 37 37 38 39 39 15 40 40 15 41 41 15 42 42 15 43 43 15 44 44 15 45 45 15 46 46 46 46 46 46 46 46 46 46 46 46 47 48 49 50 51 52 53 54 55 56 0
https://www.archanaskitchen.com/recipes
1:  131 0 0 132 1 133 2 3 4 5 134 134 15 135 135 136 137 138 137 13 24 24 25 139 138 139 13 140 140 141 142 142 13 143 143 13 144 144 25 145 145 15 146 146 25 147 147 136 148 138 148 149 150 150 151 152 152 13 153 138 153 15 154 154 155 156 156 15 157 157 158 159 159 15 160 160 161 162 162 13 163 163 15 164 164 15 60 61 62 63 64 65 66 67 68 60 60 69 70 71 72 73 74 75 76 77 78 79 80 81 82 83 84 85 86 87 88 89 90 165 166 167 94 95 96 97 98 99 100 168 102 103 104 105 106 107 108 109 110 111 169 170 171 172 116 117 118 119 120 121 122 123 124 125 126 127 173 174 130 175 176 177 178 179 180 181 182 183 184 185 186 187 188 189 190 191 192 193 194 195 196 197 198 199 200 201 202 203 204 205 206 207 208 209 210 211 212 213 214 215 216 217 218 219 220 47 48 49 50 51 52 53 54 55 56 1
https://www.archanaskitchen.com/recipes/cake-mix-recipes
133:  131 0 0 132 1 133 2 3 4 5 221 222 223 224 225 225 13 226 226 13 227 227 13 228 228 13 229 229 13 230 230 13 231 231 13 232 232 13 233 233 13 234 234 13 235 235 13 236 236 13 237 237 13 238 238 13 239 239 13 240 240 13 223 221 47 48 49 50 51 52 53 54 55 56 224
https://www.archanaskitchen.com/eggless-strawberry-velvet-cake-mix-instructions
236:  131 0 0 132 1 133 2 3 4 5 133 222 13 241 242 243 222 244 245 246 2 234 234 233 233 232 232 231 231 237 237 238 238 239 239 240 240 12 12 13 247 247 15 248 248 249 250 250 251 147 147 136 148 148 149 150 150 151 152 152 13 153 153 15 154 154 155 252 252 13 253 253 254 255 255 13 256 256 13 257 257 15 258 258 15 259 259 13 260 260 36 261 261 262 263 263 13 47 48 49 50 51 52 53 54 55 56 224
https://www.archanaskitchen.com/egg-roast-kerala-style
256:  131 0 0 132 1 133 2 3 4 5 1 76 78 82 13 138 264 265 266 267 268 138 269 270 271 270 264 272 273 274 275 86 276 277 83 84 85 278 278 279 279 280 280 281 281 282 282 283 283 284 284 285 285 12 12 13 247 247 15 248 248 249 250 250 251 147 147 136 148 148 149 150 150 151 152 152 13 153 153 15 154 154 155 252 252 13 253 253 254 255 255 13 256 256 13 257 257 15 258 258 15 259 259 13 260 260 36 261 261 262 263 263 13 47 48 49 50 51 52 53 54 55 56 256
https://www.archanaskitchen.com/kerala-style-appam-recipe-fermented-rice-pancakes-with-coconut
264:  131 0 0 132 1 133 2 3 4 5 1 76 116 286 286 13 138 287 288 289 290 256 138 269 291 292 293 287 288 294 126 295 296 297 298 299 300 301 302 303 304 117 118 119 120 121 122 123 124 125 126 127 173 174 130 294 294 305 305 306 306 307 307 308 308 309 309 310 310 311 311 12 12 13 247 247 15 248 248 249 250 250 251 147 147 136 148 148 149 150 150 151 152 152 13 153 153 15 154 154 155 252 252 13 253 253 254 255 255 13 256 256 13 257 257 15 258 258 15 259 259 13 260 260 36 261 261 262 263 263 13 47 48 49 50 51 52 53 54 55 56 264
https://www.archanaskitchen.com/brands/preethi-kitchen-appliances
286:  131 0 0 132 1 133 2 3 4 5 0 312 312 313 313 314 314 315 315 316 316 317 317 318 318 319 319 320 320 321 321 322 322 323 323 324 324 325 325 326 326 327 327 328 328 329 329 330 330 331 331 332 332 333 333 334 334 335 335 336 336 337 337 338 338 339 339 340 340 341 341 342 342 343 343 287 287 344 344 345 345 346 346 347 347 348 348 349 349 350 350 351 351 352 352 353 353 354 354 355 355 356 357 358 359 360 361 362 363 364 356 356 365 47 48 49 50 51 52 53 54 55 56 286
https://www.archanaskitchen.com/5-delicious-chutneys-that-you-can-make-with-turbo-chop
312:  131 0 0 132 1 133 2 3 4 5 4 286 286 366 367 368 368 369 369 370 371 372 373 374 375 370 376 376 377 377 4 378 298 299 379 380 381 381 382 382 383 383 384 384 385 385 386 386 387 387 388 388 12 12 13 247 247 15 248 248 249 250 250 251 147 147 136 148 148 149 150 150 151 152 152 13 153 153 15 154 154 155 252 252 13 253 253 254 255 255 13 256 256 13 257 257 15 258 258 15 259 259 13 260 260 36 261 261 262 263 263 13 47 48 49 50 51 52 53 54 55 56 312
https://www.archanaskitchen.com/3-course-maharashtrian-menu-saturday-lunch-recipe-ideas
385:  131 0 0 132 1 133 2 3 4 5 4 389 390 390 391 391 392 392 393 393 394 394 395 395 396 396 397 397 398 398 399 399 400 400 401 401 402 402 403 403 404 404 4 276 296 298 405 379 381 381 383 383 406 406 386 386 387 387 407 407 408 408 409 409 12 12 13 247 247 15 248 248 249 250 250 251 147 147 136 148 148 149 150 150 151 152 152 13 153 153 15 154 154 155 252 252 13 253 253 254 255 255 13 256 256 13 257 257 15 258 258 15 259 259 13 260 260 36 261 261 262 263 263 13 47 48 49 50 51 52 53 54 55 56 385
https://www.archanaskitchen.com/revati-upadhya
389:  131 0 0 132 1 133 2 3 4 5 410 411 411 412 412 413 413 414 414 386 386 387 387 415 415 416 416 417 417 385 385 384 384 418 418 419 419 420 420 383 383 421 421 422 422 423 423 424 424 409 409 425 425 381 381 426 426 427 427 428 429 428 428 429 47 48 49 50 51 52 53 54 55 56 389
https://www.archanaskitchen.com/12-incredible-eggless-treats-for-your-christmas-celebrations
416:  131 0 0 132 1 133 2 3 4 5 4 389 430 431 432 432 433 433 434 434 435 435 436 436 437 437 438 438 439 439 348 348 440 440 441 441 58 58 4 442 443 444 445 446 446 447 447 448 448 449 449 417 417 406 406 450 450 451 451 12 12 13 247 247 15 248 248 249 250 250 251 147 147 136 148 148 149 150 150 151 152 152 13 153 153 15 154 154 155 252 252 13 253 253 254 255 255 13 256 256 13 257 257 15 258 258 15 259 259 13 260 260 36 261 261 262 263 263 13 47 48 49 50 51 52 53 54 55 56 416
https://www.archanaskitchen.com/kerala-style-christmas-plum-cake-recipe
431:  131 0 0 132 1 133 2 3 4 5 1 219 13 138 452 453 454 455 138 241 456 457 458 459 243 219 442 301 443 460 460 305 305 417 417 446 446 416 416 289 289 266 266 461 461 12 12 13 247 247 15 248 248 249 250 250 251 147 147 136 148 148 149 150 150 151 152 152 13 153 153 15 154 154 155 252 252 13 253 253 254 255 255 13 256 256 13 257 257 15 258 258 15 259 259 13 260 260 36 261 261 262 263 263 13 47 48 49 50 51 52 53 54 55 56 431
https://www.archanaskitchen.com/eggless-strawberry-rose-and-pistachio-cake-recipe-eggless-egg-free
452:  131 0 0 132 1 133 2 3 4 5 1 219 462 463 464 434 465 466 241 456 458 467 468 463 464 219 469 470 471 472 472 473 473 474 474 475 475 476 476 450 450 477 477 478 478 247 247 15 12 12 13 248 248 249 250 250 251 144 144 25 145 145 15 146 146 25 147 147 136 148 148 149 150 150 151 252 252 13 253 253 254 255 255 13 256 256 13 257 257 15 258 258 15 259 259 13 260 260 36 261 261 262 263 263 13 47 48 49 50 51 52 53 54 55 56 452
https://www.archanaskitchen.com/monika-manchanda
462:  131 0 0 132 1 133 2 3 4 5 479 480 480 481 481 482 482 483 483 484 484 485 485 486 486 487 487 488 488 489 489 490 490 491 491 492 492 493 493 494 494 495 495 496 496 497 497 498 498 499 499 500 500 501 501 502 502 503 503 504 505 504 504 505 47 48 49 50 51 52 53 54 55 56 462
https://www.archanaskitchen.com/mangalore-fish-curry-recipe-in-hindi
480:  131 0 0 132 1 133 2 3 4 5 1 76 78 82 462 506 507 508 270 506 488 85 295 296 509 510 511 512 513 514 83 84 85 488 488 515 515 516 516 517 517 518 518 519 519 520 520 309 309 247 247 15 12 12 13 248 248 249 250 250 251 144 144 25 145 145 15 146 146 25 147 147 136 148 148 149 150 150 151 252 252 13 253 253 254 255 255 13 256 256 13 257 257 15 258 258 15 259 259 13 260 260 36 261 261 262 263 263 13 47 48 49 50 51 52 53 54 55 56 480
https://www.archanaskitchen.com/tag/mango-recipes
512:  131 0 0 132 1 133 2 3 4 5 480 480 462 521 521 15 522 522 15 523 523 15 524 524 15 525 525 13 526 526 13 527 527 15 528 528 529 530 530 262 531 531 155 532 532 15 533 533 19 534 534 15 535 535 536 537 537 36 538 538 15 539 539 540 541 541 15 542 542 15 543 544 545 546 547 548 549 550 551 543 543 552 47 48 49 50 51 52 53 54 55 56 512
https://www.archanaskitchen.com/mango-milkshake-recipe-mango-smoothie-in-hindi
522:  131 0 0 132 1 133 2 3 4 5 1 207 208 15 138 553 138 241 554 553 523 208 555 512 556 557 523 523 558 558 559 559 560 560 561 561 562 562 563 563 564 564 12 12 13 247 247 15 248 248 249 250 250 251 144 144 25 145 145 15 146 146 25 147 147 136 148 148 149 150 150 151 252 252 13 253 253 254 255 255 13 256 256 13 257 257 15 258 258 15 259 259 13 260 260 36 261 261 262 263 263 13 47 48 49 50 51 52 53 54 55 56 522
https://www.archanaskitchen.com/akuri-recipe-parsi-style-seasoned-scrambled-eggs-in-hindi
553:  131 0 0 132 1 133 2 3 4 5 1 76 116 15 565 566 567 568 569 188 277 570 299 571 572 117 118 119 120 121 122 123 124 125 126 127 173 174 130 569 569 573 573 574 574 575 575 576 576 577 577 578 578 579 579 12 12 13 247 247 15 248 248 249 250 250 251 147 147 136 148 148 149 150 150 151 152 152 13 153 153 15 154 154 155 252 252 13 253 253 254 255 255 13 256 256 13 257 257 15 258 258 15 259 259 13 260 260 36 261 261 262 263 263 13 47 48 49 50 51 52 53 54 55 56 553
https://www.archanaskitchen.com/rasawala-dhokla-recipe
577:  131 0 0 132 1 133 2 3 4 5 1 76 116 20 580 581 582 583 584 585 270 586 587 588 243 589 589 580 581 124 570 590 299 591 592 571 117 118 119 120 121 122 123 124 125 126 127 173 174 130 593 593 594 594 595 595 596 596 597 597 598 598 599 599 583 583 12 12 13 247 247 15 248 248 249 250 250 251 147 147 136 148 148 149 150 150 151 152 152 13 153 153 15 154 154 155 252 252 13 253 253 254 255 255 13 256 256 13 257 257 15 258 258 15 259 259 13 260 260 36 261 261 262 263 263 13 47 48 49 50 51 52 53 54 55 56 577
https://www.archanaskitchen.com/gujarati-methi-thepla
580:  131 0 0 132 1 133 2 3 4 5 1 76 78 166 13 138 600 601 602 603 604 601 138 585 605 292 243 600 601 96 276 606 296 570 298 299 591 607 608 609 167 94 95 96 97 610 610 611 611 612 612 613 613 614 614 615 615 616 616 617 617 12 12 13 247 247 15 248 248 249 250 250 251 147 147 136 148 148 149 150 150 151 152 152 13 153 153 15 154 154 155 252 252 13 253 253 254 255 255 13 256 256 13 257 257 15 258 258 15 259 259 13 260 260 36 261 261 262 263 263 13 47 48 49 50 51 52 53 54 55 56 580
https://www.archanaskitchen.com/tag/kids-lunch-box-recipes
608:  131 0 0 132 1 133 2 3 4 5 13 618 619 619 620 621 621 13 622 622 15 623 623 624 625 625 624 626 626 624 627 627 628 629 629 36 630 630 624 631 631 624 632 632 624 633 633 15 634 634 624 635 635 15 636 636 15 637 637 624 638 638 624 639 639 628 640 640 624 641 641 15 642 643 644 645 646 647 648 649 650 642 642 651 47 48 49 50 51 52 53 54 55 56 608
https://www.archanaskitchen.com/kids-lunch-box-menu-plan-spiced-kumbh-pulao-palak-paneer-bhurji-more
640:  131 0 0 132 1 133 2 3 4 5 3 652 624 653 654 655 656 657 658 659 660 661 662 662 243 243 663 663 664 664 665 665 666 666 667 667 668 668 669 669 666 666 652 606 608 670 557 631 631 671 671 625 625 672 672 673 673 674 674 675 675 676 676 12 12 13 247 247 15 248 248 249 250 250 251 144 144 25 145 145 15 146 146 25 147 147 136 148 148 149 150 150 151 252 252 13 253 253 254 255 255 13 256 256 13 257 257 15 258 258 15 259 259 13 260 260 36 261 261 262 263 263 13 47 48 49 50 51 52 53 54 55 56 640
https://www.archanaskitchen.com/weekly-meal-plans/office-kids-lunch-box-ideas-recipes/
652:  131 0 0 132 1 133 2 3 4 5 3 677 677 624 623 623 624 625 625 624 626 626 624 678 678 624 631 631 624 634 634 624 637 637 624 638 638 624 679 679 15 639 639 628 640 640 624 680 680 15 681 681 624 682 682 15 683 683 13 684 684 624 685 685 15 686 686 624 687 687 628 688 688 15 689 689 624 690 690 15 691 691 624 692 693 694 695 696 697 698 699 700 692 692 701 47 48 49 50 51 52 53 54 55 56 652
https://www.archanaskitchen.com/kids-lunch-box-menu-plan-spongy-quinoa-idli-paneer-kathi-roll-more
677:  131 0 0 132 1 133 2 3 4 5 3 652 624 702 703 704 705 706 659 660 661 707 707 708 708 709 709 710 710 711 711 666 666 712 712 243 243 713 713 666 666 652 12 12 13 247 247 15 248 248 249 250 250 251 147 147 136 148 148 149 150 150 151 152 152 13 153 153 15 154 154 155 252 252 13 253 253 254 255 255 13 256 256 13 257 257 15 258 258 15 259 259 13 260 260 36 261 261 262 263 263 13 47 48 49 50 51 52 53 54 55 56 677
https://www.archanaskitchen.com/cheesy-veg-paniyaram-recipe-with-cheesy-tomato-chutney
704:  131 0 0 132 1 133 2 3 4 5 714 714 13 138 715 716 717 718 138 719 720 721 71 606 299 302 670 722 557 723 723 371 371 724 724 725 725 726 726 727 727 728 728 729 729 12 12 13 247 247 15 248 248 249 250 250 251 147 147 136 148 148 149 150 150 151 152 152 13 153 153 15 154 154 155 252 252 13 253 253 254 255 255 13 256 256 13 257 257 15 258 258 15 259 259 13 260 260 36 261 261 262 263 263 13 47 48 49 50 51 52 53 54 55 56 704
https://www.archanaskitchen.com/brands/britannia-cheese
714:  131 0 0 132 1 133 2 3 4 5 0 730 730 731 731 732 732 733 733 734 734 735 735 736 736 737 737 738 738 739 739 740 740 741 741 742 742 743 743 744 744 745 745 729 729 746 746 728 728 747 747 748 748 749 749 727 727 703 703 750 750 750 750 47 48 49 50 51 52 53 54 55 56 714
https://www.archanaskitchen.com/no-bake-eggless-mango-cheesecake-pudding
730:  131 0 0 132 1 133 2 3 4 5 1 218 714 714 13 138 751 752 753 754 138 241 755 457 756 751 218 469 555 512 470 757 758 477 477 759 759 760 760 761 761 762 762 450 450 564 564 763 763 12 12 13 247 247 15 248 248 249 250 250 251 147 147 136 148 148 149 150 150 151 152 152 13 153 153 15 154 154 155 252 252 13 253 253 254 255 255 13 256 256 13 257 257 15 258 258 15 259 259 13 260 260 36 261 261 262 263 263 13 47 48 49 50 51 52 53 54 55 56 730
https://www.archanaskitchen.com/vegetarian-chinese-sizzler-with-noodles-momos-recipe
751:  131 0 0 132 1 133 2 3 4 5 1 182 199 15 138 764 765 766 767 138 768 270 769 588 770 771 772 773 774 773 775 776 764 199 276 606 777 513 778 779 780 781 782 782 783 783 784 784 785 785 786 786 787 787 788 788 789 789 12 12 13 247 247 15 248 248 249 250 250 251 147 147 136 148 148 149 150 150 151 152 152 13 153 153 15 154 154 155 252 252 13 253 253 254 255 255 13 256 256 13 257 257 15 258 258 15 259 259 13 260 260 36 261 261 262 263 263 13 47 48 49 50 51 52 53 54 55 56 751
https://www.archanaskitchen.com/cuisine/chinese
768:  131 0 0 132 1 133 2 3 4 5 35 35 36 790 790 15 791 791 15 792 138 792 13 793 793 136 794 138 794 13 795 795 38 796 796 262 797 797 15 798 798 15 799 799 155 800 800 262 801 801 15 802 802 803 804 138 804 13 805 138 805 13 806 806 15 807 807 808 809 809 15 810 810 15 811 811 13 812 812 155 813 813 13 814 814 15 815 816 815 815 816 47 48 49 50 51 52 53 54 55 56 768
https://www.archanaskitchen.com/chicken-manchurian-dry-recipe
790:  131 0 0 132 1 133 2 3 4 5 1 182 199 15 817 46 818 819 768 270 586 772 772 773 820 817 199 276 378 379 510 821 822 823 824 824 407 407 408 408 381 381 409 409 421 421 383 383 419 419 12 12 13 247 247 15 248 248 249 250 250 251 147 147 136 148 148 149 150 150 151 152 152 13 153 153 15 154 154 155 252 252 13 253 253 254 255 255 13 256 256 13 257 257 15 258 258 15 259 259 13 260 260 36 261 261 262 263 263 13 47 48 49 50 51 52 53 54 55 56 790
https://www.archanaskitchen.com/spicy-schezuan-vegetarian-noodles-recipe
817:  131 0 0 132 1 133 2 3 4 5 1 182 199 15 138 825 826 827 828 829 138 830 270 831 773 772 825 826 199 276 296 570 832 778 833 833 834 834 835 835 836 836 837 837 278 278 838 838 279 279 12 12 13 247 247 15 248 248 249 250 250 251 147 147 136 148 148 149 150 150 151 152 152 13 153 153 15 154 154 155 252 252 13 253 253 254 255 255 13 256 256 13 257 257 15 258 258 15 259 259 13 260 260 36 261 261 262 263 263 13 47 48 49 50 51 52 53 54 55 56 817
https://www.archanaskitchen.com/tag/bachelor-recipes
832:  131 0 0 132 1 133 2 3 4 5 13 618 839 839 13 840 840 15 702 702 15 813 813 13 841 841 13 842 842 13 843 843 13 844 844 13 845 845 13 846 846 13 847 847 13 848 848 15 834 834 13 849 849 13 850 850 15 851 851 852 853 853 141 854 854 366 855 855 15 856 856 15 857 858 859 860 861 862 863 857 857 863 47 48 49 50 51 52 53 54 55 56 832
https://www.archanaskitchen.com/sakkaravalli-kizhangu-poriyal-recipe-spicy-sweet-potato-roast
839:  131 0 0 132 1 133 2 3 4 5 1 76 78 104 109 13 864 865 375 866 867 868 869 870 270 864 865 375 871 109 295 296 872 832 873 874 875 876 876 877 877 878 878 879 879 871 871 880 880 881 881 882 882 12 12 13 247 247 15 248 248 249 250 250 251 147 147 136 148 148 149 150 150 151 152 152 13 153 153 15 154 154 155 252 252 13 253 253 254 255 255 13 256 256 13 257 257 15 258 258 15 259 259 13 260 260 36 261 261 262 263 263 13 47 48 49 50 51 52 53 54 55 56 839
https://www.archanaskitchen.com/yeruvalli-kuzhambu-recipe-tangy-coconut-curry-with-vegetables
864:  131 0 0 132 1 133 2 3 4 5 13 138 865 603 883 884 138 719 870 270 587 885 865 108 295 296 298 309 309 310 310 311 311 886 886 887 887 888 888 834 834 889 889 12 12 13 247 247 15 248 248 249 250 250 251 147 147 136 148 148 149 150 150 151 152 152 13 153 153 15 154 154 155 252 252 13 253 253 254 255 255 13 256 256 13 257 257 15 258 258 15 259 259 13 260 260 36 261 261 262 263 263 13 47 48 49 50 51 52 53 54 55 56 864
https://www.archanaskitchen.com/keerai-sambar-kuzhambu-spinach-in-tangy-lentil-curry
883:  131 0 0 132 1 133 2 3 4 5 13 138 890 891 865 892 893 307 894 138 719 895 885 890 896 897 865 892 898 105 295 296 899 511 832 900 898 898 901 901 902 902 877 877 903 903 904 904 905 905 906 906 12 12 13 247 247 15 248 248 249 250 250 251 147 147 136 148 148 149 150 150 151 152 152 13 153 153 15 154 154 155 252 252 13 253 253 254 255 255 13 256 256 13 257 257 15 258 258 15 259 259 13 260 260 36 261 261 262 263 263 13 47 48 49 50 51 52 53 54 55 56 883
https://www.archanaskitchen.com/video-recipe-how-to-cook-lentils-dals-pulses-in-a-pressure-cooker
896:  131 0 0 132 1 133 2 3 4 5 1 907 13 138 908 46 909 910 911 138 908 46 909 910 911 274 275 907 912 913 913 914 914 915 915 916 916 917 917 918 918 919 919 920 920 12 12 13 247 247 15 248 248 249 250 250 251 147 147 136 148 148 149 150 150 151 152 152 13 153 153 15 154 154 155 252 252 13 253 253 254 255 255 13 256 256 13 257 257 15 258 258 15 259 259 13 260 260 36 261 261 262 263 263 13 47 48 49 50 51 52 53 54 55 56 896
https://www.archanaskitchen.com/recipes/basic-advanced-cooking-techniques
907:  131 0 0 132 1 133 2 3 4 5 1 921 921 13 922 138 922 13 923 923 15 924 138 924 13 653 138 653 13 925 925 13 926 926 15 927 927 13 928 928 803 929 929 15 930 930 15 931 138 931 13 932 932 13 933 933 13 934 934 13 935 138 935 13 936 138 936 15 243 243 15 937 937 15 938 138 938 13 939 138 939 13 940 940 36 941 941 803 942 942 15 943 944 943 943 944 47 48 49 50 51 52 53 54 55 56 907
https://www.archanaskitchen.com/homemade-quick-puff-pastry-sheet-recipe-perfect-for-puffs-tarts-pies
921:  131 0 0 132 1 133 2 3 4 5 1 907 13 241 907 606 469 945 945 631 631 946 946 947 947 948 948 789 789 949 949 950 950 12 12 13 247 247 15 248 248 249 250 250 251 147 147 136 148 148 149 150 150 151 152 152 13 153 153 15 154 154 155 252 252 13 253 253 254 255 255 13 256 256 13 257 257 15 258 258 15 259 259 13 260 260 36 261 261 262 263 263 13 47 48 49 50 51 52 53 54 55 56 921
https://www.archanaskitchen.com/12-street-style-tikki-recipes-you-can-make-for-evening-snacks
945:  131 0 0 132 1 133 2 3 4 5 4 15 951 952 953 953 954 954 955 955 956 956 957 957 958 958 959 959 960 960 961 961 962 962 963 963 964 964 4 606 469 965 670 966 678 678 967 967 631 631 671 671 968 968 626 626 969 969 625 625 12 12 13 960 960 15 247 247 15 248 248 249 134 134 15 135 135 136 137 137 13 24 24 25 139 139 13 140 140 141 252 252 13 253 253 254 255 255 13 256 256 13 257 257 15 258 258 15 259 259 13 260 260 36 261 261 262 263 263 13 47 48 49 50 51 52 53 54 55 56 945
https://www.archanaskitchen.com/green-chutney-recipe-coriander-mint-chutney-recipe
951:  131 0 0 132 1 133 2 3 4 5 1 76 177 178 13 138 970 971 581 952 972 973 138 974 755 970 971 581 178 378 975 976 977 978 978 979 979 971 971 980 980 981 981 982 982 983 983 984 984 12 12 13 247 247 15 960 960 15 248 248 249 139 139 13 140 140 141 142 142 13 143 143 13 144 144 25 145 145 15 252 252 13 253 253 254 255 255 13 256 256 13 257 257 15 258 258 15 259 259 13 260 260 36 261 261 262 263 263 13 47 48 49 50 51 52 53 54 55 56 951
https://www.archanaskitchen.com/samosas-a-spiced-potato-tea-time-snack
970:  131 0 0 132 1 133 2 3 4 5 13 951 952 985 986 987 974 270 456 931 271 951 952 71 988 989 469 990 379 991 992 987 987 993 993 994 994 995 995 996 996 997 997 998 998 999 999 12 12 13 247 247 15 248 248 249 250 250 251 147 147 136 148 148 149 150 150 151 152 152 13 153 153 15 154 154 155 252 252 13 253 253 254 255 255 13 256 256 13 257 257 15 258 258 15 259 259 13 260 260 36 261 261 262 263 263 13 47 48 49 50 51 52 53 54 55 56 970
https://www.archanaskitchen.com/tag/samosa-recipe
992:  131 0 0 132 1 133 2 3 4 5 1000 1000 540 1001 1001 13 1002 1002 1003 1004 1004 1005 1006 1006 1007 1008 1008 529 1009 1009 1010 739 739 13 1011 1011 13 1012 1012 628 1013 1013 13 1014 1014 1015 1016 1016 1017 1018 1018 540 1019 1019 262 1020 1020 13 1021 1021 136 1022 1022 13 1023 1023 149 987 987 27 1024 1024 1024 1024 47 48 49 50 51 52 53 54 55 56 992
https://www.archanaskitchen.com/tag/samosa-recipe/page-2
1024:  131 0 0 132 1 133 2 3 4 5 1025 1025 27 993 993 462 986 986 15 985 985 15 970 970 13 992 992 992 47 48 49 50 51 52 53 54 55 56 1024
https://www.archanaskitchen.com/samosas-with-minced-mushroom-paneer-and-soya-chunks-stuffing-recipe
1025:  131 0 0 132 1 133 2 3 4 5 27 951 952 1026 1027 1028 1029 974 1030 270 653 271 951 952 1026 71 1031 469 1032 1033 992 1034 1000 1000 1035 1035 1036 1036 1037 1037 1038 1038 1039 1039 1018 1018 1040 1040 12 12 13 247 247 15 248 248 249 250 250 251 147 147 136 148 148 149 150 150 151 152 152 13 153 153 15 154 154 155 252 252 13 253 253 254 255 255 13 256 256 13 257 257 15 258 258 15 259 259 13 260 260 36 261 261 262 263 263 13 47 48 49 50 51 52 53 54 55 56 1025
https://www.archanaskitchen.com/ginger-cardamom-chai-spice-infused-indian-style-milk-tea
1026:  131 0 0 132 1 133 2 3 4 5 1 207 210 1041 1042 1043 970 581 1044 1045 1046 1030 1042 1043 970 210 299 469 1047 1048 1048 1049 1049 1050 1050 1051 1051 1052 1052 1053 1053 1054 1054 1055 1055 12 12 13 247 247 15 248 248 249 250 250 251 147 147 136 148 148 149 150 150 151 152 152 13 153 153 15 154 154 155 252 252 13 253 253 254 255 255 13 256 256 13 257 257 15 258 258 15 259 259 13 260 260 36 261 261 262 263 263 13 47 48 49 50 51 52 53 54 55 56 1026
https://www.archanaskitchen.com/padma-veeranki
1041:  131 0 0 132 1 133 2 3 4 5 1056 1057 1057 1058 1058 1059 1059 1060 1060 1061 1061 1062 1062 1063 1063 1026 1026 1064 1064 1065 1065 1066 1066 1067 1067 1068 1068 47 48 49 50 51 52 53 54 55 56 1041
https://www.archanaskitchen.com/classic-andhra-style-chicken-curry-recipe
1057:  131 0 0 132 1 133 2 3 4 5 1 76 78 82 1041 1069 1070 1071 1072 1073 1074 270 1075 271 1076 1069 1070 83 295 1077 514 83 84 85 147 147 1078 1078 1079 1079 353 353 520 520 1080 1080 1081 1081 1082 1082 12 12 13 247 247 15 248 248 249 250 250 251 147 147 136 148 148 149 150 150 151 152 152 13 153 153 15 154 154 155 252 252 13 253 253 254 255 255 13 256 256 13 257 257 15 258 258 15 259 259 13 260 260 36 261 261 262 263 263 13 47 48 49 50 51 52 53 54 55 56 1057
https://www.archanaskitchen.com/ghee-rice-recipe-rice-cooked-with-whole-spices-and-ghee
1069:  131 0 0 132 1 133 2 3 4 5 1 76 78 87 15 1083 884 1084 1085 1086 1087 1046 587 931 1083 884 1084 165 276 606 296 570 1088 511 88 89 90 1089 1089 1090 1090 1091 1091 1092 1092 1093 1093 1094 1094 1095 1095 1096 1096 12 12 13 247 247 15 248 248 249 250 250 251 147 147 136 148 148 149 150 150 151 152 152 13 153 153 15 154 154 155 252 252 13 253 253 254 255 255 13 256 256 13 257 257 15 258 258 15 259 259 13 260 260 36 261 261 262 263 263 13 47 48 49 50 51 52 53 54 55 56 1069
https://www.archanaskitchen.com/tag/indian-vegetarian-recipes
1088:  131 0 0 132 1 133 2 3 4 5 1097 1097 15 917 917 628 1098 1098 15 1099 1099 15 1100 1100 15 627 627 628 1101 1101 15 630 630 624 1102 1102 15 1103 1103 13 1104 1104 15 521 521 15 1105 1105 15 841 841 13 685 685 620 1106 1106 15 689 689 624 1107 1107 620 1108 1108 15 1109 1109 15 1110 1111 1112 1113 1114 1115 1116 1117 1118 1110 1110 1119 47 48 49 50 51 52 53 54 55 56 1088
https://www.archanaskitchen.com/peas-pulao-recipe-north-indian-matar-pulao-in-hindi
1097:  131 0 0 132 1 133 2 3 4 5 1 76 78 87 15 1120 1121 1122 1123 1124 1125 1046 870 1120 1121 1122 1126 90 1088 1127 1128 88 89 90 1126 1126 160 160 1129 1129 1130 1130 1131 1131 1132 1132 1133 1133 1093 1093 247 247 15 12 12 13 248 248 249 250 250 251 144 144 25 145 145 15 146 146 25 147 147 136 148 148 149 150 150 151 252 252 13 253 253 254 255 255 13 256 256 13 257 257 15 258 258 15 259 259 13 260 260 36 261 261 262 263 263 13 47 48 49 50 51 52 53 54 55 56 1097
https://www.archanaskitchen.com/paneer-matar-butter-masala-recipe-in-hindi
1120:  131 0 0 132 1 133 2 3 4 5 15 1134 257 1135 1136 974 270 1134 1137 100 276 570 511 1138 1137 1137 1139 1139 1027 1027 1140 1140 1089 1089 1141 1141 1142 1142 1143 1143 12 12 13 247 247 15 248 248 249 250 250 251 147 147 136 148 148 149 150 150 151 152 152 13 153 153 15 154 154 155 252 252 13 253 253 254 255 255 13 256 256 13 257 257 15 258 258 15 259 259 13 260 260 36 261 261 262 263 263 13 47 48 49 50 51 52 53 54 55 56 1120
https://www.archanaskitchen.com/creamy-dal-makhani-recipe-in-hindi
1121:  131 0 0 132 1 133 2 3 4 5 15 1144 1145 1146 974 270 1147 168 276 1148 1147 1147 1149 1149 1150 1150 1151 1151 1152 1152 1153 1153 1154 1154 1155 1155 12 12 13 247 247 15 248 248 249 250 250 251 147 147 136 148 148 149 150 150 151 152 152 13 153 153 15 154 154 155 252 252 13 253 253 254 255 255 13 256 256 13 257 257 15 258 258 15 259 259 13 260 260 36 261 261 262 263 263 13 47 48 49 50 51 52 53 54 55 56 1121
https://www.archanaskitchen.com/phulka-recipe-roti-chapati-puffed-indian-bread-in-hindi
1122:  131 0 0 132 1 133 2 3 4 5 1 76 78 166 15 138 1156 1134 1157 1158 1159 138 974 605 456 1156 1134 664 167 590 298 167 94 95 96 97 314 314 1160 1160 309 309 1161 1161 384 384 385 385 946 946 310 310 12 12 13 247 247 15 248 248 249 250 250 251 144 144 25 145 145 15 146 146 25 147 147 136 148 148 149 150 150 151 252 252 13 253 253 254 255 255 13 256 256 13 257 257 15 258 258 15 259 259 13 260 260 36 261 261 262 263 263 13 47 48 49 50 51 52 53 54 55 56 1122
https://www.archanaskitchen.com/phulkari-pulao-recipe-in-hindi
1123:  131 0 0 132 1 133 2 3 4 5 1 76 78 87 1162 1163 1164 1165 1134 1166 270 1163 90 378 296 1167 88 89 90 1168 1168 1169 1169 1170 1170 1171 1171 1172 1172 1173 1173 1174 1174 1175 1175 12 12 13 960 960 15 247 247 15 248 248 249 135 135 136 137 137 13 24 24 25 139 139 13 140 140 141 142 142 13 252 252 13 253 253 254 255 255 13 256 256 13 257 257 15 258 258 15 259 259 13 260 260 36 261 261 262 263 263 13 47 48 49 50 51 52 53 54 55 56 1123
https://www.archanaskitchen.com/palak-pulao-recipe-in-hindi
1124:  131 0 0 132 1 133 2 3 4 5 1 76 78 87 15 138 1163 138 1046 270 1163 1090 274 275 90 276 606 570 298 608 1176 511 88 89 90 1090 1090 1092 1092 1170 1170 834 834 1141 1141 1177 1177 1178 1178 580 580 12 12 13 247 247 15 248 248 249 250 250 251 144 144 25 145 145 15 146 146 25 147 147 136 148 148 149 150 150 151 252 252 13 253 253 254 255 255 13 256 256 13 257 257 15 258 258 15 259 259 13 260 260 36 261 261 262 263 263 13 47 48 49 50 51 52 53 54 55 56 1124
https://www.archanaskitchen.com/pudina-rice-recipe-in-hindi
1125:  131 0 0 132 1 133 2 3 4 5 1 76 78 87 15 138 1179 138 719 755 270 1179 1180 274 275 165 295 570 298 608 555 88 89 90 1180 1180 1181 1181 1182 1182 1183 1183 1184 1184 1185 1185 1186 1186 615 615 12 12 13 247 247 15 248 248 249 250 250 251 147 147 136 148 148 149 150 150 151 152 152 13 153 153 15 154 154 155 252 252 13 253 253 254 255 255 13 256 256 13 257 257 15 258 258 15 259 259 13 260 260 36 261 261 262 263 263 13 47 48 49 50 51 52 53 54 55 56 1125
https://www.archanaskitchen.com/peas-pulao-recipe-north-indian-matar-pulao
1126:  131 0 0 132 1 133 2 3 4 5 1 76 78 87 15 1187 1188 1189 1190 930 1191 1069 1192 1193 1046 870 931 1187 1188 1189 1190 930 1191 1097 90 1088 1127 1128 88 89 90 1097 1097 160 160 1129 1129 1130 1130 1131 1131 1132 1132 1133 1133 1093 1093 12 12 13 247 247 15 248 248 249 250 250 251 147 147 136 148 148 149 150 150 151 152 152 13 153 153 15 154 154 155 252 252 13 253 253 254 255 255 13 256 256 13 257 257 15 258 258 15 259 259 13 260 260 36 261 261 262 263 263 13 47 48 49 50 51 52 53 54 55 56 1126
https://www.archanaskitchen.com/tag/peas-recipes
1127:  131 0 0 132 1 133 2 3 4 5 1194 1194 13 1195 1195 15 1097 1097 15 1196 1196 15 1197 1197 136 1198 1198 1162 1106 1106 15 1199 1199 15 1000 1000 540 844 844 13 1132 1132 15 1200 1200 15 1201 1201 25 1202 1202 1203 33 33 15 1126 1126 15 1204 1204 15 1205 1205 25 1206 1206 1207 1208 1208 536 1209 1210 1211 1212 1213 1209 1209 1213 47 48 49 50 51 52 53 54 55 56 1127
https://www.archanaskitchen.com/tag/potluck-party-recipes
1128:  131 0 0 132 1 133 2 3 4 5 1214 1214 13 1097 1097 15 703 703 13 1215 1215 15 1216 1216 15 1217 1217 15 1218 1218 15 1219 1219 15 1130 1130 15 1220 1220 13 1221 1221 15 1222 1222 15 1223 1223 1224 1225 1225 15 1226 1226 13 1227 1227 136 1126 1126 15 1228 1228 1224 1193 1193 15 1229 1229 15 1230 1231 1232 1233 1230 1230 1233 47 48 49 50 51 52 53 54 55 56 1128
https://www.archanaskitchen.com/parsi-style-lagan-sara-istew-recipe-recipe-in-hindi
1129:  131 0 0 132 1 133 2 3 4 5 15 1234 1235 1236 568 870 270 1237 1133 100 276 1238 1088 1127 1239 1240 1133 1133 1241 1241 1132 1132 1106 1106 1105 1105 1242 1242 1095 1095 1243 1243 12 12 13 247 247 15 248 248 249 250 250 251 147 147 136 148 148 149 150 150 151 152 152 13 153 153 15 154 154 155 252 252 13 253 253 254 255 255 13 256 256 13 257 257 15 258 258 15 259 259 13 260 260 36 261 261 262 263 263 13 47 48 49 50 51 52 53 54 55 56 1129
https://www.archanaskitchen.com/layered-paneer-butter-masala-biryani-recipe-in-hindi
1130:  131 0 0 132 1 133 2 3 4 5 1 76 78 87 15 1163 1244 1245 1246 974 755 870 270 1163 1247 88 276 1031 296 570 1088 1128 514 88 89 90 1247 1247 1246 1246 1248 1248 1249 1249 1250 1250 1091 1091 1251 1251 1252 1252 12 12 13 247 247 15 248 248 249 250 250 251 147 147 136 148 148 149 150 150 151 152 152 13 153 153 15 154 154 155 252 252 13 253 253 254 255 255 13 256 256 13 257 257 15 258 258 15 259 259 13 260 260 36 261 261 262 263 263 13 47 48 49 50 51 52 53 54 55 56 1130
https://www.archanaskitchen.com/aloo-matar-paneer-curry-recipe
1131:  131 0 0 132 1 133 2 3 4 5 15 375 664 1253 282 1254 1255 974 755 1256 653 922 271 922 375 664 1253 100 1031 606 298 988 1088 608 1127 1257 1257 1258 1258 1184 1184 280 280 1259 1259 844 844 1260 1260 1261 1261 12 12 13 247 247 15 248 248 249 250 250 251 147 147 136 148 148 149 150 150 151 152 152 13 153 153 15 154 154 155 252 252 13 253 253 254 255 255 13 256 256 13 257 257 15 258 258 15 259 259 13 260 260 36 261 261 262 263 263 13 47 48 49 50 51 52 53 54 55 56 1131
https://www.archanaskitchen.com/corn-and-peas-curry-recipe
1132:  131 0 0 132 1 133 2 3 4 5 15 1175 1262 1225 792 1263 1264 1046 755 870 270 922 271 1175 1262 1225 1106 100 276 606 298 1088 1265 513 1127 1106 1106 1266 1266 341 341 1267 1267 1268 1268 1131 1131 1269 1269 1270 1270 12 12 13 247 247 15 248 248 249 250 250 251 147 147 136 148 148 149 150 150 151 152 152 13 153 153 15 154 154 155 252 252 13 253 253 254 255 255 13 256 256 13 257 257 15 258 258 15 259 259 13 260 260 36 261 261 262 263 263 13 47 48 49 50 51 52 53 54 55 56 1132
https://www.archanaskitchen.com/boti-masala-chaat-recipe-fryums-chaat-recipe-in-hindi
1098:  131 0 0 132 1 133 2 3 4 5 15 1271 1272 1273 1274 719 1271 1275 71 276 1088 990 966 1275 1275 1276 1276 1277 1277 960 960 1278 1278 956 956 1095 1095 386 386 12 12 13 247 247 15 248 248 249 250 250 251 147 147 136 148 148 149 150 150 151 152 152 13 153 153 15 154 154 155 252 252 13 253 253 254 255 255 13 256 256 13 257 257 15 258 258 15 259 259 13 260 260 36 261 261 262 263 263 13 47 48 49 50 51 52 53 54 55 56 1098
https://www.archanaskitchen.com/masala-chai-recipe-indian-spiced-tea-in-hindi
1271:  131 0 0 132 1 133 2 3 4 5 1 207 210 13 1046 1030 581 274 275 210 469 1047 581 581 1279 1279 1280 1280 1281 1281 1282 1282 1048 1048 1026 1026 1283 1283 12 12 13 247 247 15 248 248 249 250 250 251 147 147 136 148 148 149 150 150 151 152 152 13 153 153 15 154 154 155 252 252 13 253 253 254 255 255 13 256 256 13 257 257 15 258 258 15 259 259 13 260 260 36 261 261 262 263 263 13 47 48 49 50 51 52 53 54 55 56 1271
https://www.archanaskitchen.com/tamatar-chaat-banarasi-style-recipe-in-hindi
1272:  131 0 0 132 1 133 2 3 4 5 529 1284 870 1285 586 1286 71 1287 469 990 1288 1286 1286 1289 1289 996 996 1290 1290 1291 1291 1292 1292 1293 1293 565 565 12 12 13 247 247 15 248 248 249 250 250 251 147 147 136 148 148 149 150 150 151 152 152 13 153 153 15 154 154 155 252 252 13 253 253 254 255 255 13 256 256 13 257 257 15 258 258 15 259 259 13 260 260 36 261 261 262 263 263 13 47 48 49 50 51 52 53 54 55 56 1272
https://www.archanaskitchen.com/crispy-corn-chaat-recipe-in-hindi
1274:  131 0 0 132 1 133 2 3 4 5 1294 868 1295 1296 1046 270 1264 71 469 379 1265 1288 814 814 1264 1264 1297 1297 1298 1298 1292 1292 993 993 1299 1299 1300 1300 12 12 13 247 247 15 248 248 249 250 250 251 147 147 136 148 148 149 150 150 151 152 152 13 153 153 15 154 154 155 252 252 13 253 253 254 255 255 13 256 256 13 257 257 15 258 258 15 259 259 13 260 260 36 261 261 262 263 263 13 47 48 49 50 51 52 53 54 55 56 1274
https://www.archanaskitchen.com/boti-masala-chaat-recipe-fryums-chaat-recipe
1275:  131 0 0 132 1 133 2 3 4 5 15 1301 581 1302 1303 1304 719 951 952 1301 1301 581 1301 1098 71 276 1088 990 966 1098 1098 1276 1276 1277 1277 960 960 1278 1278 956 956 1095 1095 386 386 12 12 13 247 247 15 248 248 249 250 250 251 147 147 136 148 148 149 150 150 151 152 152 13 153 153 15 154 154 155 252 252 13 253 253 254 255 255 13 256 256 13 257 257 15 258 258 15 259 259 13 260 260 36 261 261 262 263 263 13 47 48 49 50 51 52 53 54 55 56 1275
https://www.archanaskitchen.com/macaroni-chaat-recipe
1277:  131 0 0 132 1 133 2 3 4 5 20 581 1305 1306 1307 1308 1030 951 952 581 1309 1289 71 276 378 469 990 380 966 1288 1310 758 1311 1289 1289 1312 1312 284 284 1291 1291 1313 1313 1314 1314 1315 1315 1316 1316 12 12 13 247 247 15 248 248 249 250 250 251 144 144 25 145 145 15 146 146 25 147 147 136 148 148 149 150 150 151 252 252 13 253 253 254 255 255 13 256 256 13 257 257 15 258 258 15 259 259 13 260 260 36 261 261 262 263 263 13 47 48 49 50 51 52 53 54 55 56 1277
https://www.archanaskitchen.com/banarasi-tamatar-chaat-recipe
1278:  131 0 0 132 1 133 2 3 4 5 15 1317 1318 1319 1320 1321 1322 974 270 271 1318 1319 71 276 606 1287 988 1088 469 990 741 741 1323 1323 1324 1324 1095 1095 971 971 1325 1325 284 284 1291 1291 12 12 13 247 247 15 248 248 249 250 250 251 147 147 136 148 148 149 150 150 151 152 152 13 153 153 15 154 154 155 252 252 13 253 253 254 255 255 13 256 256 13 257 257 15 258 258 15 259 259 13 260 260 36 261 261 262 263 263 13 47 48 49 50 51 52 53 54 55 56 1278
https://www.archanaskitchen.com/dahi-achari-bhindi-recipe-in-hindi
1099:  131 0 0 132 1 133 2 3 4 5 15 1326 1122 1327 1328 1329 1330 974 1256 1326 1122 1327 1331 100 606 378 296 570 1088 591 511 1332 1331 1331 1333 1333 1334 1334 1335 1335 1096 1096 630 630 1336 1336 1337 1337 12 12 13 247 247 15 248 248 249 250 250 251 147 147 136 148 148 149 150 150 151 152 152 13 153 153 15 154 154 155 252 252 13 253 253 254 255 255 13 256 256 13 257 257 15 258 258 15 259 259 13 260 260 36 261 261 262 263 263 13 47 48 49 50 51 52 53 54 55 56 1099
https://www.archanaskitchen.com/dal-palak-recipe-in-hindi
1326:  131 0 0 132 1 133 2 3 4 5 15 138 375 1338 1339 1340 138 974 870 587 896 375 1341 168 296 899 509 1342 1342 1343 1343 1344 1344 1345 1345 1346 1346 1347 1347 1348 1348 1349 1349 12 12 13 247 247 15 248 248 249 250 250 251 147 147 136 148 148 149 150 150 151 152 152 13 153 153 15 154 154 155 252 252 13 253 253 254 255 255 13 256 256 13 257 257 15 258 258 15 259 259 13 260 260 36 261 261 262 263 263 13 47 48 49 50 51 52 53 54 55 56 1326
https://www.archanaskitchen.com/khamang-kakdi-recipe-maharashtrian-cucumber-salad-in-hindi
1327:  131 0 0 132 1 133 2 3 4 5 1 76 177 181 15 1350 506 1351 1352 586 587 1350 1353 181 378 570 298 405 591 380 1354 182 183 184 185 1353 1353 978 978 1355 1355 1356 1356 1357 1357 1358 1358 1359 1359 1360 1360 12 12 13 247 247 15 248 248 249 250 250 251 147 147 136 148 148 149 150 150 151 152 152 13 153 153 15 154 154 155 252 252 13 253 253 254 255 255 13 256 256 13 257 257 15 258 258 15 259 259 13 260 260 36 261 261 262 263 263 13 47 48 49 50 51 52 53 54 55 56 1327
https://www.archanaskitchen.com/ajwaini-tamatar-bhindi-recipe-in-hindi
1328:  131 0 0 132 1 133 2 3 4 5 15 138 1134 1339 257 1135 1136 138 1046 270 1134 1339 1361 100 276 296 570 511 1027 1027 1089 1089 1362 1362 1363 1363 1153 1153 1177 1177 1249 1249 1155 1155 12 12 13 247 247 15 248 248 249 250 250 251 147 147 136 148 148 149 150 150 151 152 152 13 153 153 15 154 154 155 252 252 13 253 253 254 255 255 13 256 256 13 257 257 15 258 258 15 259 259 13 260 260 36 261 261 262 263 263 13 47 48 49 50 51 52 53 54 55 56 1328
https://www.archanaskitchen.com/masalewali-bhindi-recipe-in-hindi
1329:  131 0 0 132 1 133 2 3 4 5 286 286 15 1364 1365 375 1366 1367 1331 1368 974 270 292 243 1364 1365 375 1366 1333 1369 100 606 378 296 1088 591 511 1332 1333 1333 1099 1099 1331 1331 1334 1334 1004 1004 1370 1370 1371 1371 1242 1242 12 12 13 960 960 15 247 247 15 248 248 249 134 134 15 135 135 136 137 137 13 24 24 25 139 139 13 140 140 141 252 252 13 253 253 254 255 255 13 256 256 13 257 257 15 258 258 15 259 259 13 260 260 36 261 261 262 263 263 13 47 48 49 50 51 52 53 54 55 56 1329 132 132
https://www.archanaskitchen.com/pyaz-wali-bhindi-recipe-okra-onion-stir-fry-in-hindi
1330:  131 0 0 132 1 133 2 3 4 5 1 76 78 104 109 15 1372 1373 1374 1046 270 1375 100 296 298 1167 511 1376 1332 1377 1377 1375 1375 483 483 1378 1378 1379 1379 309 309 516 516 310 310 12 12 13 960 960 15 247 247 15 248 248 249 134 134 15 135 135 136 137 137 13 24 24 25 139 139 13 140 140 141 252 252 13 253 253 254 255 255 13 256 256 13 257 257 15 258 258 15 259 259 13 260 260 36 261 261 262 263 263 13 47 48 49 50 51 52 53 54 55 56 1330 132 132
https://www.archanaskitchen.com/dahi-achari-bhindi-recipe
1331:  131 0 0 132 1 133 2 3 4 5 1 76 78 104 109 15 664 1380 1366 1367 162 1381 974 1256 243 664 1380 1366 1099 100 606 378 296 570 1088 591 511 1332 1099 1099 1333 1333 1334 1334 1335 1335 1096 1096 630 630 1336 1336 1337 1337 12 12 13 960 960 15 247 247 15 248 248 249 134 134 15 135 135 136 137 137 13 24 24 25 139 139 13 140 140 141 252 252 13 253 253 254 255 255 13 256 256 13 257 257 15 258 258 15 259 259 13 260 260 36 261 261 262 263 263 13 47 48 49 50 51 52 53 54 55 56 1331 132 132
https://www.archanaskitchen.com/tag/vendakkai-bhindi-okra-ladies-finger-recipes
1332:  131 0 0 132 1 133 2 3 4 5 1382 1382 19 1099 1099 15 633 633 15 1383 1383 13 1384 1384 1385 1386 1386 15 1387 1387 628 1333 1333 15 1388 1388 13 1389 1389 15 1390 1390 25 1391 1391 1392 1393 1393 19 1394 1394 536 1395 1395 13 1396 1396 536 1397 1397 15 1398 1398 13 1363 1363 161 1399 1399 1400 1401 1402 1403 1404 1401 1401 1404 47 48 49 50 51 52 53 54 55 56 1332 132 132
https://www.archanaskitchen.com/spicy-yogurt-chapati-recipe
1334:  131 0 0 132 1 133 2 3 4 5 1 76 78 166 1003 1405 1406 1407 1408 1409 1046 605 1030 243 931 1410 1411 1405 1406 167 606 378 296 570 1088 591 511 1412 167 94 95 96 97 630 630 1413 1413 1414 1414 1415 1415 1416 1416 1417 1417 689 689 610 610 12 12 13 960 960 15 247 247 15 248 248 249 134 134 15 135 135 136 137 137 13 24 24 25 139 139 13 140 140 141 252 252 13 253 253 254 255 255 13 256 256 13 257 257 15 258 258 15 259 259 13 260 260 36 261 261 262 263 263 13 47 48 49 50 51 52 53 54 55 56 1334 132 132
https://www.archanaskitchen.com/bhindi-masala-recipe-for-biryani-lady-finger-in-tomato-onion-gravy
1335:  131 0 0 132 1 133 2 3 4 5 286 286 15 1364 1365 375 1366 1367 1331 1368 974 270 292 243 1364 1365 375 1366 1333 1369 100 606 378 296 1088 591 511 1332 1333 1333 1099 1099 1331 1331 1334 1334 1004 1004 1370 1370 1371 1371 1242 1242 12 12 13 960 960 15 247 247 15 248 248 249 134 134 15 135 135 136 137 137 13 24 24 25 139 139 13 140 140 141 252 252 13 253 253 254 255 255 13 256 256 13 257 257 15 258 258 15 259 259 13 260 260 36 261 261 262 263 263 13 47 48 49 50 51 52 53 54 55 56 1335 132 132
https://www.archanaskitchen.com/green-moong-dal-sundal-recipe-in-hindi
1100:  131 0 0 132 1 133 2 3 4 5 1 76 78 104 109 15 138 1418 1419 1420 1421 138 719 270 1418 1419 1420 1422 71 378 295 298 1088 975 509 1423 1422 1422 1424 1424 1425 1425 1185 1185 1426 1426 1427 1427 1104 1104 1428 1428 12 12 13 960 960 15 247 247 15 248 248 249 134 134 15 135 135 136 137 137 13 24 24 25 139 139 13 140 140 141 252 252 13 253 253 254 255 255 13 256 256 13 257 257 15 258 258 15 259 259 13 260 260 36 261 261 262 263 263 13 47 48 49 50 51 52 53 54 55 56 1100 132 132
https://www.archanaskitchen.com/tomato-rasam-recipe-in-hindi
1418:  131 0 0 132 1 133 2 3 4 5 15 1429 1429 1429 719 270 896 138 1430 106 295 296 1431 1431 1430 1430 1432 1432 1433 1433 1434 1434 886 886 888 888 1435 1435 12 12 13 960 960 15 247 247 15 248 248 249 134 134 15 135 135 136 137 137 13 24 24 25 139 139 13 140 140 141 252 252 13 253 253 254 255 255 13 256 256 13 257 257 15 258 258 15 259 259 13 260 260 36 261 261 262 263 263 13 47 48 49 50 51 52 53 54 55 56 1418 132 132
https://www.archanaskitchen.com/chow-chow-thoran-recipe-in-hindi
1419:  131 0 0 132 1 133 2 3 4 5 1 76 78 104 109 15 1144 1145 1146 269 270 1436 169 295 848 848 1436 1436 1437 1437 1438 1438 1439 1439 1440 1440 1185 1185 1441 1441 12 12 13 960 960 15 247 247 15 248 248 249 134 134 15 135 135 136 137 137 13 24 24 25 139 139 13 140 140 141 252 252 13 253 253 254 255 255 13 256 256 13 257 257 15 258 258 15 259 259 13 260 260 36 261 261 262 263 263 13 47 48 49 50 51 52 53 54 55 56 1419 132 132
https://www.archanaskitchen.com/curry-leaves-buttermilk-recipe-curry-patta-chaas-recipe-in-hindi
1420:  131 0 0 132 1 133 2 3 4 5 1 207 209 15 1419 1046 755 1419 1442 209 295 296 555 1443 1444 1442 1442 1445 1445 1446 1446 1447 1447 309 309 1448 1448 311 311 1449 1449 12 12 13 960 960 15 247 247 15 248 248 249 134 134 15 135 135 136 137 137 13 24 24 25 139 139 13 140 140 141 252 252 13 253 253 254 255 255 13 256 256 13 257 257 15 258 258 15 259 259 13 260 260 36 261 261 262 263 263 13 47 48 49 50 51 52 53 54 55 56 1420 132 132
https://www.archanaskitchen.com/double-beans-sundal-recipe-in-hindi
1421:  131 0 0 132 1 133 2 3 4 5 1 76 78 104 109 15 1450 1451 1452 719 270 1453 71 378 295 975 1454 1455 1453 1453 1456 1456 1457 1457 1458 1458 1459 1459 1460 1460 1461 1461 1462 1462 12 12 13 960 960 15 247 247 15 248 248 249 134 134 15 135 135 136 137 137 13 24 24 25 139 139 13 140 140 141 252 252 13 253 253 254 255 255 13 256 256 13 257 257 15 258 258 15 259 259 13 260 260 36 261 261 262 263 263 13 47 48 49 50 51 52 53 54 55 56 1421 132 132
https://www.archanaskitchen.com/green-moong-dal-sundal-recipe
1422:  131 0 0 132 1 133 2 3 4 5 15 138 1463 865 1464 1465 1466 1458 1453 138 719 270 1467 1467 1463 865 1464 1465 1100 71 378 295 298 1088 975 509 1423 1455 1100 1100 1424 1424 1425 1425 1185 1185 1426 1426 1427 1427 1104 1104 1428 1428 12 12 13 960 960 15 247 247 15 248 248 249 134 134 15 135 135 136 137 137 13 24 24 25 139 139 13 140 140 141 252 252 13 253 253 254 255 255 13 256 256 13 257 257 15 258 258 15 259 259 13 260 260 36 261 261 262 263 263 13 47 48 49 50 51 52 53 54 55 56 1422 132 132
https://www.archanaskitchen.com/tag/moong-dal-recipes
1423:  131 0 0 132 1 133 2 3 4 5 13 618 1468 1468 15 1100 1100 15 521 521 15 1217 1217 15 1218 1218 15 1469 1469 1470 1471 1471 624 1472 1472 15 1473 1473 15 1474 1474 529 1475 1475 1476 1477 1477 13 1478 1478 13 1479 1479 15 482 482 462 1480 1480 13 1422 1422 15 1481 1481 15 1482 1482 1470 1483 1483 1484 1485 1486 1487 1488 1489 1490 1491 1492 1493 1485 1485 1494 47 48 49 50 51 52 53 54 55 56 1423 132 132
https://www.archanaskitchen.com/pachai-payaru-poriyal-recipe-green-moong-sprout-poriyal
1424:  131 0 0 132 1 133 2 3 4 5 1 76 78 104 109 15 1495 865 1496 1497 1498 1499 719 1256 1467 1467 1495 865 1496 109 277 378 295 296 298 975 509 1500 1423 1348 1348 1501 1501 1422 1422 1502 1502 1425 1425 1503 1503 1100 1100 1504 1504 12 12 13 960 960 15 247 247 15 248 248 249 134 134 15 135 135 136 137 137 13 24 24 25 139 139 13 140 140 141 252 252 13 253 253 254 255 255 13 256 256 13 257 257 15 258 258 15 259 259 13 260 260 36 261 261 262 263 263 13 47 48 49 50 51 52 53 54 55 56 1424 132 132
https://www.archanaskitchen.com/raw-jackfruit-poriyal-recipe-south-indian-style-stir-fry
1425:  131 0 0 132 1 133 2 3 4 5 1 76 78 104 109 15 1505 865 1506 1507 1508 1509 400 1510 1511 1512 719 870 1256 865 1506 1507 1508 1509 400 109 378 295 296 298 1088 975 509 511 822 1513 1514 1515 1515 630 630 1516 1516 1517 1517 1518 1518 1417 1417 1519 1519 1520 1520 12 12 13 960 960 15 247 247 15 248 248 249 134 134 15 135 135 136 137 137 13 24 24 25 139 139 13 140 140 141 252 252 13 253 253 254 255 255 13 256 256 13 257 257 15 258 258 15 259 259 13 260 260 36 261 261 262 263 263 13 47 48 49 50 51 52 53 54 55 56 1425 132 132
https://www.archanaskitchen.com/vaazaithandu-lemon-rasam-recipe-plantain-stem-lemon-rasam
1426:  131 0 0 132 1 133 2 3 4 5 1521 1521 15 138 1522 1522 1523 1405 1524 1525 138 719 755 270 243 931 1522 1523 106 295 296 298 1088 975 509 1526 1527 1425 1425 888 888 1261 1261 1424 1424 1422 1422 1528 1528 1529 1529 1530 1530 12 12 13 960 960 15 247 247 15 248 248 249 134 134 15 135 135 136 137 137 13 24 24 25 139 139 13 140 140 141 252 252 13 253 253 254 255 255 13 256 256 13 257 257 15 258 258 15 259 259 13 260 260 36 261 261 262 263 263 13 47 48 49 50 51 52 53 54 55 56 1426 132 132
https://www.archanaskitchen.com/ragi-mudde-recipe
1427:  131 0 0 132 1 133 2 3 4 5 1 76 78 15 138 353 1531 1532 1532 1533 718 1534 138 1535 1030 931 353 1531 1532 1532 165 277 606 378 295 298 1088 509 1536 1537 1538 79 80 81 82 83 84 85 86 87 88 89 90 165 166 167 94 95 96 97 98 99 100 168 102 103 104 105 106 107 108 109 110 111 169 170 171 1539 1539 1540 1540 1541 1541 1542 1542 1185 1185 1543 1543 1346 1346 1544 1544 12 12 13 960 960 15 247 247 15 248 248 249 134 134 15 135 135 136 137 137 13 24 24 25 139 139 13 140 140 141 252 252 13 253 253 254 255 255 13 256 256 13 257 257 15 258 258 15 259 259 13 260 260 36 261 261 262 263 263 13 47 48 49 50 51 52 53 54 55 56 1427 132 132
https://www.archanaskitchen.com/oats-methi-muthia-recipe-healthy-diabetic-friendly-muthia
1428:  131 0 0 132 1 133 2 3 4 5 286 286 15 1545 1282 1546 1547 1548 585 587 588 243 1545 1282 1549 71 606 378 298 1088 975 509 1550 591 1551 609 1539 1539 1552 1552 1346 1346 1553 1553 1422 1422 955 955 1541 1541 1427 1427 12 12 13 960 960 15 247 247 15 248 248 249 134 134 15 135 135 136 137 137 13 24 24 25 139 139 13 140 140 141 252 252 13 253 253 254 255 255 13 256 256 13 257 257 15 258 258 15 259 259 13 260 260 36 261 261 262 263 263 13 47 48 49 50 51 52 53 54 55 56 1428 132 132
https://www.archanaskitchen.com/aval-upma-recipe-south-indian-style-poha-in-hindi
1101:  131 0 0 132 1 133 2 3 4 5 1 76 116 15 138 1271 1554 565 855 138 719 270 1271 1555 117 295 570 299 1088 302 1176 380 875 117 118 119 120 121 122 123 124 125 126 127 173 174 130 1555 1555 1556 1556 665 665 1557 1557 1558 1558 1559 1559 1560 1560 1561 1561 12 12 13 960 960 15 247 247 15 248 248 249 134 134 15 135 135 136 137 137 13 24 24 25 139 139 13 140 140 141 252 252 13 253 253 254 255 255 13 256 256 13 257 257 15 258 258 15 259 259 13 260 260 36 261 261 262 263 263 13 47 48 49 50 51 52 53 54 55 56 1101 132 132
https://www.archanaskitchen.com/savory-flattened-rice-potato-breakfast-recipe-in-hindi
1554:  131 0 0 132 1 133 2 3 4 5 1 76 116 15 1046 270 1562 120 590 988 299 300 1088 469 1563 405 117 118 119 120 121 122 123 124 125 126 127 173 174 130 841 841 1562 1562 1564 1564 1565 1565 1349 1349 1566 1566 1567 1567 1568 1568 12 12 13 960 960 15 247 247 15 1569 1569 15 134 134 15 135 135 136 137 137 13 24 24 25 139 139 13 140 140 141 252 252 13 253 253 254 255 255 13 256 256 13 257 257 15 258 258 15 259 259 13 260 260 36 261 261 262 263 263 13 47 48 49 50 51 52 53 54 55 56 1554 132 132
https://www.archanaskitchen.com/aval-upma-recipe-south-indian-style-poha
1555:  131 0 0 132 1 133 2 3 4 5 1 76 116 15 138 581 666 1570 1571 1572 138 719 270 581 666 1101 117 295 570 299 1088 302 1176 380 875 117 118 119 120 121 122 123 124 125 126 127 173 174 130 1101 1101 1556 1556 665 665 1557 1557 1558 1558 1559 1559 1560 1560 1561 1561 12 12 13 960 960 15 247 247 15 248 248 249 134 134 15 135 135 136 137 137 13 24 24 25 139 139 13 140 140 141 252 252 13 253 253 254 255 255 13 256 256 13 257 257 15 258 258 15 259 259 13 260 260 36 261 261 262 263 263 13 47 48 49 50 51 52 53 54 55 56 1555 132 132
https://www.archanaskitchen.com/spicy-and-tangy-bread-upma-recipe
1556:  131 0 0 132 1 133 2 3 4 5 1 76 116 15 1573 1574 1575 1576 1577 719 270 1578 271 1579 1573 1574 117 295 299 302 832 380 1580 875 117 118 119 120 121 122 123 124 125 126 127 173 174 130 665 665 1555 1555 1101 1101 1581 1581 1582 1582 1583 1583 1584 1584 1585 1585 12 12 13 960 960 15 247 247 15 1569 1569 15 134 134 15 135 135 136 137 137 13 24 24 25 139 139 13 140 140 141 252 252 13 253 253 254 255 255 13 256 256 13 257 257 15 258 258 15 259 259 13 260 260 36 261 261 262 263 263 13 47 48 49 50 51 52 53 54 55 56 1556 132 132
https://www.archanaskitchen.com/lemon-oats-recipe-in-hindi
1557:  131 0 0 132 1 133 2 3 4 5 1 76 116 15 1159 1586 1587 1588 1046 270 1559 117 606 295 570 299 302 1551 1176 117 118 119 120 121 122 123 124 125 126 127 173 174 130 1559 1559 1589 1589 1590 1590 1533 1533 1591 1591 1592 1592 1555 1555 1593 1593 12 12 13 960 960 15 247 247 15 1569 1569 15 134 134 15 135 135 136 137 137 13 24 24 25 139 139 13 140 140 141 252 252 13 253 253 254 255 255 13 256 256 13 257 257 15 258 258 15 259 259 13 260 260 36 261 261 262 263 263 13 47 48 49 50 51 52 53 54 55 56 1557 132 132
https://www.archanaskitchen.com/upma-kozhakattai-kozhukattai
1558:  131 0 0 132 1 133 2 3 4 5 1 76 116 1521 1521 13 138 1594 1595 1596 1597 1598 138 719 588 1522 1594 117 295 298 299 300 1550 302 510 1599 1600 1176 117 118 119 120 121 122 123 124 125 126 127 173 174 130 372 372 1601 1601 1602 1602 1560 1560 1603 1603 1604 1604 1605 1605 1606 1606 12 12 13 960 960 15 247 247 15 248 248 249 134 134 15 135 135 136 137 137 13 24 24 25 139 139 13 140 140 141 252 252 13 253 253 254 255 255 13 256 256 13 257 257 15 258 258 15 259 259 13 260 260 36 261 261 262 263 263 13 47 48 49 50 51 52 53 54 55 56 1558 132 132
https://www.archanaskitchen.com/lemon-oats-recipe
1559:  131 0 0 132 1 133 2 3 4 5 1 76 116 136 581 716 1607 1608 1588 1046 270 1076 581 117 606 295 570 299 302 1551 1176 1514 117 118 119 120 121 122 123 124 125 126 127 173 174 130 1557 1557 1589 1589 1590 1590 1553 1553 1533 1533 1575 1575 1609 1609 1610 1610 12 12 13 960 960 15 247 247 15 1569 1569 15 134 134 15 135 135 136 137 137 13 24 24 25 139 139 13 140 140 141 252 252 13 253 253 254 255 255 13 256 256 13 257 257 15 258 258 15 259 259 13 260 260 36 261 261 262 263 263 13 47 48 49 50 51 52 53 54 55 56 1559 132 132
https://www.archanaskitchen.com/khara-avalakki-karnataka-style-poha
1560:  131 0 0 132 1 133 2 3 4 5 1 76 116 15 369 1602 1611 1612 1535 270 369 120 295 298 299 300 302 1514 117 118 119 120 121 122 123 124 125 126 127 173 174 130 1613 1613 1558 1558 1575 1575 1602 1602 372 372 1540 1540 1614 1614 1590 1590 12 12 13 960 960 15 247 247 15 1569 1569 15 134 134 15 135 135 136 137 137 13 24 24 25 139 139 13 140 140 141 252 252 13 253 253 254 255 255 13 256 256 13 257 257 15 258 258 15 259 259 13 260 260 36 261 261 262 263 263 13 47 48 49 50 51 52 53 54 55 56 1560 132 132
https://www.archanaskitchen.com/carrot-podi-dosa-recipe
1561:  131 0 0 132 1 133 2 3 4 5 1 76 116 27 894 951 1615 1616 1617 719 1285 586 935 1618 1619 1620 119 295 1238 299 1088 302 608 1176 1621 117 118 119 120 121 122 123 124 125 126 127 173 174 130 1622 1622 1623 1623 1624 1624 1625 1625 1626 1626 322 322 723 723 1627 1627 12 12 13 960 960 15 247 247 15 1569 1569 15 134 134 15 135 135 136 137 137 13 24 24 25 139 139 13 140 140 141 252 252 13 253 253 254 255 255 13 256 256 13 257 257 15 258 258 15 259 259 13 260 260 36 261 261 262 263 263 13 47 48 49 50 51 52 53 54 55 56 1561 132 132
https://www.archanaskitchen.com/thandu-keerai-poriyal-recipe-amaranth-leaves-stir-fry-in-hindi
1103:  131 0 0 132 1 133 2 3 4 5 1 76 78 104 109 1521 1521 13 138 1628 1418 1530 1629 868 138 719 870 587 1628 1418 1630 109 298 1088 1600 1631 822 1632 1633 900 1634 1634 1630 1630 1425 1425 1635 1635 1261 1261 1636 1636 1637 1637 1638 1638 12 12 13 960 960 15 247 247 15 1569 1569 15 134 134 15 135 135 136 137 137 13 24 24 25 139 139 13 140 140 141 252 252 13 253 253 254 255 255 13 256 256 13 257 257 15 258 258 15 259 259 13 260 260 36 261 261 262 263 263 13 47 48 49 50 51 52 53 54 55 56 1103 132 132
https://www.archanaskitchen.com/tag/amaranth-rajgira-recipes
1632:  131 0 0 132 1 133 2 3 4 5 1103 1103 13 1502 1502 15 1639 1639 25 1640 1640 15 1641 1641 628 1642 1642 15 1643 1643 15 1644 1644 136 1645 1645 25 1634 1634 15 1646 1646 25 1647 1647 25 1630 1630 13 1648 1648 13 1649 1649 536 1650 1650 15 1651 1651 1652 1653 1653 27 1654 1654 1652 1655 1655 1656 1657 1657 1657 1657 47 48 49 50 51 52 53 54 55 56 1632 132 132
https://www.archanaskitchen.com/tag/green-leaf-recipes
1633:  131 0 0 132 1 133 2 3 4 5 1658 1658 15 1659 1659 15 1103 1103 13 1660 1660 15 1661 1661 15 1662 1662 628 1663 1663 15 1664 1664 15 336 336 158 1665 1665 13 1666 1666 536 1667 1667 15 1668 1668 536 1669 1669 628 1670 1670 15 1634 1634 15 1671 1671 1470 1630 1630 13 1672 1672 262 1673 1673 141 1674 1674 1674 1674 47 48 49 50 51 52 53 54 55 56 1633 132 132
https://www.archanaskitchen.com/south-indian-amaranth-stir-fry-recipe-in-hindi
1634:  131 0 0 132 1 133 2 3 4 5 1 76 78 104 109 15 1129 1675 1676 719 870 587 1630 109 298 1088 1600 1631 822 1632 1633 900 1630 1630 1103 1103 1425 1425 1677 1677 1678 1678 1679 1679 1635 1635 1261 1261 12 12 13 960 960 15 247 247 15 1569 1569 15 134 134 15 135 135 136 137 137 13 24 24 25 139 139 13 140 140 141 252 252 13 253 253 254 255 255 13 256 256 13 257 257 15 258 258 15 259 259 13 260 260 36 261 261 262 263 263 13 47 48 49 50 51 52 53 54 55 56 1634 132 132
https://www.archanaskitchen.com/tamil-nadu-style-broccoli-poriyal-recipe-broccoli-stir-fry-recipe-2
1635:  131 0 0 132 1 133 2 3 4 5 1 76 78 104 109 15 1129 1675 1676 1680 1030 270 1681 109 606 378 296 570 1088 1682 1683 822 1681 1681 1102 1102 1336 1336 1684 1684 1685 1685 1095 1095 1096 1096 1099 1099 12 12 13 960 960 15 247 247 15 1569 1569 15 134 134 15 135 135 136 137 137 13 24 24 25 139 139 13 140 140 141 252 252 13 253 253 254 255 255 13 256 256 13 257 257 15 258 258 15 259 259 13 260 260 36 261 261 262 263 263 13 47 48 49 50 51 52 53 54 55 56 1635 132 132
https://www.archanaskitchen.com/vegetable-clear-soup-recipe-in-hindi
1636:  131 0 0 132 1 133 2 3 4 5 1 182 205 15 138 1326 1686 1122 1687 1688 1689 138 241 1030 1326 1686 1122 1690 205 606 298 1088 379 1600 380 514 1690 1690 1688 1688 1689 1689 1691 1691 1692 1692 1693 1693 955 955 1694 1694 12 12 13 960 960 15 247 247 15 248 248 249 134 134 15 135 135 136 137 137 13 24 24 25 139 139 13 140 140 141 252 252 13 253 253 254 255 255 13 256 256 13 257 257 15 258 258 15 259 259 13 260 260 36 261 261 262 263 263 13 47 48 49 50 51 52 53 54 55 56 1636 132 132
https://www.archanaskitchen.com/lauki-bharta-recipe-in-hindi
1638:  131 0 0 132 1 133 2 3 4 5 15 1339 1134 1695 1296 1696 1046 270 1339 1134 1697 100 296 298 1088 1600 1697 1697 1267 1267 888 888 1634 1634 1426 1426 1261 1261 1346 1346 1689 1689 12 12 13 960 960 15 247 247 15 1569 1569 15 134 134 15 135 135 136 137 137 13 24 24 25 139 139 13 140 140 141 252 252 13 253 253 254 255 255 13 256 256 13 257 257 15 258 258 15 259 259 13 260 260 36 261 261 262 263 263 13 47 48 49 50 51 52 53 54 55 56 1638 132 132
https://www.archanaskitchen.com/chow-chow-sambar-chayote-squash-sambar-recipe-in-hindi
1628:  131 0 0 132 1 133 2 3 4 5 15 1677 1340 1340 1340 719 270 587 1677 1619 105 295 296 298 302 511 1138 906 906 1698 1698 1619 1619 1699 1699 1700 1700 309 309 310 310 311 311 12 12 13 960 960 15 247 247 15 1569 1569 15 134 134 15 135 135 136 137 137 13 24 24 25 139 139 13 140 140 141 252 252 13 253 253 254 255 255 13 256 256 13 257 257 15 258 258 15 259 259 13 260 260 36 261 261 262 263 263 13 47 48 49 50 51 52 53 54 55 56 1628 132 132
https://www.archanaskitchen.com/pavakkai-poriyal-recipe-recipe-in-hindi
1629:  131 0 0 132 1 133 2 3 4 5 1 76 78 104 109 15 1429 1429 1429 719 870 270 1701 270 1702 109 295 1703 1530 1530 1702 1702 1418 1418 1441 1441 1704 1704 1261 1261 1705 1705 1706 1706 12 12 13 960 960 15 247 247 15 1569 1569 15 134 134 15 135 135 136 137 137 13 24 24 25 139 139 13 140 140 141 252 252 13 253 253 254 255 255 13 256 256 13 257 257 15 258 258 15 259 259 13 260 260 36 261 261 262 263 263 13 47 48 49 50 51 52 53 54 55 56 1629 132 132
https://www.archanaskitchen.com/keerai-poriyal-recipe-south-indian-amaranth-stir-fry-recipe
1630:  131 0 0 132 1 133 2 3 4 5 1 76 78 104 109 1521 1521 13 138 1522 1522 1707 876 865 1708 392 1709 1710 138 719 870 587 1522 1701 587 1707 876 865 1103 109 298 1088 975 1600 1631 822 1632 1633 900 1634 1634 1103 1103 1425 1425 1261 1261 1529 1529 1679 1679 1441 1441 1635 1635 12 12 13 960 960 15 247 247 15 1569 1569 15 134 134 15 135 135 136 137 137 13 24 24 25 139 139 13 140 140 141 252 252 13 253 253 254 255 255 13 256 256 13 257 257 15 258 258 15 259 259 13 260 260 36 261 261 262 263 263 13 47 48 49 50 51 52 53 54 55 56 1630 132 132
https://www.archanaskitchen.com/tag/cholesterol-friendly-recipes
1631:  131 0 0 132 1 133 2 3 4 5 1103 1103 13 1711 1711 262 1712 1712 141 1713 1713 36 1714 1714 1715 1716 1716 1717 1718 1718 13 1719 1719 13 1720 1720 15 1665 1665 13 1721 1721 15 1722 1722 15 1723 1723 15 1724 1724 15 1634 1634 15 1725 1725 13 1726 1726 15 1630 1630 13 1727 1727 141 1728 1728 262 1729 1730 1731 1729 1729 1731 47 48 49 50 51 52 53 54 55 56 1631 132 132
https://www.archanaskitchen.com/pudalangai-poriyal-recipe-snake-gourd-poriyal-recipe-in-hindi
1104:  131 0 0 132 1 133 2 3 4 5 1 76 78 104 109 15 138 1628 1732 1530 1629 138 719 270 1628 1185 109 378 295 570 298 1088 509 1733 1734 1185 1185 1422 1422 1427 1427 1735 1735 1425 1425 1736 1736 1100 1100 1539 1539 12 12 13 960 960 15 1569 1569 15 247 247 15 134 134 15 135 135 136 137 137 13 24 24 25 139 139 13 140 140 141 252 252 13 253 253 254 255 255 13 256 256 13 257 257 15 258 258 15 259 259 13 260 260 36 261 261 262 263 263 13 47 48 49 50 51 52 53 54 55 56 1104 132 132
https://www.archanaskitchen.com/vazhaipoo-podimass-recipe
1736:  131 0 0 132 1 133 2 3 4 5 1 76 78 104 109 15 865 1737 1738 1739 1740 1741 1742 1680 270 243 865 1737 1738 1739 109 606 378 295 570 1088 509 1683 1743 1185 1185 630 630 1635 1635 1427 1427 1744 1744 1681 1681 1337 1337 1745 1745 12 12 13 960 960 15 247 247 15 1569 1569 15 134 134 15 135 135 136 137 137 13 24 24 25 139 139 13 140 140 141 252 252 13 253 253 254 255 255 13 256 256 13 257 257 15 258 258 15 259 259 13 260 260 36 261 261 262 263 263 13 47 48 49 50 51 52 53 54 55 56 1736 132 132
https://www.archanaskitchen.com/stir-fried-beetroot-recipe-in-hindi
1732:  131 0 0 132 1 133 2 3 4 5 1 76 78 104 109 15 1746 1156 1451 1680 870 270 1701 270 1747 109 295 296 298 1748 1749 1749 1182 1182 1750 1750 1530 1530 309 309 310 310 1434 1434 311 311 12 12 13 960 960 15 1569 1569 15 247 247 15 134 134 15 135 135 136 137 137 13 24 24 25 139 139 13 140 140 141 252 252 13 253 253 254 255 255 13 256 256 13 257 257 15 258 258 15 259 259 13 260 260 36 261 261 262 263 263 13 47 48 49 50 51 52 53 54 55 56 1732 132 132
https://www.archanaskitchen.com/tag/snake-gourd-pudalangai-recipes
1733:  131 0 0 132 1 133 2 3 4 5 1104 1104 15 1751 1751 1752 1753 1753 536 1666 1666 536 1754 1754 15 1518 1518 536 1755 1755 15 1756 1756 1752 1757 1757 25 1185 1185 15 47 48 49 50 51 52 53 54 55 56 1733 132 132
https://www.archanaskitchen.com/tag/ayurvedic-recipes
1734:  131 0 0 132 1 133 2 3 4 5 1195 1195 15 1104 1104 15 633 633 15 641 641 15 1758 1758 624 1759 1759 15 1283 1283 15 1760 1760 628 1761 1761 620 1478 1478 13 1762 1762 620 1763 1763 624 531 531 155 1200 1200 15 1764 1764 15 33 33 15 1765 1765 13 1766 1766 13 1353 1353 15 1767 1767 13 1768 1769 1770 1768 1768 1770 47 48 49 50 51 52 53 54 55 56 1734 132 132
https://www.archanaskitchen.com/aloo-gajar-matar-sabzi-recipe-in-hindi
1105:  131 0 0 132 1 133 2 3 4 5 15 1163 1122 1771 1772 871 974 870 1773 1163 1122 1241 100 296 988 1238 1088 511 380 1240 1241 1241 1774 1774 1775 1775 1776 1776 903 903 1372 1372 856 856 1095 1095 12 12 13 960 960 15 247 247 15 1569 1569 15 134 134 15 135 135 136 137 137 13 24 24 25 139 139 13 140 140 141 252 252 13 253 253 254 255 255 13 256 256 13 257 257 15 258 258 15 259 259 13 260 260 36 261 261 262 263 263 13 47 48 49 50 51 52 53 54 55 56 1105 132 132
https://www.archanaskitchen.com/sauteed-potatoes-with-spinach-recipe-in-hindi
1771:  131 0 0 132 1 133 2 3 4 5 1 76 78 104 109 15 1777 1778 1779 974 270 270 1780 100 276 296 899 298 988 1781 1781 1780 1780 1782 1782 834 834 1090 1090 1783 1783 1784 1784 1785 1785 12 12 13 960 960 15 247 247 15 1569 1569 15 134 134 15 135 135 136 137 137 13 24 24 25 139 139 13 140 140 141 252 252 13 253 253 254 255 255 13 256 256 13 257 257 15 258 258 15 259 259 13 260 260 36 261 261 262 263 263 13 47 48 49 50 51 52 53 54 55 56 1771 132 132
https://www.archanaskitchen.com/potato-and-pointed-gourd-sabzi-recipe-in-hindi
1772:  131 0 0 132 1 133 2 3 4 5 15 1339 1134 1786 1787 1788 1789 270 270 1339 1134 1790 100 296 298 988 1791 1258 1258 1790 1790 1792 1792 1793 1793 1771 1771 1794 1794 1795 1795 1184 1184 12 12 13 960 960 15 247 247 15 1569 1569 15 134 134 15 135 135 136 137 137 13 24 24 25 139 139 13 140 140 141 252 252 13 253 253 254 255 255 13 256 256 13 257 257 15 258 258 15 259 259 13 260 260 36 261 261 262 263 263 13 47 48 49 50 51 52 53 54 55 56 1772 132 132
https://www.archanaskitchen.com/brahmin-style-vegetable-kurma-recipe-no-onion-and-no-garlic
1774:  131 0 0 132 1 133 2 3 4 5 15 375 1796 865 1797 1798 1799 1800 719 755 870 375 1796 865 1797 79 295 296 988 1238 1088 975 511 1517 1517 1801 1801 1802 1802 1515 1515 630 630 1803 1803 1804 1804 1805 1805 12 12 13 960 960 15 247 247 15 248 248 249 134 134 15 135 135 136 137 137 13 24 24 25 139 139 13 140 140 141 252 252 13 253 253 254 255 255 13 256 256 13 257 257 15 258 258 15 259 259 13 260 260 36 261 261 262 263 263 13 47 48 49 50 51 52 53 54 55 56 1774 132 132
https://www.archanaskitchen.com/corn-and-peas-curry-recipe-in-hindi
1106:  131 0 0 132 1 133 2 3 4 5 15 1806 868 1807 1296 1046 755 870 270 1806 1132 100 276 606 298 1088 1265 513 1127 1132 1132 1266 1266 341 341 1267 1267 1268 1268 1131 1131 1269 1269 1270 1270 12 12 13 960 960 15 1569 1569 15 247 247 15 134 134 15 135 135 136 137 137 13 24 24 25 139 139 13 140 140 141 252 252 13 253 253 254 255 255 13 256 256 13 257 257 15 258 258 15 259 259 13 260 260 36 261 261 262 263 263 13 47 48 49 50 51 52 53 54 55 56 1106 132 132
https://www.archanaskitchen.com/grated-bottle-gourd-yogurt-salad-recipe-in-hindi
1806:  131 0 0 132 1 133 2 3 4 5 1 76 177 179 15 1339 1808 1809 1810 1046 456 1339 1808 1355 274 275 179 378 591 1811 1355 1355 1812 1812 1813 1813 1814 1814 1445 1445 1815 1815 1679 1679 978 978 12 12 13 960 960 15 247 247 15 248 248 249 134 134 15 135 135 136 137 137 13 24 24 25 139 139 13 140 140 141 252 252 13 253 253 254 255 255 13 256 256 13 257 257 15 258 258 15 259 259 13 260 260 36 261 261 262 263 263 13 47 48 49 50 51 52 53 54 55 56 1806 132 132
https://www.archanaskitchen.com/peas-in-onion-tomato-gravy-recipe-in-hindi
1807:  131 0 0 132 1 133 2 3 4 5 15 1816 1817 1818 1046 270 1819 100 296 570 511 1127 1259 1259 1820 1820 33 33 1821 1821 1295 1295 1822 1822 1823 1823 1824 1824 12 12 13 960 960 15 247 247 15 1569 1569 15 134 134 15 135 135 136 137 137 13 24 24 25 139 139 13 140 140 141 252 252 13 253 253 254 255 255 13 256 256 13 257 257 15 258 258 15 259 259 13 260 260 36 261 261 262 263 263 13 47 48 49 50 51 52 53 54 55 56 1807 132 132
https://www.archanaskitchen.com/amla-methi-sukhi-sabzi-recipe-healthy-diabetic-sabzi-in-hindi
1108:  131 0 0 132 1 133 2 3 4 5 15 1825 526 1122 1452 1826 833 974 1030 270 1825 526 1122 1827 100 378 570 1088 509 609 1828 1827 1827 1185 1185 1552 1552 334 334 1744 1744 1736 1736 1104 1104 1428 1428 12 12 13 960 960 15 1569 1569 15 247 247 15 134 134 15 135 135 136 137 137 13 24 24 25 139 139 13 140 140 141 252 252 13 253 253 254 255 255 13 256 256 13 257 257 15 258 258 15 259 259 13 260 260 36 261 261 262 263 263 13 47 48 49 50 51 52 53 54 55 56 1108 132 132
https://www.archanaskitchen.com/sweet-and-spicy-yogurt-curry-recipe-in-hindi
1825:  131 0 0 132 1 133 2 3 4 5 15 138 1429 1429 1429 138 585 1030 1829 103 296 590 1829 1829 1830 1830 1160 1160 1831 1831 1832 1832 1833 1833 1184 1184 1834 1834 12 12 13 960 960 15 1569 1569 15 247 247 15 134 134 15 135 135 136 137 137 13 24 24 25 139 139 13 140 140 141 252 252 13 253 253 254 255 255 13 256 256 13 257 257 15 258 258 15 259 259 13 260 260 36 261 261 262 263 263 13 47 48 49 50 51 52 53 54 55 56 1825 132 132
https://www.archanaskitchen.com/carrot-fenugreek-leaves-stir-fry-recipe-in-hindi
1826:  131 0 0 132 1 133 2 3 4 5 1 76 78 104 109 15 1450 1451 1452 1046 270 1835 100 570 298 1238 609 1836 1836 1837 1837 1838 1838 580 580 1181 1181 1358 1358 1839 1839 1468 1468 12 12 13 960 960 15 1569 1569 15 247 247 15 134 134 15 135 135 136 137 137 13 24 24 25 139 139 13 140 140 141 252 252 13 253 253 254 255 255 13 256 256 13 257 257 15 258 258 15 259 259 13 260 260 36 261 261 262 263 263 13 47 48 49 50 51 52 53 54 55 56 1826 132 132
https://www.archanaskitchen.com/amla-methi-sukhi-sabzi-recipe-healthy-diabetic-sabzi
1827:  131 0 0 132 1 133 2 3 4 5 15 1541 1507 1353 1253 1840 1425 1841 974 1030 270 271 1541 1507 1353 1253 1108 100 378 570 1088 509 609 1828 1108 1108 1185 1185 1552 1552 334 334 1744 1744 1736 1736 1104 1104 1428 1428 12 12 13 960 960 15 1569 1569 15 247 247 15 134 134 15 135 135 136 137 137 13 24 24 25 139 139 13 140 140 141 252 252 13 253 253 254 255 255 13 256 256 13 257 257 15 258 258 15 259 259 13 260 260 36 261 261 262 263 263 13 47 48 49 50 51 52 53 54 55 56 1827 132 132
https://www.archanaskitchen.com/tag/amla-recipes
1828:  131 0 0 132 1 133 2 3 4 5 1842 1842 13 1108 1108 15 1843 1843 13 1827 1827 15 1844 1844 624 1845 1845 249 1846 1846 141 1847 1847 249 1848 1848 15 1849 1849 15 1850 1850 13 368 368 15 1851 1851 15 1852 1852 1853 1854 1854 15 1855 1855 15 1856 1856 1857 1858 1858 13 1620 1620 13 1859 1859 1860 1861 1861 1861 1861 47 48 49 50 51 52 53 54 55 56 1828 132 132
https://www.archanaskitchen.com/mini-bajra-uttapam-recipe
1109:  131 0 0 132 1 133 2 3 4 5 1 76 116 15 138 1862 1618 1863 1305 724 1864 138 719 755 456 1865 721 931 1862 1618 1863 173 295 298 1088 302 1536 1866 117 118 119 120 121 122 123 124 125 126 127 173 174 130 1540 1540 1553 1553 1867 1867 1528 1528 1427 1427 1868 1868 1869 1869 1618 1618 12 12 13 960 960 15 247 247 15 1569 1569 15 134 134 15 135 135 136 137 137 13 24 24 25 139 139 13 140 140 141 252 252 13 253 253 254 255 255 13 256 256 13 257 257 15 258 258 15 259 259 13 260 260 36 261 261 262 263 263 13 47 48 49 50 51 52 53 54 55 56 1109 132 132
https://www.archanaskitchen.com/raw-mango-coconut-chutney-recipe
1862:  131 0 0 132 1 133 2 3 4 5 1 76 177 178 15 138 1870 1871 1565 1872 1873 951 138 719 755 587 1874 1870 1871 1565 532 178 295 302 512 304 380 1875 532 532 1876 1876 1877 1877 1591 1591 308 308 1617 1617 1878 1878 1432 1432 12 12 13 960 960 15 247 247 15 248 248 249 134 134 15 135 135 136 137 137 13 24 24 25 139 139 13 140 140 141 252 252 13 253 253 254 255 255 13 256 256 13 257 257 15 258 258 15 259 259 13 260 260 36 261 261 262 263 263 13 47 48 49 50 51 52 53 54 55 56 1862 132 132
https://www.archanaskitchen.com/kumbakonam-filter-coffee-recipe
1863:  131 0 0 132 1 133 2 3 4 5 1 207 210 13 1879 1880 1873 1881 1882 1883 1680 1884 1879 1880 1873 210 295 299 302 1885 322 322 1886 1886 309 309 305 305 310 310 1887 1887 1626 1626 1888 1888 12 12 13 960 960 15 1569 1569 15 247 247 15 134 134 15 135 135 136 137 137 13 24 24 25 139 139 13 140 140 141 252 252 13 253 253 254 255 255 13 256 256 13 257 257 15 258 258 15 259 259 13 260 260 36 261 261 262 263 263 13 47 48 49 50 51 52 53 54 55 56 1863 132 132
https://www.archanaskitchen.com/broccoli-kheema-and-cheese-uttapam-recipe
1864:  131 0 0 132 1 133 2 3 4 5 1 76 116 27 1618 1873 1889 1890 1891 719 769 1892 935 1893 1618 1873 173 298 299 608 1894 722 557 117 118 119 120 121 122 123 124 125 126 127 173 174 130 669 669 1895 1895 711 711 1896 1896 374 374 1260 1260 1897 1897 1898 1898 12 12 13 1569 1569 15 960 960 15 247 247 15 134 134 15 135 135 136 137 137 13 24 24 25 139 139 13 140 140 141 252 252 13 253 253 254 255 255 13 256 256 13 257 257 15 258 258 15 259 259 13 260 260 36 261 261 262 263 263 13 47 48 49 50 51 52 53 54 55 56 1864 132 132
https://www.archanaskitchen.com/tag/bajra-recipes
1866:  131 0 0 132 1 133 2 3 4 5 1109 1109 15 1528 1528 15 1899 1899 13 1900 1900 15 1901 1901 15 1902 1902 249 1903 1903 15 1904 1904 15 1905 1905 15 1906 1906 36 1907 1907 1908 1909 1909 1007 1910 1910 1911 1912 1912 262 1913 1913 36 1914 1914 15 1915 1915 13 1916 1916 19 1917 1917 13 1918 1918 1919 1920 1920 1920 1920 47 48 49 50 51 52 53 54 55 56 1866 132 132
https://www.archanaskitchen.com/foxtail-millet-pongal-recipe
1867:  131 0 0 132 1 133 2 3 4 5 1 76 78 87 136 1879 1607 1880 1921 719 870 270 931 1076 1922 1872 904 1923 165 606 295 298 302 1536 1924 88 89 90 1553 1553 1869 1869 1925 1925 1926 1926 1927 1927 1928 1928 1186 1186 1929 1929 12 12 13 1569 1569 15 960 960 15 247 247 15 134 134 15 135 135 136 137 137 13 24 24 25 139 139 13 140 140 141 252 252 13 253 253 254 255 255 13 256 256 13 257 257 15 258 258 15 259 259 13 260 260 36 261 261 262 263 263 13 47 48 49 50 51 52 53 54 55 56 1867 132 132
https://www.archanaskitchen.com/horsegram-idli-recipe-kollu-idli
1868:  131 0 0 132 1 133 2 3 4 5 1 76 116 249 1873 370 1863 1930 1931 1932 1933 588 721 1873 370 1863 118 295 298 299 1088 302 608 1934 1935 117 118 119 120 121 122 123 124 125 126 127 173 174 130 1936 1936 1937 1937 1938 1938 1939 1939 382 382 1940 1940 1449 1449 1941 1941 12 12 13 960 960 15 247 247 15 1569 1569 15 134 134 15 135 135 136 137 137 13 24 24 25 139 139 13 140 140 141 252 252 13 253 253 254 255 255 13 256 256 13 257 257 15 258 258 15 259 259 13 260 260 36 261 261 262 263 263 13 47 48 49 50 51 52 53 54 55 56 1868 132 132
https://www.archanaskitchen.com/foxtail-millet-rava-idli-recipe-in-hindi
1869:  131 0 0 132 1 133 2 3 4 5 1 76 116 15 1942 565 566 567 719 755 270 588 1942 1929 118 295 298 299 302 1536 1924 117 118 119 120 121 122 123 124 125 126 127 173 174 130 1553 1553 1928 1928 1543 1543 1929 1929 1540 1540 1943 1943 1938 1938 1867 1867 12 12 13 1569 1569 15 960 960 15 247 247 15 134 134 15 135 135 136 137 137 13 24 24 25 139 139 13 140 140 141 252 252 13 253 253 254 255 255 13 256 256 13 257 257 15 258 258 15 259 259 13 260 260 36 261 261 262 263 263 13 47 48 49 50 51 52 53 54 55 56 1869 132 132
https://www.archanaskitchen.com/tag/indian-vegetarian-recipes/page-2
1110:  46
https://www.archanaskitchen.com/tag/indian-vegetarian-recipes/page-3
1111:  131 0 0 132 1 133 2 3 4 5 1944 1944 15 1945 1945 15 1262 1262 15 1946 1946 15 1947 1947 624 1544 1544 15 1096 1096 15 1948 1948 15 1949 1949 620 1950 1950 15 1951 1951 15 1952 1952 254 1953 1953 13 1954 1954 620 1955 1955 25 1956 1956 13 1957 1957 13 1958 1958 15 1542 1542 254 1959 1959 15 1088 1110 1088 1110 1112 1113 1114 1115 1116 1117 1118 1112 1112 1119 47 48 49 50 51 52 53 54 55 56 1111 132 132
https://www.archanaskitchen.com/tamarind-chilli-potato-recipe-in-hindi
1952:  131 0 0 132 1 133 2 3 4 5 1 76 78 104 109 254 1326 1122 1960 1771 871 1961 1046 1256 1326 1122 1960 1962 100 606 378 296 988 1088 379 1095 1095 1963 1963 1243 1243 1333 1333 1096 1096 1099 1099 1964 1964 1965 1965 12 12 13 1569 1569 15 960 960 15 247 247 15 134 134 15 135 135 136 137 137 13 24 24 25 139 139 13 140 140 141 252 252 13 253 253 254 255 255 13 256 256 13 257 257 15 258 258 15 259 259 13 260 260 36 261 261 262 263 263 13 47 48 49 50 51 52 53 54 55 56 1952 132 132
https://www.archanaskitchen.com/kala-chana-amti-recipe-maharashtrian-black-chickpea-curry-in-hindi
1955:  131 0 0 132 1 133 2 3 4 5 25 1966 1163 1351 1967 1968 1136 1352 270 1966 1163 1351 1969 168 606 1088 405 509 1970 304 1971 1969 1969 1972 1972 1973 1973 955 955 1974 1974 1975 1975 1976 1976 1977 1977 12 12 13 960 960 15 247 247 15 248 248 249 134 134 15 135 135 136 137 137 13 24 24 25 139 139 13 140 140 141 252 252 13 253 253 254 255 255 13 256 256 13 257 257 15 258 258 15 259 259 13 260 260 36 261 261 262 263 263 13 47 48 49 50 51 52 53 54 55 56 1955 132 132
https://www.archanaskitchen.com/suran-ja-tuk-recipe-sindhi-deep-fried-yam-jimikand
1959:  131 0 0 132 1 133 2 3 4 5 15 1978 1346 937 243 1979 1980 1981 1982 870 1983 1978 1346 937 243 100 378 296 1088 975 1984 1985 1986 1986 1987 1987 1988 1988 1979 1979 1989 1989 1336 1336 1990 1990 1991 1991 12 12 13 960 960 15 247 247 15 1569 1569 15 134 134 15 135 135 136 137 137 13 24 24 25 139 139 13 140 140 141 252 252 13 253 253 254 255 255 13 256 256 13 257 257 15 258 258 15 259 259 13 260 260 36 261 261 262 263 263 13 47 48 49 50 51 52 53 54 55 56 1959 132 132
https://www.archanaskitchen.com/sarson-chole-ka-saag-recipe-kabuli-chana-in-mustard-leaves-gravy
1944:  131 0 0 132 1 133 2 3 4 5 15 1992 1993 1994 1366 1995 1996 1997 974 870 270 931 271 1998 1992 1993 1994 1366 100 298 1088 1970 1999 2000 514 1689 1689 1693 1693 2001 2001 2002 2002 1636 1636 2003 2003 1691 1691 2004 2004 12 12 13 1569 1569 15 960 960 15 247 247 15 134 134 15 135 135 136 137 137 13 24 24 25 139 139 13 140 140 141 252 252 13 253 253 254 255 255 13 256 256 13 257 257 15 258 258 15 259 259 13 260 260 36 261 261 262 263 263 13 47 48 49 50 51 52 53 54 55 56 1944 132 132
https://www.archanaskitchen.com/mushroom-baby-corn-kaalimirri-recipe-pepper-cashew-gravy
1945:  131 0 0 132 1 133 2 3 4 5 15 2005 1782 2006 2007 2008 2009 1046 870 270 1256 931 2005 1782 2006 100 296 570 1088 1032 2010 514 1089 1089 2011 2011 1965 1965 1091 1091 1416 1416 1130 1130 1252 1252 2012 2012 12 12 13 960 960 15 1569 1569 15 247 247 15 134 134 15 135 135 136 137 137 13 24 24 25 139 139 13 140 140 141 252 252 13 253 253 254 255 255 13 256 256 13 257 257 15 258 258 15 259 259 13 260 260 36 261 261 262 263 263 13 47 48 49 50 51 52 53 54 55 56 1945 132 132
https://www.archanaskitchen.com/spiced-onion-pulao-recipe-pyaz-pulao-recipe
1946:  131 0 0 132 1 133 2 3 4 5 1 76 78 87 15 884 2013 2014 2015 2016 1126 1193 1046 870 270 931 884 2013 2014 2015 90 1088 912 88 89 90 1173 1173 2017 2017 2018 2018 2019 2019 2020 2020 2021 2021 2022 2022 2023 2023 12 12 13 960 960 15 247 247 15 1569 1569 15 134 134 15 135 135 136 137 137 13 24 24 25 139 139 13 140 140 141 252 252 13 253 253 254 255 255 13 256 256 13 257 257 15 258 258 15 259 259 13 260 260 36 261 261 262 263 263 13 47 48 49 50 51 52 53 54 55 56 1946 132 132
https://www.archanaskitchen.com/lunch-box-ideas-sindhi-sai-bhaji-phulka-salad-papad
1947:  131 0 0 132 1 133 2 3 4 5 3 652 624 1346 2024 2025 2026 1346 664 375 375 580 664 2027 2028 2029 2030 2027 937 937 652 570 298 1088 608 2031 2031 2032 2032 2033 2033 2034 2034 2035 2035 2036 2036 2037 2037 1184 1184 12 12 13 1569 1569 15 960 960 15 247 247 15 134 134 15 135 135 136 137 137 13 24 24 25 139 139 13 140 140 141 252 252 13 253 253 254 255 255 13 256 256 13 257 257 15 258 258 15 259 259 13 260 260 36 261 261 262 263 263 13 47 48 49 50 51 52 53 54 55 56 1947 132 132
https://www.archanaskitchen.com/satsaagi-recipe-sindhi-seven-vegetable-sabzi-no-onion-no-garlic
1948:  131 0 0 132 1 133 2 3 4 5 15 664 2038 2039 260 1331 2040 1982 870 270 1256 931 271 922 664 2038 2039 100 296 570 298 1088 975 1984 2037 2037 1184 1184 1986 1986 1426 1426 1261 1261 1346 1346 2041 2041 1987 1987 12 12 13 1569 1569 15 960 960 15 247 247 15 134 134 15 135 135 136 137 137 13 24 24 25 139 139 13 140 140 141 252 252 13 253 253 254 255 255 13 256 256 13 257 257 15 258 258 15 259 259 13 260 260 36 261 261 262 263 263 13 47 48 49 50 51 52 53 54 55 56 1948 132 132
https://www.archanaskitchen.com/cabbage-chana-dal-sabzi-gobi-chana-dal-recipe
1950:  131 0 0 132 1 133 2 3 4 5 15 2042 2043 2044 2045 2046 974 1256 271 2042 2043 100 296 570 1088 509 2047 1514 1414 1414 2048 2048 630 630 1416 1416 2049 2049 2050 2050 2051 2051 1417 1417 12 12 13 960 960 15 247 247 15 1569 1569 15 134 134 15 135 135 136 137 137 13 24 24 25 139 139 13 140 140 141 252 252 13 253 253 254 255 255 13 256 256 13 257 257 15 258 258 15 259 259 13 260 260 36 261 261 262 263 263 13 47 48 49 50 51 52 53 54 55 56 1950 132 132
https://www.archanaskitchen.com/methi-sprouts-salad-recipe-healthy-tasty-diabetic-snack
1951:  131 0 0 132 1 133 2 3 4 5 1 76 177 181 15 1507 2052 2053 1253 2054 2055 2056 1046 456 1467 1507 2052 2053 1253 181 296 298 1088 509 1500 609 182 183 184 185 1346 1346 1958 1958 336 336 2057 2057 1836 1836 1426 1426 2056 2056 1972 1972 12 12 13 1569 1569 15 960 960 15 247 247 15 134 134 15 135 135 136 137 137 13 24 24 25 139 139 13 140 140 141 252 252 13 253 253 254 255 255 13 256 256 13 257 257 15 258 258 15 259 259 13 260 260 36 261 261 262 263 263 13 47 48 49 50 51 52 53 54 55 56 1951 132 132
https://www.archanaskitchen.com/tag/indian-vegetarian-recipes/page-4
1112:  131 0 0 132 1 133 2 3 4 5 2058 2058 624 1528 1528 15 2059 2059 620 847 847 13 2040 2040 15 1988 1988 15 749 749 13 2060 2060 15 1126 1126 15 2061 2061 15 2062 2062 15 2063 2063 15 2064 2064 15 2065 2065 620 2001 2001 15 2066 2066 15 2067 2067 13 2068 2068 620 2069 2069 15 2070 2070 15 1088 1111 1088 1110 1111 1113 1114 1115 1116 1117 1118 1113 1113 1119 47 48 49 50 51 52 53 54 55 56 1112 132 132
