https://amazingribs.com/
0:  0 1 2 3 3 2 4 5 6 7 8 9 10 11 12 13 14 15 16 17 18 19 20 21 22 23 24 25 16 26 27 28 29 30 31 32 33 34 26 35 36 37 38 39 35 40 41 42 43 40 44 45 46 47 48 49 50 44 15 51 52 53 54 55 56 57 10 10 58 11 11 58 59 59 58 60 60 61 62 62 61 63 63 64 65 65 64 66 66 64 67 67 58 68 68 64 57 57 64 69 69 64 70 70 64 71 71 64 17 17 58 72 72 61 73 73 64 74 74 58 75 75 64 76 76 58 77 77 64 78 78 79 80 80 58 35 35 64 81 81 61 37 37 64 38 38 64 82 82 58 83 83 58 84 84 64 85 0 86 87 88 89 90 91 92 93 94 95 96 96 96 96 96 96 96 96 96 96 96 96 97 98 99 100 101 102 103 104 105 106 107 108 109 110 85 2 111 112 113 114 115 116 117 118 85
https://amazingribs.com
1:  0 1 2 3 3 2 4 5 6 7 8 9 10 11 12 13 14 15 16 17 18 19 20 21 22 23 24 25 16 26 27 28 29 30 31 32 33 34 26 35 36 37 38 39 35 40 41 42 43 40 44 45 46 47 48 49 50 44 15 51 52 53 54 55 56 57 10 10 58 11 11 58 59 59 58 60 60 61 62 62 61 63 63 64 65 65 64 66 66 64 67 67 58 68 68 64 57 57 64 69 69 64 70 70 64 71 71 64 17 17 58 72 72 61 73 73 64 74 74 58 75 75 64 76 76 58 77 77 64 78 78 79 80 80 58 35 35 64 81 81 61 37 37 64 38 38 64 82 82 58 83 83 58 84 84 64 85 1 86 87 88 89 90 91 92 93 94 95 96 96 96 96 96 96 96 96 96 96 96 96 97 98 99 100 101 102 103 104 105 106 107 108 109 110 85 2 111 112 113 114 115 116 117 118 85
https://amazingribs.com/information-about-our-pitmaster-club/
2:  0 1 2 3 3 2 4 5 6 7 8 9 10 11 12 13 14 15 16 17 18 19 20 21 22 23 24 25 16 26 27 28 29 30 31 32 33 34 26 35 36 37 38 39 35 40 41 42 43 40 44 45 46 47 48 49 50 44 15 51 52 53 54 55 56 0 119 119 119 120 2 2 2 2 2 2 2 2 2 2 2 2 2 2 2 2 2 2 2 121 122 123 124 4 125 126 127 127 128 129 48 130 131 131 120 2 85 2 86 87 88 89 90 91 92 93 94 95 96 96 96 96 96 96 96 96 96 96 96 96 108 109 110 85 2 111 112 113 114 115 116 117 118
https://amazingribs.com/barbecue-history-and-culture/we-support-operation-barbecue-relief/
128:  0 1 2 3 3 2 4 5 6 7 8 9 10 11 12 13 14 15 16 17 18 19 20 21 22 23 24 25 16 26 27 28 29 30 31 32 33 34 26 35 36 37 38 39 35 40 41 42 43 40 44 45 46 47 48 49 50 44 15 51 52 53 54 55 56 0 132 64 133 2 134 133 135 136 85 128 86 87 88 89 90 91 92 93 94 95 96 96 96 96 96 96 96 96 96 96 96 96 97 98 99 100 137 102 107 138 139 103 140 141 108 109 110 85 2 111 112 113 114 115 116 117 118 85
https://amazingribs.com/category/about-us/
132:  0 1 2 3 3 2 4 5 6 7 8 9 10 11 12 13 14 15 16 17 18 19 20 21 22 23 24 25 16 26 27 28 29 30 31 32 33 34 26 35 36 37 38 39 35 40 41 42 43 40 44 45 46 47 48 49 50 44 15 51 52 53 54 55 56 0 64 2 50 50 47 47 64 45 45 64 46 46 64 15 15 64 142 142 64 0 0 64 14 14 48 48 64 143 143 64 144 144 64 145 145 64 128 128 64 146 146 64 49 49 64 147 147 64 148 148 58 149 149 150 151 151 64 85 132 86 87 88 89 90 91 92 93 94 95 96 96 96 96 96 96 96 96 96 96 96 96 97 98 99 100 152 153 102 104 140 141 101 105 108 109 110 85 2 111 112 113 114 115 116 117 118 85
https://amazingribs.com/about-us/media-coverage-we-have-13-minutes-fame-left/
142:  0 1 2 3 3 2 4 5 6 7 8 9 10 11 12 13 14 15 16 17 18 19 20 21 22 23 24 25 16 26 27 28 29 30 31 32 33 34 26 35 36 37 38 39 35 40 41 42 43 40 44 45 46 47 48 49 50 44 15 51 52 53 54 55 56 0 132 64 154 155 156 157 158 159 160 161 162 163 164 165 166 167 168 169 170 171 172 85 142 86 87 88 89 90 91 92 93 94 95 96 96 96 96 96 96 96 96 96 96 96 96 97 98 99 100 101 105 140 141 106 56 139 173 108 109 110 85 2 111 112 113 114 115 116 117 118 85
https://amazingribs.com/ratings-reviews/tools/books-and-magazines/meathead-book/
154:  0 1 2 3 3 2 4 5 6 7 8 9 10 11 12 13 14 15 16 17 18 19 20 21 22 23 24 25 16 26 27 28 29 30 31 32 33 34 26 35 36 37 38 39 35 40 41 42 43 40 44 45 46 47 48 49 50 44 15 51 52 53 54 55 56 0 174 175 176 177 178 64 179 180 181 182 183 184 185 186 45 187 188 189 190 191 191 192 193 194 195 196 197 198 199 200 201 202 203 204 205 206 207 208 179 180 181 182 183 184 186 99 179 180 181 182 183 184 186 85 154 86 87 88 89 90 91 92 93 94 95 96 96 96 96 96 96 96 96 96 96 96 96 97 98 99 100 137 107 138 152 105 106 101 108 109 110 85 2 111 112 113 114 115 116 117 118 85
https://amazingribs.com/about-us/meet-our-team/prof-greg-blonder/
187:  0 1 2 3 3 2 4 5 6 7 8 9 10 11 12 13 14 15 16 17 18 19 20 21 22 23 24 25 16 26 27 28 29 30 31 32 33 34 26 35 36 37 38 39 35 40 41 42 43 40 44 45 46 47 48 49 50 44 15 51 52 53 54 55 56 0 132 209 64 210 0 211 212 213 214 215 216 217 85 187 86 87 88 89 90 91 92 93 94 95 96 96 96 96 96 96 96 96 96 96 96 96 97 98 99 100 218 219 107 139 104 105 56 152 108 109 110 85 2 111 112 113 114 115 116 117 118 85
https://amazingribs.com/category/about-us/meet-our-team-about-us/
209:  0 1 2 3 3 2 4 5 6 7 8 9 10 11 12 13 14 15 16 17 18 19 20 21 22 23 24 25 16 26 27 28 29 30 31 32 33 34 26 35 36 37 38 39 35 40 41 42 43 40 44 45 46 47 48 49 50 44 15 51 52 53 54 55 56 0 44 64 45 2 45 45 64 220 220 64 187 187 64 221 221 64 222 222 64 223 223 64 224 224 64 225 225 64 226 226 64 227 227 64 228 228 64 229 229 64 230 230 64 231 231 64 232 232 64 233 233 64 234 234 64 235 235 64 236 236 64 237 237 64 238 238 64 239 239 64 240 240 64 241 241 64 242 242 64 243 243 64 244 244 64 85 209 86 87 88 89 90 91 92 93 94 95 96 96 96 96 96 96 96 96 96 96 96 96 97 245 246 247 248 249 250 251 252 253 254 255 256 257 258 259 260 260 261 262 263 264 265 266 267 268 269 270 271 272 273 274 275 276 98 99 100 140 141 277 138 173 56 137 139 108 109 110 85 2 111 112 113 114 115 116 117 118 85
https://amazingribs.com/node/1759
261:  0 1 2 3 3 2 4 5 6 7 8 9 10 11 12 13 14 15 16 17 18 19 20 21 22 23 24 25 16 26 27 28 29 30 31 32 33 34 26 35 36 37 38 39 35 40 41 42 43 40 44 45 46 47 48 49 50 44 15 51 52 53 54 55 56 0 278 64 279 280 281 282 283 284 285 286 287 287 288 289 290 287 291 292 293 294 295 296 297 298 299 300 301 302 303 304 305 306 307 308 309 310 311 312 313 314 315 316 317 318 319 320 321 322 323 324 325 326 327 328 329 330 331 332 333 334 335 336 337 338 339 340 341 342 343 344 345 346 347 348 349 350 351 352 353 354 355 356 357 358 359 360 361 362 363 364 365 366 367 368 369 370 371 372 373 289 374 375 376 377 378 379 380 381 382 383 384 385 386 387 388 389 390 391 389 392 393 394 395 396 397 398 399 400 401 402 403 404 405 406 407 408 409 410 411 412 413 414 415 416 417 36 85 261 86 87 88 89 90 91 92 93 94 95 96 96 96 96 96 96 96 96 96 96 96 96 97 98 99 100 418 104 173 56 139 138 106 108 109 110 85 2 111 112 113 114 115 116 117 118 85
https://amazingribs.com/tested-recipes/pork-ribs-recipes/
417:  0 1 2 3 3 2 4 5 6 7 8 9 10 11 12 13 14 15 16 17 18 19 20 21 22 23 24 25 16 26 27 28 29 30 31 32 33 34 26 35 36 37 38 39 35 40 41 42 43 40 44 45 46 47 48 49 50 44 15 51 52 53 54 55 56 0 16 64 419 420 85 2 421 421 64 121 99 121 69 69 64 422 422 64 423 423 61 424 424 64 425 425 61 73 73 64 426 426 64 427 427 64 428 428 64 429 429 61 71 71 64 430 430 61 431 431 58 432 432 61 70 70 64 433 433 64 434 434 64 435 435 436 436 64 437 437 64 438 439 440 441 442 443 444 445 446 437 85 417 86 87 88 89 90 91 92 93 94 95 96 96 96 96 96 96 96 96 96 96 96 96 97 98 99 100 104 418 106 102 139 140 141 277 108 109 110 85 2 111 112 113 114 115 116 117 118 85
https://amazingribs.com/tested-recipes/pork-recipes/pork-cuts-explained/
421:  0 1 2 3 3 2 4 5 6 7 8 9 10 11 12 13 14 15 16 17 18 19 20 21 22 23 24 25 16 26 27 28 29 30 31 32 33 34 26 35 36 37 38 39 35 40 41 42 43 40 44 45 46 47 48 49 50 44 15 51 52 53 54 55 56 0 278 447 448 64 449 450 451 452 453 454 289 455 421 421 421 421 421 421 421 421 421 421 421 421 421 456 457 421 421 421 421 421 421 421 421 421 421 421 421 421 421 421 458 421 421 421 421 421 421 421 421 421 459 421 421 421 421 460 461 462 459 421 421 421 463 421 421 71 444 464 421 421 421 421 211 421 421 421 211 421 421 421 421 465 421 421 421 421 421 458 421 421 421 421 421 421 421 421 421 421 421 466 467 468 469 34 19 436 459 444 70 470 427 438 471 434 433 73 472 473 458 424 474 475 476 85 421 86 87 88 89 90 91 92 93 94 95 96 96 96 96 96 96 96 96 96 96 96 96 97 421 421 421 421 477 98 99 100 102 153 106 152 56 101 139 108 109 110 85 2 111 112 113 114 115 116 117 118 85
https://amazingribs.com/wp-content/uploads/2021/02/amc-commonnamelistpork.pdf
449: 
https://amazingribs.com/tested-recipes/pork-recipes/how-make-smoked-bacon-home/
456:  0 1 2 3 3 2 4 5 6 7 8 9 10 11 12 13 14 15 16 17 18 19 20 21 22 23 24 25 16 26 27 28 29 30 31 32 33 34 26 35 36 37 38 39 35 40 41 42 43 40 44 45 46 47 48 49 50 44 15 51 52 53 54 55 56 0 478 479 64 456 480 216 481 482 483 484 457 485 486 487 85 480 488 489 490 491 491 492 491 458 457 493 494 458 216 30 445 495 216 481 482 483 496 497 457 498 62 499 500 501 502 85 456 86 87 88 89 90 91 92 93 94 95 96 96 96 96 96 96 96 96 96 96 96 96 97 98 99 100 137 105 173 107 140 141 138 103 108 109 110 85 2 111 112 113 114 115 116 117 118 85
https://amazingribs.com/category/tested-recipes/
478:  0 1 2 3 3 2 4 5 6 7 8 9 10 11 12 13 14 15 16 17 18 19 20 21 22 23 24 25 16 26 27 28 29 30 31 32 33 34 26 35 36 37 38 39 35 40 41 42 43 40 44 45 46 47 48 49 50 44 15 51 52 53 54 55 56 0 16 58 2 503 503 64 504 504 64 505 505 64 506 506 64 507 507 64 508 508 64 509 509 61 510 510 64 511 511 64 512 512 64 513 513 64 514 514 64 515 515 64 516 516 64 517 517 79 518 518 61 519 519 64 520 520 64 521 521 58 522 522 61 523 505 504 507 503 85 478 86 87 88 89 90 91 92 93 94 95 96 96 96 96 96 96 96 96 96 96 96 96 97 98 99 100 107 277 102 138 104 173 101 108 109 110 85 2 111 112 113 114 115 116 117 118 85
https://amazingribs.com/tested-recipes/beans-recipes/simple-boston-baked-beans-recipe/
512:  0 1 2 3 3 2 4 5 6 7 8 9 10 11 12 13 14 15 16 17 18 19 20 21 22 23 24 25 16 26 27 28 29 30 31 32 33 34 26 35 36 37 38 39 35 40 41 42 43 40 44 45 46 47 48 49 50 44 15 51 52 53 54 55 56 0 478 524 64 512 525 526 527 528 525 488 491 445 69 529 530 526 528 445 529 530 531 511 532 423 433 519 533 534 508 535 425 536 518 537 538 85 512 86 87 88 89 90 91 92 93 94 95 96 96 96 96 96 96 96 96 96 96 96 96 97 539 98 99 100 101 152 105 137 140 141 153 173 108 109 110 85 2 111 112 113 114 115 116 117 118 85
https://amazingribs.com/category/tested-recipes/side-dish-recipes/
524:  0 1 2 3 3 2 4 5 6 7 8 9 10 11 12 13 14 15 16 17 18 19 20 21 22 23 24 25 16 26 27 28 29 30 31 32 33 34 26 35 36 37 38 39 35 40 41 42 43 40 44 45 46 47 48 49 50 44 15 51 52 53 54 55 56 0 478 521 521 58 540 540 61 541 541 64 517 517 79 518 518 61 520 520 64 509 509 61 522 522 61 542 542 61 514 514 64 543 543 64 536 536 64 544 544 64 545 545 64 513 513 64 524 524 524 85 524 86 87 88 89 90 91 92 93 94 95 96 96 96 96 96 96 96 96 96 96 96 96 97 98 99 100 108 109 110 85 2 111 112 113 114 115 116 117 118 85
https://amazingribs.com/tested-recipes/other-fun-food-recipes/soused-apple-sauce-recipe/
544:  0 1 2 3 3 2 4 5 6 7 8 9 10 11 12 13 14 15 16 17 18 19 20 21 22 23 24 25 16 26 27 28 29 30 31 32 33 34 26 35 36 37 38 39 35 40 41 42 43 40 44 45 46 47 48 49 50 44 15 51 52 53 54 55 56 0 478 546 64 544 547 547 488 491 548 549 550 551 473 552 553 554 85 544 86 87 88 89 90 91 92 93 94 95 96 96 96 96 96 96 96 96 96 96 96 96 97 98 99 100 277 140 141 102 137 218 219 173 105 108 109 110 85 2 111 112 113 114 115 116 117 118 85
https://amazingribs.com/category/tested-recipes/other-fun-sauce-recipes-tested-recipes/
546:  0 1 2 3 3 2 4 5 6 7 8 9 10 11 12 13 14 15 16 17 18 19 20 21 22 23 24 25 16 26 27 28 29 30 31 32 33 34 26 35 36 37 38 39 35 40 41 42 43 40 44 45 46 47 48 49 50 44 15 51 52 53 54 55 56 0 16 64 555 555 64 556 556 64 557 557 64 558 558 64 559 559 64 560 560 64 561 561 64 562 562 64 563 563 64 564 564 64 565 565 58 566 566 64 567 567 64 568 568 64 569 569 570 571 571 64 544 544 64 550 550 64 572 572 64 573 573 64 574 574 58 474 474 64 575 575 64 576 576 64 577 577 64 578 578 64 579 579 64 580 580 64 523 581 24 582 583 76 85 546 86 87 88 89 90 91 92 93 94 95 96 96 96 96 96 96 96 96 96 96 96 96 97 98 99 100 105 277 153 106 140 141 137 218 219 108 109 110 85 2 111 112 113 114 115 116 117 118 85
https://amazingribs.com/tested-recipes/other-fun-sauce-recipes/board-sauce-recipe-adam-perry-lang/
555:  0 1 2 3 3 2 4 5 6 7 8 9 10 11 12 13 14 15 16 17 18 19 20 21 22 23 24 25 16 26 27 28 29 30 31 32 33 34 26 35 36 37 38 39 35 40 41 42 43 40 44 45 46 47 48 49 50 44 15 51 52 53 54 55 56 0 584 585 64 555 586 587 588 586 488 589 590 591 592 593 594 595 596 597 598 85 555 86 87 88 89 90 91 92 93 94 95 96 96 96 96 96 96 96 96 96 96 96 96 97 98 99 100 106 56 418 107 102 152 139 108 109 110 85 2 111 112 113 114 115 116 117 118 85
https://amazingribs.com/category/bbq-grilling-technique-and-science/
584:  0 1 2 3 3 2 4 5 6 7 8 9 10 11 12 13 14 15 16 17 18 19 20 21 22 23 24 25 16 26 27 28 29 30 31 32 33 34 26 35 36 37 38 39 35 40 41 42 43 40 44 45 46 47 48 49 50 44 15 51 52 53 54 55 56 0 64 2 80 80 58 28 28 64 29 29 64 590 590 64 32 32 64 599 599 64 452 452 64 600 600 58 601 601 61 58 602 602 64 603 603 58 604 604 64 593 593 64 605 605 64 606 606 64 607 607 64 608 608 64 609 609 64 444 444 64 610 610 64 611 611 64 612 612 64 613 613 64 614 614 64 615 615 58 616 616 58 617 617 58 618 618 64 619 619 64 163 163 64 620 620 64 621 621 64 622 622 58 623 623 64 624 624 64 625 625 64 626 626 64 75 75 64 627 627 64 217 217 64 628 628 58 629 629 64 630 630 64 214 214 64 440 440 64 212 212 64 442 442 64 631 631 58 632 632 64 633 633 64 634 634 64 635 635 64 213 213 64 462 462 64 215 215 64 636 636 64 637 637 64 638 638 58 639 639 64 459 459 64 640 640 64 641 641 642 643 643 58 644 644 58 645 645 150 646 646 64 76 76 58 647 647 64 77 77 64 78 78 79 648 648 64 31 31 64 649 649 64 650 650 64 651 651 64 652 652 64 33 33 64 85 584 86 87 88 89 90 91 92 93 94 95 96 96 96 96 96 96 96 96 96 96 96 96 97 98 99 100 218 219 138 103 153 56 173 101 108 109 110 85 2 111 112 113 114 115 116 117 118 85
https://amazingribs.com/more-technique-and-science/more-cooking-science/reactive-pans/
640:  0 1 2 3 3 2 4 5 6 7 8 9 10 11 12 13 14 15 16 17 18 19 20 21 22 23 24 25 16 26 27 28 29 30 31 32 33 34 26 35 36 37 38 39 35 40 41 42 43 40 44 45 46 47 48 49 50 44 15 51 52 53 54 55 56 0 584 64 440 214 187 645 653 0 440 625 645 85 640 86 87 88 89 90 91 92 93 94 95 96 96 96 96 96 96 96 96 96 96 96 96 97 98 99 100 103 107 140 141 106 277 101 56 108 109 110 85 2 111 112 113 114 115 116 117 118 85
https://amazingribs.com/bbq-grilling-technique-and-science/backroad-barbecue-beckons/
641:  0 1 2 3 3 2 4 5 6 7 8 9 10 11 12 13 14 15 16 17 18 19 20 21 22 23 24 25 16 26 27 28 29 30 31 32 33 34 26 35 36 37 38 39 35 40 41 42 43 40 44 45 46 47 48 49 50 44 15 51 52 53 54 55 56 0 584 642 227 654 655 656 657 658 659 629 660 661 662 663 664 85 641 86 87 88 89 90 91 92 93 94 95 96 96 96 96 96 96 96 96 96 96 96 96 97 98 99 100 418 102 138 105 153 56 218 219 108 109 110 85 2 111 112 113 114 115 116 117 118 85
https://amazingribs.com/grill-tailgater/napoleon-travelq-285x-cart-review/
654:  0 1 2 3 3 2 4 5 6 7 8 9 10 11 12 13 14 15 16 17 18 19 20 21 22 23 24 25 16 26 27 28 29 30 31 32 33 34 26 35 36 37 38 39 35 40 41 42 43 40 44 45 46 47 48 49 50 44 15 51 52 53 54 55 56 0 174 278 447 665 150 445 99 666 667 85 654 86 87 88 89 90 91 92 93 94 95 96 96 96 96 96 96 96 96 96 96 96 96 97 98 99 100 140 141 173 103 138 418 139 106 108 109 110 85 2 111 112 113 114 115 116 117 118 85
https://amazingribs.com/smoker/weber-smokey-mountain-cooker-smoker-18-review/
655:  0 1 2 3 3 2 4 5 6 7 8 9 10 11 12 13 14 15 16 17 18 19 20 21 22 23 24 25 16 26 27 28 29 30 31 32 33 34 26 35 36 37 38 39 35 40 41 42 43 40 44 45 46 47 48 49 50 44 15 51 52 53 54 55 56 0 174 278 447 665 64 668 669 670 99 671 672 85 655 86 87 88 89 90 91 92 93 94 95 96 96 96 96 96 96 96 96 96 96 96 96 97 98 99 100 102 56 173 153 418 105 139 108 109 110 85 2 111 112 113 114 115 116 117 118 85
https://amazingribs.com/ratings-reviews/best-thermometers/how-thermometers-work/
669:  0 1 2 3 3 2 4 5 6 7 8 9 10 11 12 13 14 15 16 17 18 19 20 21 22 23 24 25 16 26 27 28 29 30 31 32 33 34 26 35 36 37 38 39 35 40 41 42 43 40 44 45 46 47 48 49 50 44 15 51 52 53 54 55 56 0 175 673 64 674 675 173 676 677 678 676 632 679 680 681 682 683 684 685 2 676 686 687 683 620 29 619 688 649 689 590 600 445 213 690 691 85 669 86 87 88 89 90 91 92 93 94 95 96 96 96 96 96 96 96 96 96 96 96 96 97 676 692 693 694 695 696 697 698 699 700 701 702 703 704 705 706 707 708 709 710 261 711 712 98 99 100 56 103 106 140 141 104 102 101 108 109 110 85 2 111 112 113 114 115 116 117 118 85
https://amazingribs.com/taxonomy/term/199
676:  0 1 2 3 3 2 4 5 6 7 8 9 10 11 12 13 14 15 16 17 18 19 20 21 22 23 24 25 16 26 27 28 29 30 31 32 33 34 26 35 36 37 38 39 35 40 41 42 43 40 44 45 46 47 48 49 50 44 15 51 52 53 54 55 56 0 35 64 54 713 632 669 54 714 715 716 2 669 669 64 717 717 642 718 718 642 719 719 642 716 716 642 633 36 38 85 676 86 87 88 89 90 91 92 93 94 95 96 96 96 96 96 96 96 96 96 96 96 96 97 98 99 100 56 106 139 140 141 103 101 153 108 109 110 85 2 111 112 113 114 115 116 117 118 85
https://amazingribs.com/ratings-reviews/about-our-reviews-and-medals/
714:  0 1 2 3 3 2 4 5 6 7 8 9 10 11 12 13 14 15 16 17 18 19 20 21 22 23 24 25 16 26 27 28 29 30 31 32 33 34 26 35 36 37 38 39 35 40 41 42 43 40 44 45 46 47 48 49 50 44 15 51 52 53 54 55 56 0 175 64 720 149 676 721 722 723 724 725 85 714 86 87 88 89 90 91 92 93 94 95 96 96 96 96 96 96 96 96 96 96 96 96 97 676 726 727 698 699 728 701 702 703 704 705 729 706 707 730 708 709 710 711 261 98 99 100 152 102 139 218 219 101 106 277 108 109 110 85 2 111 112 113 114 115 116 117 118 85
https://amazingribs.com/author/max-good
721:  0 1 2 3 3 2 4 5 6 7 8 9 10 11 12 13 14 15 16 17 18 19 20 21 22 23 24 25 16 26 27 28 29 30 31 32 33 34 26 35 36 37 38 39 35 40 41 42 43 40 44 45 46 47 48 49 50 44 15 51 52 53 54 55 56 0 731 732 149 733 734 735 736 737 738 739 740 741 742 724 743 744 745 746 747 748 749 750 751 752 753 754 755 756 85 721 86 87 88 89 90 91 92 93 94 95 96 96 96 96 96 96 96 96 96 96 96 96 97 98 99 100 139 101 102 138 107 173 104 108 109 110 85 2 111 112 113 114 115 116 117 118 85
https://amazingribs.com/site_author_type/
731:  0 1 2 3 3 2 4 5 6 7 8 9 10 11 12 13 14 15 16 17 18 19 20 21 22 23 24 25 16 26 27 28 29 30 31 32 33 34 26 35 36 37 38 39 35 40 41 42 43 40 44 45 46 47 48 49 50 44 15 51 52 53 54 55 56 0 757 757 758 758 570 570 642 642 759 759 58 58 760 760 79 79 761 761 762 762 763 763 764 764 61 61 64 64 765 765 731 731 85 731 86 87 88 89 90 91 92 93 94 95 96 96 96 96 96 96 96 96 96 96 96 96 97 98 99 100 218 219 102 101 137 173 138 103 108 109 110 85 2 111 112 113 114 115 116 117 118 85
https://amazingribs.com/author/malcom-reed/
757:  0 1 2 3 3 2 4 5 6 7 8 9 10 11 12 13 14 15 16 17 18 19 20 21 22 23 24 25 16 26 27 28 29 30 31 32 33 34 26 35 36 37 38 39 35 40 41 42 43 40 44 45 46 47 48 49 50 44 15 51 52 53 54 55 56 0 731 766 767 768 769 770 771 772 85 757 86 87 88 89 90 91 92 93 94 95 96 96 96 96 96 96 96 96 96 96 96 96 97 98 99 100 105 104 107 103 277 102 106 108 109 110 85 2 111 112 113 114 115 116 117 118 85
https://amazingribs.com/tested-recipes/cast-iron-seared-elk-steak/
771:  0 1 2 3 3 2 4 5 6 7 8 9 10 11 12 13 14 15 16 17 18 19 20 21 22 23 24 25 16 26 27 28 29 30 31 32 33 34 26 35 36 37 38 39 35 40 41 42 43 40 44 45 46 47 48 49 50 44 15 51 52 53 54 55 56 0 773 757 771 774 774 488 775 772 85 771 86 87 88 89 90 91 92 93 94 95 96 96 96 96 96 96 96 96 96 96 96 96 97 98 99 100 153 56 418 107 106 173 105 108 109 110 85 2 111 112 113 114 115 116 117 118 85
https://amazingribs.com/category/new-recipes-reviews-articles-on-amazingribs-com/
773:  0 1 2 3 3 2 4 5 6 7 8 9 10 11 12 13 14 15 16 17 18 19 20 21 22 23 24 25 16 26 27 28 29 30 31 32 33 34 26 35 36 37 38 39 35 40 41 42 43 40 44 45 46 47 48 49 50 44 15 51 52 53 54 55 56 0 59 59 58 733 99 733 150 734 99 734 150 776 99 776 61 777 99 777 778 737 99 737 150 779 99 779 642 780 99 780 642 781 99 781 642 782 99 782 642 783 99 783 471 471 58 521 521 58 784 784 58 785 785 64 786 99 786 58 787 99 787 642 788 99 788 642 735 99 735 150 789 789 61 746 99 746 150 738 99 738 150 790 790 64 791 99 791 64 792 99 792 64 793 99 793 64 794 99 794 64 795 99 795 58 796 99 796 642 85 773 86 87 88 89 90 91 92 93 94 95 96 96 96 96 96 96 96 96 96 96 96 96 97 98 99 100 218 219 418 107 139 106 138 152 108 109 110 85 2 111 112 113 114 115 116 117 118 85
https://amazingribs.com/ratings-reviews/gas-grills/everdure-force/
776:  0 1 2 3 3 2 4 5 6 7 8 9 10 11 12 13 14 15 16 17 18 19 20 21 22 23 24 25 16 26 27 28 29 30 31 32 33 34 26 35 36 37 38 39 35 40 41 42 43 40 44 45 46 47 48 49 50 44 15 51 52 53 54 55 56 0 174 773 61 85 86 85 797 798 799 797 800 801 802 122 85 99 803 85 776 86 87 88 89 90 91 92 93 94 95 96 96 96 96 96 96 96 96 96 96 96 96 97 98 99 100 139 107 102 153 101 418 138 108 109 110 85 2 111 112 113 114 115 116 117 118 85
https://amazingribs.com/searchresults/ribs
800: 
https://amazingribs.com/tested-recipes/beef-and-bison-recipes/crusty-grilled-flank-steak-recipe
801:  0 1 2 3 3 2 4 5 6 7 8 9 10 11 12 13 14 15 16 17 18 19 20 21 22 23 24 25 16 26 27 28 29 30 31 32 33 34 26 35 36 37 38 39 35 40 41 42 43 40 44 45 46 47 48 49 50 44 15 51 52 53 54 55 56 0 478 804 64 801 805 445 555 806 806 805 488 807 491 445 620 0 639 566 808 555 566 589 620 629 809 556 85 801 86 87 88 89 90 91 92 93 94 95 96 96 96 96 96 96 96 96 96 96 96 96 97 98 99 100 418 101 137 104 173 103 56 108 109 110 85 2 111 112 113 114 115 116 117 118 85
https://amazingribs.com/tested-recipes/beef-and-bison-recipes/caprese-flank-steak-salad/
809:  0 1 2 3 3 2 4 5 6 7 8 9 10 11 12 13 14 15 16 17 18 19 20 21 22 23 24 25 16 26 27 28 29 30 31 32 33 34 26 35 36 37 38 39 35 40 41 42 43 40 44 45 46 47 48 49 50 44 15 51 52 53 54 55 56 0 478 810 809 811 85 812 811 488 491 591 593 592 605 85 809 86 87 88 89 90 91 92 93 94 95 96 96 96 96 96 96 96 96 96 96 96 96 97 98 99 100 418 102 277 104 153 137 107 108 109 110 85 2 111 112 113 114 115 116 117 118 85
https://amazingribs.com/category/tested-recipes/beef-and-bison-recipes-tested-recipes/
810:  0 1 2 3 3 2 4 5 6 7 8 9 10 11 12 13 14 15 16 17 18 19 20 21 22 23 24 25 16 26 27 28 29 30 31 32 33 34 26 35 36 37 38 39 35 40 41 42 43 40 44 45 46 47 48 49 50 44 15 51 52 53 54 55 56 0 16 64 2 530 530 64 813 813 64 501 501 64 814 814 64 597 597 64 815 815 64 534 534 64 816 816 64 817 817 64 818 818 64 74 74 58 591 591 64 819 819 64 809 809 592 592 64 820 820 64 821 821 61 822 822 61 594 594 61 595 595 61 60 60 61 789 789 61 606 606 64 823 823 64 824 824 64 825 825 61 533 533 61 826 826 64 827 827 61 828 828 64 829 829 61 830 830 61 831 831 61 832 832 64 833 833 64 834 834 64 465 465 64 835 835 61 836 836 64 72 72 61 837 837 64 598 598 64 838 838 64 839 839 64 840 840 64 841 841 64 842 842 61 843 843 150 844 844 61 845 845 61 500 500 64 651 651 64 213 213 64 808 808 64 452 452 64 846 846 452 605 651 847 848 639 849 850 851 590 85 810 86 87 88 89 90 91 92 93 94 95 96 96 96 96 96 96 96 96 96 96 96 96 97 98 99 100 140 141 218 219 137 103 107 104 138 108 109 110 85 2 111 112 113 114 115 116 117 118 85
https://amazingribs.com/tested-recipes/beef-and-bison-recipes/chicago-italian-beef-sandwich-recipe/
814:  0 1 2 3 3 2 4 5 6 7 8 9 10 11 12 13 14 15 16 17 18 19 20 21 22 23 24 25 16 26 27 28 29 30 31 32 33 34 26 35 36 37 38 39 35 40 41 42 43 40 44 45 46 47 48 49 50 44 15 51 52 53 54 55 56 0 478 810 64 814 852 853 852 488 854 855 445 856 857 858 828 651 829 830 813 597 501 534 859 860 861 862 85 814 86 87 88 89 90 91 92 93 94 95 96 96 96 96 96 96 96 96 96 96 96 96 97 98 99 100 152 140 141 104 56 138 218 219 103 108 109 110 85 2 111 112 113 114 115 116 117 118 85
https://amazingribs.com/wprm_print/recipe/1229
852:  863 852 488 854 855 445 856
https://amazingribs.com/tested-recipes/beef-and-bison-recipes/chicago-italian-beef-sandwich-recipe
863:  0 1 2 3 3 2 4 5 6 7 8 9 10 11 12 13 14 15 16 17 18 19 20 21 22 23 24 25 16 26 27 28 29 30 31 32 33 34 26 35 36 37 38 39 35 40 41 42 43 40 44 45 46 47 48 49 50 44 15 51 52 53 54 55 56 0 478 810 64 863 852 853 852 488 854 855 445 856 857 858 828 651 829 830 813 597 501 534 859 860 861 862 85 863 86 87 88 89 90 91 92 93 94 95 96 96 96 96 96 96 96 96 96 96 96 96 97 98 99 100 152 140 141 104 56 138 218 219 103 108 109 110 85 2 111 112 113 114 115 116 117 118 85
https://amazingribs.com/tested-recipes/other-fun-food-recipes/italian-giardiniera-recipe
853:  0 1 2 3 3 2 4 5 6 7 8 9 10 11 12 13 14 15 16 17 18 19 20 21 22 23 24 25 16 26 27 28 29 30 31 32 33 34 26 35 36 37 38 39 35 40 41 42 43 40 44 45 46 47 48 49 50 44 15 51 52 53 54 55 56 0 478 864 64 853 865 814 866 858 814 867 865 488 868 854 807 869 870 491 856 866 814 871 872 513 515 873 874 875 876 541 877 878 85 853 86 87 88 89 90 91 92 93 94 95 96 96 96 96 96 96 96 96 96 96 96 96 97 98 99 100 152 218 219 56 138 103 153 277 108 109 110 85 2 111 112 113 114 115 116 117 118 85
https://amazingribs.com/category/tested-recipes/keto-recipes-for-bbq-lovers/
864:  0 1 2 3 3 2 4 5 6 7 8 9 10 11 12 13 14 15 16 17 18 19 20 21 22 23 24 25 16 26 27 28 29 30 31 32 33 34 26 35 36 37 38 39 35 40 41 42 43 40 44 45 46 47 48 49 50 44 15 51 52 53 54 55 56 0 16 58 879 879 64 491 491 64 821 821 61 530 530 64 597 597 64 592 592 64 829 829 61 424 424 64 830 830 61 880 880 64 881 881 64 564 564 64 857 857 64 555 555 64 560 560 64 882 882 64 562 562 64 578 578 64 883 883 64 815 815 64 884 884 64 879 879 64 885 885 64 533 533 61 886 886 64 887 888 887 889 85 864 86 87 88 89 90 91 92 93 94 95 96 96 96 96 96 96 96 96 96 96 96 96 97 98 99 100 418 140 141 106 107 137 138 103 108 109 110 85 2 111 112 113 114 115 116 117 118 85
https://amazingribs.com/tested-recipes/snacks-and-munchies-recipes/roasted-nuts-and-snack-mix/
880:  0 1 2 3 3 2 4 5 6 7 8 9 10 11 12 13 14 15 16 17 18 19 20 21 22 23 24 25 16 26 27 28 29 30 31 32 33 34 26 35 36 37 38 39 35 40 41 42 43 40 44 45 46 47 48 49 50 44 15 51 52 53 54 55 56 0 478 864 64 890 891 889 491 892 876 445 893 689 676 894 895 896 458 897 898 895 895 895 899 900 901 902 903 879 881 885 904 905 906 907 908 855 884 85 880 86 87 88 89 90 91 92 93 94 95 96 96 96 96 96 96 96 96 96 96 96 96 97 98 99 100 137 140 141 218 219 105 106 418 101 108 109 110 85 2 111 112 113 114 115 116 117 118 85
https://amazingribs.com/tested-recipes/snacks-and-munchies/sinfully-delicious-candied-pecans/
901:  0 1 2 3 3 2 4 5 6 7 8 9 10 11 12 13 14 15 16 17 18 19 20 21 22 23 24 25 16 26 27 28 29 30 31 32 33 34 26 35 36 37 38 39 35 40 41 42 43 40 44 45 46 47 48 49 50 44 15 51 52 53 54 55 56 0 478 909 64 901 910 880 910 488 491 911 880 908 903 879 900 902 881 899 885 904 905 906 907 884 912 85 901 86 87 88 89 90 91 92 93 94 95 96 96 96 96 96 96 96 96 96 96 96 96 97 98 99 100 218 219 277 107 173 418 152 102 108 109 110 85 2 111 112 113 114 115 116 117 118 85
https://amazingribs.com/tested-recipes/snacks-and-munchies-recipes/how-make-maple-taffy-snow/
912:  0 1 2 3 3 2 4 5 6 7 8 9 10 11 12 13 14 15 16 17 18 19 20 21 22 23 24 25 16 26 27 28 29 30 31 32 33 34 26 35 36 37 38 39 35 40 41 42 43 40 44 45 46 47 48 49 50 44 15 51 52 53 54 55 56 0 478 804 64 912 913 913 488 901 908 900 85 912 86 87 88 89 90 91 92 93 94 95 96 96 96 96 96 96 96 96 96 96 96 96 97 98 99 100 277 101 138 104 418 140 141 153 108 109 110 85 2 111 112 113 114 115 116 117 118 85
https://amazingribs.com/wprm_print/recipe/1714
913:  914 913 488
https://amazingribs.com/tested-recipes/snacks-and-munchies-recipes/how-make-maple-taffy-snow
914:  0 1 2 3 3 2 4 5 6 7 8 9 10 11 12 13 14 15 16 17 18 19 20 21 22 23 24 25 16 26 27 28 29 30 31 32 33 34 26 35 36 37 38 39 35 40 41 42 43 40 44 45 46 47 48 49 50 44 15 51 52 53 54 55 56 0 478 804 64 914 913 913 488 901 908 900 85 914 86 87 88 89 90 91 92 93 94 95 96 96 96 96 96 96 96 96 96 96 96 96 97 98 99 100 277 101 138 104 418 140 141 153 108 109 110 85 2 111 112 113 114 115 116 117 118 85
https://amazingribs.com/category/tested-recipes/snacks-and-munchies-recipes/
909:  0 1 2 3 3 2 4 5 6 7 8 9 10 11 12 13 14 15 16 17 18 19 20 21 22 23 24 25 16 26 27 28 29 30 31 32 33 34 26 35 36 37 38 39 35 40 41 42 43 40 44 45 46 47 48 49 50 44 15 51 52 53 54 55 56 0 16 64 880 880 64 879 879 64 908 908 64 513 513 64 915 915 64 916 916 61 917 917 61 918 918 919 919 61 920 920 64 873 873 64 874 874 58 921 921 64 882 882 64 922 922 64 923 923 64 883 883 64 924 924 64 912 912 64 902 902 64 901 901 64 900 900 61 899 899 64 881 881 64 885 885 64 903 903 64 904 904 64 905 905 64 907 907 64 906 906 64 23 871 925 926 85 909 86 87 88 89 90 91 92 93 94 95 96 96 96 96 96 96 96 96 96 96 96 96 97 98 99 100 218 219 277 139 138 140 141 101 56 108 109 110 85 2 111 112 113 114 115 116 117 118 85
https://amazingribs.com/tested-recipes/snacks-and-munchies-recipes/smoked-jalapeno-poppers-recipe/
915:  0 1 2 3 3 2 4 5 6 7 8 9 10 11 12 13 14 15 16 17 18 19 20 21 22 23 24 25 16 26 27 28 29 30 31 32 33 34 26 35 36 37 38 39 35 40 41 42 43 40 44 45 46 47 48 49 50 44 15 51 52 53 54 55 56 0 478 909 64 915 927 855 927 488 882 869 882 928 445 855 882 513 917 876 85 915 86 87 88 89 90 91 92 93 94 95 96 96 96 96 96 96 96 96 96 96 96 96 97 98 99 100 106 107 103 173 104 56 153 108 109 110 85 2 111 112 113 114 115 116 117 118 85
https://amazingribs.com/wprm_print/recipe/1711
927:  929 927 488 882 869 882 928 445
https://amazingribs.com/tested-recipes/snacks-and-munchies-recipes/smoked-jalapeno-poppers-recipe
929:  0 1 2 3 3 2 4 5 6 7 8 9 10 11 12 13 14 15 16 17 18 19 20 21 22 23 24 25 16 26 27 28 29 30 31 32 33 34 26 35 36 37 38 39 35 40 41 42 43 40 44 45 46 47 48 49 50 44 15 51 52 53 54 55 56 0 478 909 64 929 927 855 927 488 882 869 882 928 445 855 882 513 917 876 85 929 86 87 88 89 90 91 92 93 94 95 96 96 96 96 96 96 96 96 96 96 96 96 97 98 99 100 106 107 103 173 104 56 153 108 109 110 85 2 111 112 113 114 115 116 117 118 85
https://amazingribs.com/tested-recipes/snacks-and-munchies/smoked-bacon-wrapped-jalapeno-poppers/
916:  0 1 2 3 3 2 4 5 6 7 8 9 10 11 12 13 14 15 16 17 18 19 20 21 22 23 24 25 16 26 27 28 29 30 31 32 33 34 26 35 36 37 38 39 35 40 41 42 43 40 44 45 46 47 48 49 50 44 15 51 52 53 54 55 56 0 930 61 916 931 932 529 931 488 445 933 513 917 934 935 430 936 483 882 937 522 458 85 916 86 87 88 89 90 91 92 93 94 95 96 96 96 96 96 96 96 96 96 96 96 96 97 98 99 100 152 103 106 277 137 418 139 108 109 110 85 2 111 112 113 114 115 116 117 118 85
https://amazingribs.com/wprm_print/recipe/2147
931:  938 931 488 445 933
https://amazingribs.com/tested-recipes/snacks-and-munchies/smoked-bacon-wrapped-jalapeno-poppers
938:  0 1 2 3 3 2 4 5 6 7 8 9 10 11 12 13 14 15 16 17 18 19 20 21 22 23 24 25 16 26 27 28 29 30 31 32 33 34 26 35 36 37 38 39 35 40 41 42 43 40 44 45 46 47 48 49 50 44 15 51 52 53 54 55 56 0 930 61 938 931 932 529 931 488 445 933 513 917 934 935 430 936 483 882 937 522 458 85 938 86 87 88 89 90 91 92 93 94 95 96 96 96 96 96 96 96 96 96 96 96 96 97 98 99 100 152 103 106 277 137 418 139 108 109 110 85 2 111 112 113 114 115 116 117 118 85
https://amazingribs.com/tested-recipes/chicken-recipes/sweet-georgias-brown-smoked-yard-bird/
932:  0 1 2 3 3 2 4 5 6 7 8 9 10 11 12 13 14 15 16 17 18 19 20 21 22 23 24 25 16 26 27 28 29 30 31 32 33 34 26 35 36 37 38 39 35 40 41 42 43 40 44 45 46 47 48 49 50 44 15 51 52 53 54 55 56 0 478 804 64 932 939 939 488 491 940 441 941 942 589 621 445 611 621 441 943 944 85 932 86 87 88 89 90 91 92 93 94 95 96 96 96 96 96 96 96 96 96 96 96 96 97 98 99 100 101 152 139 138 104 105 140 141 108 109 110 85 2 111 112 113 114 115 116 117 118 85
https://amazingribs.com/wprm_print/recipe/1384
939:  945 939 488 491 940 441 941 942 589 621 445
https://amazingribs.com/tested-recipes/chicken-recipes/sweet-georgias-brown-smoked-yard-bird
945:  0 1 2 3 3 2 4 5 6 7 8 9 10 11 12 13 14 15 16 17 18 19 20 21 22 23 24 25 16 26 27 28 29 30 31 32 33 34 26 35 36 37 38 39 35 40 41 42 43 40 44 45 46 47 48 49 50 44 15 51 52 53 54 55 56 0 478 804 64 945 939 939 488 491 940 441 941 942 589 621 445 611 621 441 943 944 85 945 86 87 88 89 90 91 92 93 94 95 96 96 96 96 96 96 96 96 96 96 96 96 97 98 99 100 101 152 139 138 104 105 140 141 108 109 110 85 2 111 112 113 114 115 116 117 118 85
https://amazingribs.com/tested-recipes/spice-rubs-and-pastes/meatheads-memphis-dust-rub-recipe
940:  0 1 2 3 3 2 4 5 6 7 8 9 10 11 12 13 14 15 16 17 18 19 20 21 22 23 24 25 16 26 27 28 29 30 31 32 33 34 26 35 36 37 38 39 35 40 41 42 43 40 44 45 46 47 48 49 50 44 15 51 52 53 54 55 56 0 478 946 64 940 947 948 630 949 69 529 949 947 488 490 855 854 950 951 869 952 466 949 854 69 529 816 953 954 955 956 70 957 423 958 943 73 959 960 458 932 432 430 425 961 962 417 85 940 86 87 88 89 90 91 92 93 94 95 96 96 96 96 96 96 96 96 96 96 96 96 97 98 99 100 102 152 56 173 106 153 105 108 109 110 85 2 111 112 113 114 115 116 117 118 85
https://amazingribs.com/tested-recipes/pork-recipes/sous-vide-que-pork-loin-recipe/
960:  0 1 2 3 3 2 4 5 6 7 8 9 10 11 12 13 14 15 16 17 18 19 20 21 22 23 24 25 16 26 27 28 29 30 31 32 33 34 26 35 36 37 38 39 35 40 41 42 43 40 44 45 46 47 48 49 50 44 15 51 52 53 54 55 56 0 478 963 61 960 964 75 965 122 85 964 488 491 441 491 966 967 445 441 463 441 445 822 968 969 471 423 860 970 595 971 85 960 86 87 88 89 90 91 92 93 94 95 96 96 96 96 96 96 96 96 96 96 96 96 97 98 99 100 56 139 277 102 106 140 141 104 108 109 110 85 2 111 112 113 114 115 116 117 118 85
https://amazingribs.com/category/tested-recipes/pork-chops-pulled-pork-ham-and-more-pork-recipes/
963:  0 1 2 3 3 2 4 5 6 7 8 9 10 11 12 13 14 15 16 17 18 19 20 21 22 23 24 25 16 26 27 28 29 30 31 32 33 34 26 35 36 37 38 39 35 40 41 42 43 40 44 45 46 47 48 49 50 44 15 51 52 53 54 55 56 0 16 64 2 421 421 64 417 417 64 476 476 64 475 475 64 529 529 64 473 473 64 456 456 64 972 972 64 499 499 64 436 436 64 472 472 61 466 466 64 970 970 61 943 943 61 459 459 64 579 579 64 973 973 61 860 860 61 974 974 64 471 471 58 975 975 64 960 960 61 463 463 64 918 918 483 483 64 62 62 61 481 481 64 482 482 64 496 496 64 969 969 61 976 976 58 977 977 58 457 457 64 497 497 978 978 498 498 64 979 979 61 980 980 64 981 981 61 982 982 64 521 521 58 458 458 64 983 983 64 421 85 963 86 87 88 89 90 91 92 93 94 95 96 96 96 96 96 96 96 96 96 96 96 96 97 98 99 100 105 153 138 56 137 101 107 108 109 110 85 2 111 112 113 114 115 116 117 118 85
https://amazingribs.com/tested-recipes/pork-recipes/ultimate-smoked-ham-recipe/
972:  0 1 2 3 3 2 4 5 6 7 8 9 10 11 12 13 14 15 16 17 18 19 20 21 22 23 24 25 16 26 27 28 29 30 31 32 33 34 26 35 36 37 38 39 35 40 41 42 43 40 44 45 46 47 48 49 50 44 15 51 52 53 54 55 56 0 478 963 64 972 984 985 986 987 532 459 85 984 488 988 989 990 990 445 607 893 991 668 992 676 676 990 445 459 993 994 995 996 552 997 998 542 999 1000 216 579 1001 460 85 972 86 87 88 89 90 91 92 93 94 95 96 96 96 96 96 96 96 96 96 96 96 96 97 98 99 100 218 219 138 137 152 153 104 139 108 109 110 85 2 111 112 113 114 115 116 117 118 85
https://amazingribs.com/tested-recipes/potato-recipes/grilled-sweet-potato-fries-recipe/
993:  0 1 2 3 3 2 4 5 6 7 8 9 10 11 12 13 14 15 16 17 18 19 20 21 22 23 24 25 16 26 27 28 29 30 31 32 33 34 26 35 36 37 38 39 35 40 41 42 43 40 44 45 46 47 48 49 50 44 15 51 52 53 54 55 56 0 478 1002 64 993 1003 461 1003 488 489 491 952 445 994 995 68 540 1004 1005 972 844 1006 1007 1008 85 993 86 87 88 89 90 91 92 93 94 95 96 96 96 96 96 96 96 96 96 96 96 96 97 98 99 100 102 105 101 137 418 106 140 141 108 109 110 85 2 111 112 113 114 115 116 117 118 85
https://amazingribs.com/category/tested-recipes/potato-recipes/
1002:  0 1 2 3 3 2 4 5 6 7 8 9 10 11 12 13 14 15 16 17 18 19 20 21 22 23 24 25 16 26 27 28 29 30 31 32 33 34 26 35 36 37 38 39 35 40 41 42 43 40 44 45 46 47 48 49 50 44 15 51 52 53 54 55 56 0 16 64 68 68 64 996 996 64 1005 1005 64 217 217 64 1009 1009 64 1010 1010 64 510 510 64 1011 1011 64 1012 1012 64 545 545 64 1013 1013 64 67 67 58 1014 1014 64 1015 1015 64 1004 1004 64 1016 1016 64 993 993 64 540 540 61 995 995 61 994 994 61 505 23 1017 85 1002 86 87 88 89 90 91 92 93 94 95 96 96 96 96 96 96 96 96 96 96 96 96 97 98 99 100 218 219 138 153 106 104 56 152 108 109 110 85 2 111 112 113 114 115 116 117 118 85
https://amazingribs.com/tested-recipes/potato-recipes/great-greek-potatoes-recipe/
1010:  0 1 2 3 3 2 4 5 6 7 8 9 10 11 12 13 14 15 16 17 18 19 20 21 22 23 24 25 16 26 27 28 29 30 31 32 33 34 26 35 36 37 38 39 35 40 41 42 43 40 44 45 46 47 48 49 50 44 15 51 52 53 54 55 56 0 478 1002 64 1010 1018 85 1018 488 68 854 491 491 445 68 854 1014 1004 1013 1011 545 85 1010 86 87 88 89 90 91 92 93 94 95 96 96 96 96 96 96 96 96 96 96 96 96 97 98 99 100 56 173 103 152 102 104 140 141 108 109 110 85 2 111 112 113 114 115 116 117 118 85
https://amazingribs.com/wprm_print/recipe/1637
1018:  1019 1018 488 68 854 491 491 445
https://amazingribs.com/tested-recipes/potato-recipes/great-greek-potatoes-recipe
1019:  0 1 2 3 3 2 4 5 6 7 8 9 10 11 12 13 14 15 16 17 18 19 20 21 22 23 24 25 16 26 27 28 29 30 31 32 33 34 26 35 36 37 38 39 35 40 41 42 43 40 44 45 46 47 48 49 50 44 15 51 52 53 54 55 56 0 478 1002 64 1019 1018 85 1018 488 68 854 491 491 445 68 854 1014 1004 1013 1011 545 85 1019 86 87 88 89 90 91 92 93 94 95 96 96 96 96 96 96 96 96 96 96 96 96 97 98 99 100 56 173 103 152 102 104 140 141 108 109 110 85 2 111 112 113 114 115 116 117 118 85
https://amazingribs.com/tested-recipes/potato-recipes/mayo-mojo-potato-salad-recipe/
1011:  0 1 2 3 3 2 4 5 6 7 8 9 10 11 12 13 14 15 16 17 18 19 20 21 22 23 24 25 16 26 27 28 29 30 31 32 33 34 26 35 36 37 38 39 35 40 41 42 43 40 44 45 46 47 48 49 50 44 15 51 52 53 54 55 56 0 1020 64 1011 1021 576 1021 488 491 576 868 68 68 576 1014 67 1015 1012 1010 1013 545 85 1011 86 87 88 89 90 91 92 93 94 95 96 96 96 96 96 96 96 96 96 96 96 96 97 98 99 100 138 418 137 106 105 140 141 104 108 109 110 85 2 111 112 113 114 115 116 117 118 1022 85 3
https://amazingribs.com/category/pitmaster-club-members-only/
1020:  0 1 2 3 3 2 4 5 6 7 8 9 10 11 12 13 14 15 16 17 18 19 20 21 22 23 24 25 16 26 27 28 29 30 31 32 33 34 26 35 36 37 38 39 35 40 41 42 43 40 44 45 46 47 48 49 50 44 15 51 52 53 54 55 56 0 62 62 61 961 961 64 548 548 58 822 822 61 426 426 64 982 982 64 838 838 64 66 66 64 935 935 61 1023 1023 61 1024 1024 759 1025 1025 64 549 549 64 1026 1026 64 1027 1027 759 822 822 61 1013 1013 64 1011 1011 64 1028 1028 570 906 906 64 66 66 64 437 437 64 576 576 64 517 517 79 537 537 64 1029 1030 1031 1029 85 1020 86 87 88 89 90 91 92 93 94 95 96 96 96 96 96 96 96 96 96 96 96 96 97 98 99 100 152 105 102 137 103 107 56 108 109 110 85 2 111 112 113 114 115 116 117 118 85
https://amazingribs.com/tested-recipes/dessert-recipes/barbecued-ice-cream-dessert-recipe/
1024:  0 1 2 3 3 2 4 5 6 7 8 9 10 11 12 13 14 15 16 17 18 19 20 21 22 23 24 25 16 26 27 28 29 30 31 32 33 34 26 35 36 37 38 39 35 40 41 42 43 40 44 45 46 47 48 49 50 44 15 51 52 53 54 55 56 0 1020 759 1024 1032 1032 488 1033 553 1000 1034 1035 57 1036 1037 1038 1039 85 1024 86 87 88 89 90 91 92 93 94 95 96 96 96 96 96 96 96 96 96 96 96 96 97 98 99 100 140 141 152 101 137 107 173 106 108 109 110 85 2 111 112 113 114 115 116 117 118 1022 85 3
https://amazingribs.com/tested-recipes/other-fun-food-recipes/sexy-smoked-cream-tomato-soup-recipe/
1025:  0 1 2 3 3 2 4 5 6 7 8 9 10 11 12 13 14 15 16 17 18 19 20 21 22 23 24 25 16 26 27 28 29 30 31 32 33 34 26 35 36 37 38 39 35 40 41 42 43 40 44 45 46 47 48 49 50 44 15 51 52 53 54 55 56 0 1020 64 1025 1040 1041 1042 538 1040 488 558 558 1041 1042 538 558 516 1043 1044 509 1045 85 1025 86 87 88 89 90 91 92 93 94 95 96 96 96 96 96 96 96 96 96 96 96 96 97 98 99 100 138 104 140 141 137 277 218 219 105 108 109 110 85 2 111 112 113 114 115 116 117 118 1022 85 3
https://amazingribs.com/tested-recipes/seafood-recipes/lobster-bisque/
1026:  0 1 2 3 3 2 4 5 6 7 8 9 10 11 12 13 14 15 16 17 18 19 20 21 22 23 24 25 16 26 27 28 29 30 31 32 33 34 26 35 36 37 38 39 35 40 41 42 43 40 44 45 46 47 48 49 50 44 15 51 52 53 54 55 56 0 1020 64 1026 1046 1046 488 1047 1048 821 85 1026 86 87 88 89 90 91 92 93 94 95 96 96 96 96 96 96 96 96 96 96 96 96 97 98 99 100 153 140 141 56 173 418 103 218 219 108 109 110 85 2 111 112 113 114 115 116 117 118 1022 85 3
https://amazingribs.com/tested-recipes/chicken-recipes/jamaican-sticky-drumsticks-recipe/
1028:  0 1 2 3 3 2 4 5 6 7 8 9 10 11 12 13 14 15 16 17 18 19 20 21 22 23 24 25 16 26 27 28 29 30 31 32 33 34 26 35 36 37 38 39 35 40 41 42 43 40 44 45 46 47 48 49 50 44 15 51 52 53 54 55 56 0 478 1049 570 1028 1050 242 1051 1050 488 889 891 1052 807 491 491 445 1053 1054 968 535 1055 1056 877 163 85 1028 86 87 88 89 90 91 92 93 94 95 96 96 96 96 96 96 96 96 96 96 96 96 97 98 99 100 153 140 141 107 106 102 104 218 219 108 109 110 85 2 111 112 113 114 115 116 117 118 1022 85 3
https://amazingribs.com/members-only-content/page/2/
1029:  0 1 2 3 3 2 4 5 6 7 8 9 10 11 12 13 14 15 16 17 18 19 20 21 22 23 24 25 16 26 27 28 29 30 31 32 33 34 26 35 36 37 38 39 35 40 41 42 43 40 44 45 46 47 48 49 50 44 15 51 52 53 54 55 56 0 651 651 64 43 43 64 1057 1057 763 1058 1058 64 1023 1023 61 1059 1059 58 1060 1060 61 903 903 64 981 981 61 843 843 150 1061 1061 58 969 969 61 72 72 61 548 548 58 1062 1062 61 1063 1063 1030 1031 1030 85 1029 86 87 88 89 90 91 92 93 94 95 96 96 96 96 96 96 96 96 96 96 96 96 97 98 99 100 102 56 104 139 101 106 277 108 109 110 85 2 111 112 113 114 115 116 117 118 85
https://amazingribs.com/members-only-content/page/3/
1030:  0 1 2 3 3 2 4 5 6 7 8 9 10 11 12 13 14 15 16 17 18 19 20 21 22 23 24 25 16 26 27 28 29 30 31 32 33 34 26 35 36 37 38 39 35 40 41 42 43 40 44 45 46 47 48 49 50 44 15 51 52 53 54 55 56 0 1048 1048 61 1064 1064 61 62 62 61 543 543 64 1065 1065 64 961 961 64 982 982 64 1066 1066 64 1067 1067 64 935 935 61 573 573 64 1068 1068 64 497 497 426 426 64 838 838 64 1029 1063 1029 1031 1031 85 1030 86 87 88 89 90 91 92 93 94 95 96 96 96 96 96 96 96 96 96 96 96 96 97 98 99 100 102 103 137 418 56 140 141 101 108 109 110 85 2 111 112 113 114 115 116 117 118 85
https://amazingribs.com/members-only-content/page/4/
1031:  0 1 2 3 3 2 4 5 6 7 8 9 10 11 12 13 14 15 16 17 18 19 20 21 22 23 24 25 16 26 27 28 29 30 31 32 33 34 26 35 36 37 38 39 35 40 41 42 43 40 44 45 46 47 48 49 50 44 15 51 52 53 54 55 56 0 1069 1069 64 1030 1063 1029 1030 85 1031 86 87 88 89 90 91 92 93 94 95 96 96 96 96 96 96 96 96 96 96 96 96 97 98 99 100 137 173 418 106 56 105 104 108 109 110 85 2 111 112 113 114 115 116 117 118 85
https://amazingribs.com/wprm_print/recipe/1639
1021:  1070 1021 488 491 576 868 68
https://amazingribs.com/tested-recipes/potato-recipes/mayo-mojo-potato-salad-recipe
1070:  0 1 2 3 3 2 4 5 6 7 8 9 10 11 12 13 14 15 16 17 18 19 20 21 22 23 24 25 16 26 27 28 29 30 31 32 33 34 26 35 36 37 38 39 35 40 41 42 43 40 44 45 46 47 48 49 50 44 15 51 52 53 54 55 56 0 1020 64 1070 1021 576 1021 488 491 576 868 68 68 576 1014 67 1015 1012 1010 1013 545 85 1070 86 87 88 89 90 91 92 93 94 95 96 96 96 96 96 96 96 96 96 96 96 96 97 98 99 100 152 105 101 137 56 139 102 108 109 110 85 2 111 112 113 114 115 116 117 118 1022 85 3
https://amazingribs.com/tested-recipes/potato-recipes/oktoberfest-hot-german-potato-salad-recipe/
1012:  0 1 2 3 3 2 4 5 6 7 8 9 10 11 12 13 14 15 16 17 18 19 20 21 22 23 24 25 16 26 27 28 29 30 31 32 33 34 26 35 36 37 38 39 35 40 41 42 43 40 44 45 46 47 48 49 50 44 15 51 52 53 54 55 56 0 478 524 64 1012 1071 1072 85 1071 488 68 491 1073 868 1074 510 1014 67 1011 68 618 1015 1013 545 85 1012 86 87 88 89 90 91 92 93 94 95 96 96 96 96 96 96 96 96 96 96 96 96 97 98 99 100 173 218 219 138 137 104 277 101 108 109 110 85 2 111 112 113 114 115 116 117 118 85
https://amazingribs.com/tested-recipes/sausage-recipes/touchdown-tailgate-brat-tub-recipe/
1072:  0 1 2 3 3 2 4 5 6 7 8 9 10 11 12 13 14 15 16 17 18 19 20 21 22 23 24 25 16 26 27 28 29 30 31 32 33 34 26 35 36 37 38 39 35 40 41 42 43 40 44 45 46 47 48 49 50 44 15 51 52 53 54 55 56 0 930 64 1072 1075 1076 1077 1078 1079 187 1075 488 528 1080 855 445 545 1012 1081 1082 664 522 1060 85 1072 86 87 88 89 90 91 92 93 94 95 96 96 96 96 96 96 96 96 96 96 96 96 97 98 99 100 104 105 103 137 218 219 152 107 108 109 110 85 2 111 112 113 114 115 116 117 118 85
https://amazingribs.com/wprm_print/recipe/1509
1075:  1083 1075 488 528 1080 855 445 545 1012
https://amazingribs.com/tested-recipes/hot-dog-recipes
1079:  0 1 2 3 3 2 4 5 6 7 8 9 10 11 12 13 14 15 16 17 18 19 20 21 22 23 24 25 16 26 27 28 29 30 31 32 33 34 26 35 36 37 38 39 35 40 41 42 43 40 44 45 46 47 48 49 50 44 15 51 52 53 54 55 56 0 16 64 858 858 64 1084 1084 64 1085 1085 64 1086 1086 64 1065 1065 64 1087 1087 64 1088 1088 64 979 979 61 1066 1066 64 850 850 64 1089 1089 64 1090 1090 64 851 1091 849 1092 1093 1094 562 1080 839 476 498 1095 85 1079 86 87 88 89 90 91 92 93 94 95 96 96 96 96 96 96 96 96 96 96 96 96 97 1096 98 99 100 139 56 105 277 138 173 218 219 108 109 110 85 2 111 112 113 114 115 116 117 118 85
https://amazingribs.com/more-technique-and-science/more-ingredients-glossaries/science-mustards/
1080:  0 1 2 3 3 2 4 5 6 7 8 9 10 11 12 13 14 15 16 17 18 19 20 21 22 23 24 25 16 26 27 28 29 30 31 32 33 34 26 35 36 37 38 39 35 40 41 42 43 40 44 45 46 47 48 49 50 44 15 51 52 53 54 55 56 0 584 1097 64 855 1098 1099 987 1100 1101 987 1102 1103 460 987 562 962 883 923 922 1104 1105 858 1084 818 1106 85 1080 86 87 88 89 90 91 92 93 94 95 96 96 96 96 96 96 96 96 96 96 96 96 97 98 99 100 140 141 101 139 153 138 107 218 219 108 109 110 85 2 111 112 113 114 115 116 117 118 85
https://amazingribs.com/tested-recipes/sausage-recipes/homemade-bratwurst-recipe/
1081:  0 1 2 3 3 2 4 5 6 7 8 9 10 11 12 13 14 15 16 17 18 19 20 21 22 23 24 25 16 26 27 28 29 30 31 32 33 34 26 35 36 37 38 39 35 40 41 42 43 40 44 45 46 47 48 49 50 44 15 51 52 53 54 55 56 0 478 804 763 1081 1107 1072 1107 488 491 491 1108 1109 1108 1072 1109 866 856 886 958 1069 1110 1060 1111 85 1081 86 87 88 89 90 91 92 93 94 95 96 96 96 96 96 96 96 96 96 96 96 96 97 98 99 100 218 219 139 152 277 140 141 104 56 108 109 110 85 2 111 112 113 114 115 116 117 118 85
https://amazingribs.com/tailgating-and-camping-checklist/
1082:  0 1 2 3 3 2 4 5 6 7 8 9 10 11 12 13 14 15 16 17 18 19 20 21 22 23 24 25 16 26 27 28 29 30 31 32 33 34 26 35 36 37 38 39 35 40 41 42 43 40 44 45 46 47 48 49 50 44 15 51 52 53 54 55 56 0 584 1112 64 957 688 591 578 462 1113 1114 1115 1116 688 1116 1117 1118 1119 1120 0 1121 1122 1123 562 561 878 871 855 855 889 1124 1125 1126 1126 1127 1116 462 1116 1116 664 0 1128 1129 615 1130 676 1131 1132 1133 1134 1135 1136 510 1137 880 1133 1138 1139 1140 1139 1141 618 664 1072 1142 0 1116 1143 32 85 1082 86 87 88 89 90 91 92 93 94 95 96 96 96 96 96 96 96 96 96 96 96 96 97 1144 98 99 100 107 152 103 418 105 137 138 108 109 110 85 2 111 112 113 114 115 116 117 118 85
https://amazingribs.com/more-technique-and-science/more-ingredients-glossaries/science-salt
1073:  0 1 2 3 3 2 4 5 6 7 8 9 10 11 12 13 14 15 16 17 18 19 20 21 22 23 24 25 16 26 27 28 29 30 31 32 33 34 26 35 36 37 38 39 35 40 41 42 43 40 44 45 46 47 48 49 50 44 15 51 52 53 54 55 56 0 478 864 64 211 1145 1146 1147 1148 1149 456 216 834 1150 216 1151 621 1152 1153 1154 1155 691 723 589 211 216 1156 621 949 646 1149 548 24 581 85 1073 86 87 88 89 90 91 92 93 94 95 96 96 96 96 96 96 96 96 96 96 96 96 97 1157 98 99 100 152 277 218 219 173 102 101 56 108 109 110 85 2 111 112 113 114 115 116 117 118 85
https://amazingribs.com/tested-recipes/salting-brining-curing-and-injecting/seasoned-salt-recipe/
1149:  0 1 2 3 3 2 4 5 6 7 8 9 10 11 12 13 14 15 16 17 18 19 20 21 22 23 24 25 16 26 27 28 29 30 31 32 33 34 26 35 36 37 38 39 35 40 41 42 43 40 44 45 46 47 48 49 50 44 15 51 52 53 54 55 56 0 584 1158 64 1149 1159 1159 488 491 491 1160 944 85 1149 86 87 88 89 90 91 92 93 94 95 96 96 96 96 96 96 96 96 96 96 96 96 97 98 99 100 218 219 139 107 138 418 104 103 108 109 110 85 2 111 112 113 114 115 116 117 118 85
https://amazingribs.com/new-data-about-nitrites-and-nitrates-cured-meats/
1150:  0 1 2 3 3 2 4 5 6 7 8 9 10 11 12 13 14 15 16 17 18 19 20 21 22 23 24 25 16 26 27 28 29 30 31 32 33 34 26 35 36 37 38 39 35 40 41 42 43 40 44 45 46 47 48 49 50 44 15 51 52 53 54 55 56 0 584 1161 64 1162 1163 1164 1165 1166 1167 1168 1167 1169 1170 216 1171 688 1172 690 691 501 216 499 496 502 475 85 1150 86 87 88 89 90 91 92 93 94 95 96 96 96 96 96 96 96 96 96 96 96 96 97 98 99 100 101 140 141 173 153 418 107 106 108 109 110 85 2 111 112 113 114 115 116 117 118 85
https://amazingribs.com/tested-recipes/other-fun-food-recipes/how-boil-egg/
1074:  0 1 2 3 3 2 4 5 6 7 8 9 10 11 12 13 14 15 16 17 18 19 20 21 22 23 24 25 16 26 27 28 29 30 31 32 33 34 26 35 36 37 38 39 35 40 41 42 43 40 44 45 46 47 48 49 50 44 15 51 52 53 54 55 56 0 478 1173 64 1074 1174 1174 488 859 859 1175 1175 859 62 873 874 60 576 1176 85 1074 86 87 88 89 90 91 92 93 94 95 96 96 96 96 96 96 96 96 96 96 96 96 97 98 99 100 105 218 219 418 101 153 107 56 108 109 110 85 2 111 112 113 114 115 116 117 118 85
https://amazingribs.com/thermometers/norpro-5985/
1176:  0 1 2 3 3 2 4 5 6 7 8 9 10 11 12 13 14 15 16 17 18 19 20 21 22 23 24 25 16 26 27 28 29 30 31 32 33 34 26 35 36 37 38 39 35 40 41 42 43 40 44 45 46 47 48 49 50 44 15 51 52 53 54 55 56 0 174 175 673 1177 642 99 1178 85 1176 86 87 88 89 90 91 92 93 94 95 96 96 96 96 96 96 96 96 96 96 96 96 97 98 99 100 102 104 105 139 152 137 140 141 108 109 110 85 2 111 112 113 114 115 116 117 118 85
https://amazingribs.com/category/tested-recipes/other-fun-food-recipes/
1173:  0 1 2 3 3 2 4 5 6 7 8 9 10 11 12 13 14 15 16 17 18 19 20 21 22 23 24 25 16 26 27 28 29 30 31 32 33 34 26 35 36 37 38 39 35 40 41 42 43 40 44 45 46 47 48 49 50 44 15 51 52 53 54 55 56 0 16 64 862 862 64 1179 1179 64 1180 1180 64 915 915 64 937 937 64 1025 1025 64 582 582 64 1181 1181 64 926 926 64 571 571 64 548 548 58 997 997 64 998 998 64 500 500 64 541 541 64 519 519 64 518 518 61 1182 1182 64 508 508 64 509 509 61 1183 1183 61 1184 1184 58 1074 1074 64 790 790 64 1185 1185 79 1038 1038 61 1129 1129 64 1186 85 1173 86 87 88 89 90 91 92 93 94 95 96 96 96 96 96 96 96 96 96 96 96 96 97 98 99 100 277 104 137 152 138 218 219 56 108 109 110 85 2 111 112 113 114 115 116 117 118 85
https://amazingribs.com/wprm_print/recipe/1532
1174:  1187 1174 488 859 859 1175 1175
https://amazingribs.com/wprm_print/recipe/1636
1071:  1188 1071 488 68 491 1073 868 1074
https://amazingribs.com/tested-recipes/potato-recipes/oktoberfest-hot-german-potato-salad-recipe
1188:  0 1 2 3 3 2 4 5 6 7 8 9 10 11 12 13 14 15 16 17 18 19 20 21 22 23 24 25 16 26 27 28 29 30 31 32 33 34 26 35 36 37 38 39 35 40 41 42 43 40 44 45 46 47 48 49 50 44 15 51 52 53 54 55 56 0 478 524 64 1188 1071 1072 85 1071 488 68 491 1073 868 1074 510 1014 67 1011 68 618 1015 1013 545 85 1188 86 87 88 89 90 91 92 93 94 95 96 96 96 96 96 96 96 96 96 96 96 96 97 98 99 100 56 106 140 141 107 152 102 139 108 109 110 85 2 111 112 113 114 115 116 117 118 85
https://amazingribs.com/tested-recipes/potato-recipes/blue-cheese-potato-salad-recipe/
1013:  0 1 2 3 3 2 4 5 6 7 8 9 10 11 12 13 14 15 16 17 18 19 20 21 22 23 24 25 16 26 27 28 29 30 31 32 33 34 26 35 36 37 38 39 35 40 41 42 43 40 44 45 46 47 48 49 50 44 15 51 52 53 54 55 56 0 1020 64 1013 1189 1189 488 68 491 68 1011 1012 510 545 67 1014 1015 980 530 1010 85 1013 86 87 88 89 90 91 92 93 94 95 96 96 96 96 96 96 96 96 96 96 96 96 97 98 99 100 103 107 152 101 105 106 56 108 109 110 85 2 111 112 113 114 115 116 117 118 1022 85 3
https://amazingribs.com/wprm_print/recipe/1634
1189:  1190 1189 488 68 491
https://amazingribs.com/tested-recipes/potato-recipes/blue-cheese-potato-salad-recipe
1190:  0 1 2 3 3 2 4 5 6 7 8 9 10 11 12 13 14 15 16 17 18 19 20 21 22 23 24 25 16 26 27 28 29 30 31 32 33 34 26 35 36 37 38 39 35 40 41 42 43 40 44 45 46 47 48 49 50 44 15 51 52 53 54 55 56 0 1020 64 1190 1189 1189 488 68 491 68 1011 1012 510 545 67 1014 1015 980 530 1010 85 1190 86 87 88 89 90 91 92 93 94 95 96 96 96 96 96 96 96 96 96 96 96 96 97 98 99 100 103 107 152 101 105 106 56 108 109 110 85 2 111 112 113 114 115 116 117 118 1022 85 3
https://amazingribs.com/tested-recipes/potato-recipes/italian-pesto-potatoes-recipe/
1014:  0 1 2 3 3 2 4 5 6 7 8 9 10 11 12 13 14 15 16 17 18 19 20 21 22 23 24 25 16 26 27 28 29 30 31 32 33 34 26 35 36 37 38 39 35 40 41 42 43 40 44 45 46 47 48 49 50 44 15 51 52 53 54 55 56 0 478 1002 64 1014 1191 567 85 1191 488 68 567 491 491 889 68 567 510 1011 1005 1013 996 1012 1010 1192 1015 568 545 85 1014 86 87 88 89 90 91 92 93 94 95 96 96 96 96 96 96 96 96 96 96 96 96 97 98 99 100 107 153 277 418 152 218 219 104 108 109 110 85 2 111 112 113 114 115 116 117 118 85
https://amazingribs.com/wprm_print/recipe/1638
1191:  1193 1191 488 68 567 491 491 889
https://amazingribs.com/tested-recipes/potato-recipes/italian-pesto-potatoes-recipe
1193:  0 1 2 3 3 2 4 5 6 7 8 9 10 11 12 13 14 15 16 17 18 19 20 21 22 23 24 25 16 26 27 28 29 30 31 32 33 34 26 35 36 37 38 39 35 40 41 42 43 40 44 45 46 47 48 49 50 44 15 51 52 53 54 55 56 0 478 1002 64 1193 1191 567 85 1191 488 68 567 491 491 889 68 567 510 1011 1005 1013 996 1012 1010 1192 1015 568 545 85 1193 86 87 88 89 90 91 92 93 94 95 96 96 96 96 96 96 96 96 96 96 96 96 97 98 99 100 107 153 277 418 152 218 219 104 108 109 110 85 2 111 112 113 114 115 116 117 118 85
https://amazingribs.com/tested-recipes/potato-recipes/syracuse-salt-potatoes-recipe/
1015:  0 1 2 3 3 2 4 5 6 7 8 9 10 11 12 13 14 15 16 17 18 19 20 21 22 23 24 25 16 26 27 28 29 30 31 32 33 34 26 35 36 37 38 39 35 40 41 42 43 40 44 45 46 47 48 49 50 44 15 51 52 53 54 55 56 0 478 1002 64 1015 1194 1195 121 535 838 934 1004 1194 488 491 491 68 68 996 1013 1005 1012 1014 510 1011 599 85 1015 86 87 88 89 90 91 92 93 94 95 96 96 96 96 96 96 96 96 96 96 96 96 97 98 99 100 106 418 101 137 107 173 277 108 109 110 85 2 111 112 113 114 115 116 117 118 85
https://amazingribs.com/wprm_print/recipe/1643
1194:  1196 1194 488 491 491 68
https://amazingribs.com/tested-recipes/potato-recipes/syracuse-salt-potatoes-recipe
1196:  0 1 2 3 3 2 4 5 6 7 8 9 10 11 12 13 14 15 16 17 18 19 20 21 22 23 24 25 16 26 27 28 29 30 31 32 33 34 26 35 36 37 38 39 35 40 41 42 43 40 44 45 46 47 48 49 50 44 15 51 52 53 54 55 56 0 478 1002 64 1196 1194 1195 121 535 838 934 1004 1194 488 491 491 68 68 996 1013 1005 1012 1014 510 1011 599 85 1196 86 87 88 89 90 91 92 93 94 95 96 96 96 96 96 96 96 96 96 96 96 96 97 98 99 100 107 152 173 137 140 141 138 153 108 109 110 85 2 111 112 113 114 115 116 117 118 85
https://amazingribs.com/tested-recipes/potato-recipes/crispy-and-creamy-potato-pancakes-latkes/
1016:  0 1 2 3 3 2 4 5 6 7 8 9 10 11 12 13 14 15 16 17 18 19 20 21 22 23 24 25 16 26 27 28 29 30 31 32 33 34 26 35 36 37 38 39 35 40 41 42 43 40 44 45 46 47 48 49 50 44 15 51 52 53 54 55 56 0 478 1002 64 1016 1197 34 1198 85 1197 488 68 1199 1199 491 491 889 550 68 1104 597 813 85 1016 86 87 88 89 90 91 92 93 94 95 96 96 96 96 96 96 96 96 96 96 96 96 97 98 99 100 102 106 418 218 219 107 103 105 108 109 110 85 2 111 112 113 114 115 116 117 118 85
https://amazingribs.com/wprm_print/recipe/1641
1197:  1200 1197 488 68 1199 1199 491 491 889
https://amazingribs.com/tested-recipes/potato-recipes/crispy-and-creamy-potato-pancakes-latkes
1200:  0 1 2 3 3 2 4 5 6 7 8 9 10 11 12 13 14 15 16 17 18 19 20 21 22 23 24 25 16 26 27 28 29 30 31 32 33 34 26 35 36 37 38 39 35 40 41 42 43 40 44 45 46 47 48 49 50 44 15 51 52 53 54 55 56 0 478 1002 64 1200 1197 34 1198 85 1197 488 68 1199 1199 491 491 889 550 68 1104 597 813 85 1200 86 87 88 89 90 91 92 93 94 95 96 96 96 96 96 96 96 96 96 96 96 96 97 98 99 100 102 106 418 218 219 107 103 105 108 109 110 85 2 111 112 113 114 115 116 117 118 85
https://amazingribs.com/taxonomy/term/182
1198:  0 1 2 3 3 2 4 5 6 7 8 9 10 11 12 13 14 15 16 17 18 19 20 21 22 23 24 25 16 26 27 28 29 30 31 32 33 34 26 35 36 37 38 39 35 40 41 42 43 40 44 45 46 47 48 49 50 44 15 51 52 53 54 55 56 0 61 440 2 472 472 61 1201 1201 61 825 825 61 432 432 61 1055 1055 760 1202 1202 61 1203 1203 64 1204 1204 64 1205 1205 64 1206 1206 61 789 789 61 1207 1207 61 1208 1208 64 1209 1209 64 440 440 64 85 1198 86 87 88 89 90 91 92 93 94 95 96 96 96 96 96 96 96 96 96 96 96 96 97 98 99 100 56 139 277 102 138 140 141 107 108 109 110 85 2 111 112 113 114 115 116 117 118 85
https://amazingribs.com/tested-recipes/chicken-recipes/smokey-ds-competition-chicken/
1201:  0 1 2 3 3 2 4 5 6 7 8 9 10 11 12 13 14 15 16 17 18 19 20 21 22 23 24 25 16 26 27 28 29 30 31 32 33 34 26 35 36 37 38 39 35 40 41 42 43 40 44 45 46 47 48 49 50 44 15 51 52 53 54 55 56 0 1210 61 1201 1211 1198 1212 1213 1211 488 1214 1215 1216 1217 1218 1219 445 1220 1221 766 1222 1223 1055 825 472 432 1205 1204 1202 1206 1207 1224 1225 85 1201 86 87 88 89 90 91 92 93 94 95 96 96 96 96 96 96 96 96 96 96 96 96 97 98 99 100 103 101 153 102 56 139 104 108 109 110 85 2 111 112 113 114 115 116 117 118 85
https://amazingribs.com/bbq-contest-checklist/
1202:  0 1 2 3 3 2 4 5 6 7 8 9 10 11 12 13 14 15 16 17 18 19 20 21 22 23 24 25 16 26 27 28 29 30 31 32 33 34 26 35 36 37 38 39 35 40 41 42 43 40 44 45 46 47 48 49 50 44 15 51 52 53 54 55 56 0 1210 61 1226 1227 1226 1228 1205 1204 1223 432 1055 1206 472 1201 85 1202 86 87 88 89 90 91 92 93 94 95 96 96 96 96 96 96 96 96 96 96 96 96 97 98 99 100 102 106 137 107 218 219 105 139 108 109 110 85 2 111 112 113 114 115 116 117 118 85
https://amazingribs.com/links-our-favorite-websites/barbecue-grilling-and-judging-classes/
1203:  0 1 2 3 3 2 4 5 6 7 8 9 10 11 12 13 14 15 16 17 18 19 20 21 22 23 24 25 16 26 27 28 29 30 31 32 33 34 26 35 36 37 38 39 35 40 41 42 43 40 44 45 46 47 48 49 50 44 15 51 52 53 54 55 56 0 1210 64 1203 1203 1229 1230 1231 1232 1233 1234 1235 1235 1113 1236 1237 1238 1239 1240 1241 1242 1243 1244 1245 1240 1246 1247 1248 1249 1250 135 1251 135 1252 1253 135 1254 1255 1256 1257 1258 1259 1260 1261 1262 1263 1264 1265 1266 85 1203 86 87 88 89 90 91 92 93 94 95 96 96 96 96 96 96 96 96 96 96 96 96 97 98 99 100 139 138 218 219 153 107 137 101 108 109 110 85 2 111 112 113 114 115 116 117 118 85
https://amazingribs.com/bbq-and-grilling-competitions/dont-try-cook-way-they-cook-bbq-competitions/
1204:  0 1 2 3 3 2 4 5 6 7 8 9 10 11 12 13 14 15 16 17 18 19 20 21 22 23 24 25 16 26 27 28 29 30 31 32 33 34 26 35 36 37 38 39 35 40 41 42 43 40 44 45 46 47 48 49 50 44 15 51 52 53 54 55 56 0 1210 64 1267 1268 1269 1055 669 1270 1271 251 440 1206 1202 789 1055 472 825 1201 432 40 85 1204 86 87 88 89 90 91 92 93 94 95 96 96 96 96 96 96 96 96 96 96 96 96 97 98 99 100 138 103 105 153 101 107 140 141 108 109 110 85 2 111 112 113 114 115 116 117 118 85
https://amazingribs.com/barbecue-history-and-culture/history-barbecue-competitions/
1205:  0 1 2 3 3 2 4 5 6 7 8 9 10 11 12 13 14 15 16 17 18 19 20 21 22 23 24 25 16 26 27 28 29 30 31 32 33 34 26 35 36 37 38 39 35 40 41 42 43 40 44 45 46 47 48 49 50 44 15 51 52 53 54 55 56 0 278 64 891 1272 1273 1223 1274 1223 1208 1206 1202 1207 789 1055 472 825 1201 432 1275 85 1205 86 87 88 89 90 91 92 93 94 95 96 96 96 96 96 96 96 96 96 96 96 96 97 1276 1277 1278 1279 1280 1281 1282 98 99 100 140 141 138 137 102 173 218 219 101 108 109 110 85 2 111 112 113 114 115 116 117 118 85
https://amazingribs.com/bbq-and-grilling-competitions/my-journey-judging-barbecue/
1206:  0 1 2 3 3 2 4 5 6 7 8 9 10 11 12 13 14 15 16 17 18 19 20 21 22 23 24 25 16 26 27 28 29 30 31 32 33 34 26 35 36 37 38 39 35 40 41 42 43 40 44 45 46 47 48 49 50 44 15 51 52 53 54 55 56 0 278 61 1283 1284 615 1125 443 37 1285 1055 472 432 825 1223 2 1286 1287 1288 1289 1204 42 1290 1205 1202 1204 472 432 1055 1223 1207 1201 85 1206 86 87 88 89 90 91 92 93 94 95 96 96 96 96 96 96 96 96 96 96 96 96 97 98 99 100 56 138 137 152 173 218 219 107 108 109 110 85 2 111 112 113 114 115 116 117 118 85
https://amazingribs.com/bbq-and-grilling-competitions/behind-scenes-real-iron-chef-part-1/
1208:  0 1 2 3 3 2 4 5 6 7 8 9 10 11 12 13 14 15 16 17 18 19 20 21 22 23 24 25 16 26 27 28 29 30 31 32 33 34 26 35 36 37 38 39 35 40 41 42 43 40 44 45 46 47 48 49 50 44 15 51 52 53 54 55 56 0 1210 64 1291 1285 1292 1293 1294 1223 1295 1296 1297 1269 1298 1299 1300 688 1301 1268 1302 215 1303 443 1304 1209 1055 40 85 1208 86 87 88 89 90 91 92 93 94 95 96 96 96 96 96 96 96 96 96 96 96 96 97 98 99 100 105 139 56 152 104 137 173 108 109 110 85 2 111 112 113 114 115 116 117 118 85
https://amazingribs.com/bbq-and-grilling-competitions/behind-scenes-real-iron-chef-part-2/
1209:  0 1 2 3 3 2 4 5 6 7 8 9 10 11 12 13 14 15 16 17 18 19 20 21 22 23 24 25 16 26 27 28 29 30 31 32 33 34 26 35 36 37 38 39 35 40 41 42 43 40 44 45 46 47 48 49 50 44 15 51 52 53 54 55 56 0 1210 64 1209 1305 1306 1307 1308 1309 1113 1310 421 1311 1208 1055 40 85 1209 86 87 88 89 90 91 92 93 94 95 96 96 96 96 96 96 96 96 96 96 96 96 97 98 99 100 418 137 277 56 106 105 102 108 109 110 85 2 111 112 113 114 115 116 117 118 85
https://amazingribs.com/more-technique-and-science/more-ingredients-glossaries/science-flour/
1199:  0 1 2 3 3 2 4 5 6 7 8 9 10 11 12 13 14 15 16 17 18 19 20 21 22 23 24 25 16 26 27 28 29 30 31 32 33 34 26 35 36 37 38 39 35 40 41 42 43 40 44 45 46 47 48 49 50 44 15 51 52 53 54 55 56 0 584 1097 64 1312 1152 1313 1314 1315 520 553 85 1199 86 87 88 89 90 91 92 93 94 95 96 96 96 96 96 96 96 96 96 96 96 96 97 98 99 100 102 101 218 219 173 139 106 103 108 109 110 85 2 111 112 113 114 115 116 117 118 85
https://amazingribs.com/more-technique-and-science/more-ingredients-glossaries/science-yeast/
1312:  0 1 2 3 3 2 4 5 6 7 8 9 10 11 12 13 14 15 16 17 18 19 20 21 22 23 24 25 16 26 27 28 29 30 31 32 33 34 26 35 36 37 38 39 35 40 41 42 43 40 44 45 46 47 48 49 50 44 15 51 52 53 54 55 56 0 584 1097 64 1316 1314 1315 85 1312 86 87 88 89 90 91 92 93 94 95 96 96 96 96 96 96 96 96 96 96 96 96 97 98 99 100 152 137 418 218 219 106 56 140 141 108 109 110 85 2 111 112 113 114 115 116 117 118 85
https://amazingribs.com/tested-recipes/dessert-recipes/foolproof-all-purpose-pie-dough-recipe/
1313:  0 1 2 3 3 2 4 5 6 7 8 9 10 11 12 13 14 15 16 17 18 19 20 21 22 23 24 25 16 26 27 28 29 30 31 32 33 34 26 35 36 37 38 39 35 40 41 42 43 40 44 45 46 47 48 49 50 44 15 51 52 53 54 55 56 0 478 1317 64 1313 1318 1319 1320 1318 488 491 491 1321 553 1322 1323 1199 554 85 1313 86 87 88 89 90 91 92 93 94 95 96 96 96 96 96 96 96 96 96 96 96 96 97 98 99 100 102 139 101 218 219 107 106 138 108 109 110 85 2 111 112 113 114 115 116 117 118 85
https://amazingribs.com/tested-recipes/bread-recipes/naan-bread-recipe/
1315:  0 1 2 3 3 2 4 5 6 7 8 9 10 11 12 13 14 15 16 17 18 19 20 21 22 23 24 25 16 26 27 28 29 30 31 32 33 34 26 35 36 37 38 39 35 40 41 42 43 40 44 45 46 47 48 49 50 44 15 51 52 53 54 55 56 0 478 1324 58 1315 1325 2 1325 488 538 1312 520 1199 85 1315 86 87 88 89 90 91 92 93 94 95 96 96 96 96 96 96 96 96 96 96 96 96 97 98 99 100 103 104 106 277 101 102 105 108 109 110 85 2 111 112 113 114 115 116 117 118 85
https://amazingribs.com/other-kitchen-tools-masher/
1017:  0 1 2 3 3 2 4 5 6 7 8 9 10 11 12 13 14 15 16 17 18 19 20 21 22 23 24 25 16 26 27 28 29 30 31 32 33 34 26 35 36 37 38 39 35 40 41 42 43 40 44 45 46 47 48 49 50 44 15 51 52 53 54 55 56 0 174 175 176 1326 64 1327 1327 99 1327 85 1017 86 87 88 89 90 91 92 93 94 95 96 96 96 96 96 96 96 96 96 96 96 96 97 98 99 100 103 277 102 107 104 140 141 173 108 109 110 85 2 111 112 113 114 115 116 117 118 85
https://amazingribs.com/wprm_print/recipe/1642
1003:  989 1003 488 489 491 952 445
https://amazingribs.com/tested-recipes/other-fun-food-recipes/white-castle-stuffing-recipe/
998:  0 1 2 3 3 2 4 5 6 7 8 9 10 11 12 13 14 15 16 17 18 19 20 21 22 23 24 25 16 26 27 28 29 30 31 32 33 34 26 35 36 37 38 39 35 40 41 42 43 40 44 45 46 47 48 49 50 44 15 51 52 53 54 55 56 0 478 524 64 998 1328 1328 488 445 461 1329 1330 972 552 996 994 995 542 571 551 1000 1331 997 970 1332 1001 1023 999 818 1333 1334 505 85 998 86 87 88 89 90 91 92 93 94 95 96 96 96 96 96 96 96 96 96 96 96 96 97 98 99 100 418 102 277 138 56 137 218 219 108 109 110 85 2 111 112 113 114 115 116 117 118 85
https://amazingribs.com/wprm_print/recipe/1588
1328:  1335 1328 488 445
https://amazingribs.com/tested-recipes/other-fun-food-recipes/white-castle-stuffing-recipe
1335:  0 1 2 3 3 2 4 5 6 7 8 9 10 11 12 13 14 15 16 17 18 19 20 21 22 23 24 25 16 26 27 28 29 30 31 32 33 34 26 35 36 37 38 39 35 40 41 42 43 40 44 45 46 47 48 49 50 44 15 51 52 53 54 55 56 0 478 524 64 1335 1328 1328 488 445 461 1329 1330 972 552 996 994 995 542 571 551 1000 1331 997 970 1332 1001 1023 999 818 1333 1334 505 85 1335 86 87 88 89 90 91 92 93 94 95 96 96 96 96 96 96 96 96 96 96 96 96 97 98 99 100 418 102 277 138 56 137 218 219 108 109 110 85 2 111 112 113 114 115 116 117 118 85
https://amazingribs.com/tested-recipes/turkey-recipes/turketta-recipe-stuffed-turkey-breast/
1330:  0 1 2 3 3 2 4 5 6 7 8 9 10 11 12 13 14 15 16 17 18 19 20 21 22 23 24 25 16 26 27 28 29 30 31 32 33 34 26 35 36 37 38 39 35 40 41 42 43 40 44 45 46 47 48 49 50 44 15 51 52 53 54 55 56 0 930 64 1330 1336 1336 488 1337 491 1047 571 491 1337 1231 571 997 998 1329 1068 1338 1321 462 1339 1340 461 1341 551 85 1330 86 87 88 89 90 91 92 93 94 95 96 96 96 96 96 96 96 96 96 96 96 96 97 98 99 100 107 137 105 152 106 56 140 141 108 109 110 85 2 111 112 113 114 115 116 117 118 85
https://amazingribs.com/wprm_print/recipe/1388
1336:  1342 1336 488 1337 491 1047 571 491 1337 1231
https://amazingribs.com/tested-recipes/turkey-recipes/turketta-recipe-stuffed-turkey-breast
1342:  0 1 2 3 3 2 4 5 6 7 8 9 10 11 12 13 14 15 16 17 18 19 20 21 22 23 24 25 16 26 27 28 29 30 31 32 33 34 26 35 36 37 38 39 35 40 41 42 43 40 44 45 46 47 48 49 50 44 15 51 52 53 54 55 56 0 930 64 1342 1336 1336 488 1337 491 1047 571 491 1337 1231 571 997 998 1329 1068 1338 1321 462 1339 1340 461 1341 551 85 1342 86 87 88 89 90 91 92 93 94 95 96 96 96 96 96 96 96 96 96 96 96 96 97 98 99 100 107 137 105 152 106 56 140 141 108 109 110 85 2 111 112 113 114 115 116 117 118 85
https://amazingribs.com/simon-and-garfunkel-spice-rub-for-poultry-recipe/
1337:  0 1 2 3 3 2 4 5 6 7 8 9 10 11 12 13 14 15 16 17 18 19 20 21 22 23 24 25 16 26 27 28 29 30 31 32 33 34 26 35 36 37 38 39 35 40 41 42 43 40 44 45 46 47 48 49 50 44 15 51 52 53 54 55 56 0 478 946 1337 1343 1344 1344 1344 949 85 1343 488 1345 1345 211 949 1056 1057 85 1337 86 87 88 89 90 91 92 93 94 95 96 96 96 96 96 96 96 96 96 96 96 96 97 98 99 100 139 101 137 277 103 56 107 108 109 110 85 2 111 112 113 114 115 116 117 118 85
https://amazingribs.com/tested-recipes/chicken-recipes/simon-garfunkel-chicken-recipe
1344:  0 1 2 3 3 2 4 5 6 7 8 9 10 11 12 13 14 15 16 17 18 19 20 21 22 23 24 25 16 26 27 28 29 30 31 32 33 34 26 35 36 37 38 39 35 40 41 42 43 40 44 45 46 47 48 49 50 44 15 51 52 53 54 55 56 0 478 804 64 1344 1346 1337 676 620 1347 1348 1346 488 491 1337 941 589 445 689 30 1337 163 589 510 511 1136 535 1028 577 783 85 1344 86 87 88 89 90 91 92 93 94 95 96 96 96 96 96 96 96 96 96 96 96 96 97 98 99 100 107 105 153 173 140 141 137 218 219 108 109 110 85 2 111 112 113 114 115 116 117 118 85
https://amazingribs.com/wprm_print/recipe/1382
1346:  1344 1346 488 491 1337 941 589 445 689 30
https://amazingribs.com/tested-recipes/spice-rubs-and-pastes/science-rubs
1345:  0 1 2 3 3 2 4 5 6 7 8 9 10 11 12 13 14 15 16 17 18 19 20 21 22 23 24 25 16 26 27 28 29 30 31 32 33 34 26 35 36 37 38 39 35 40 41 42 43 40 44 45 46 47 48 49 50 44 15 51 52 53 54 55 56 0 478 946 64 491 567 1136 1349 629 629 630 1136 855 589 621 1156 630 441 1337 629 589 491 589 441 1337 944 816 953 211 956 1350 1061 1351 954 1352 959 1353 876 955 1354 1156 621 581 599 85 1345 86 87 88 89 90 91 92 93 94 95 96 96 96 96 96 96 96 96 96 96 96 96 97 98 99 100 140 141 218 219 106 56 104 103 153 108 109 110 85 2 111 112 113 114 115 116 117 118 85
