https://copykat.com/
0:  0 0 0 1 2 3 4 5 0 6 6 7 5 8 9 10 11 12 13 14 15 16 17 17 17 18 18 18 19 19 19 20 20 20 21 22 23 24 25 25 25 26 26 26 27 27 27 28 28 28 29 1 2 3 4 7 10 5 30
https://copykat.com/recipes/
5:  5 5 5 1 2 3 4 5 0 6 6 7 5 8 9 10 11 12 13 14 15 16 31 32 33 34 35 36 37 38 8 39 40 41 42 43 44 45 46 47 48 49 22 23 24 29 1 2 3 4 7 10 5 30
https://copykat.com/category/appetizers/
31:  31 31 31 31 1 2 3 4 5 0 6 6 7 5 8 9 10 11 12 13 14 15 16 5 50 51 52 53 54 55 50 51 52 53 54 55 17 17 56 56 57 57 58 58 59 59 60 60 61 61 62 62 63 63 64 64 65 65 66 66 67 67 68 68 69 69 70 70 71 71 72 72 73 73 74 74 75 75 76 76 77 77 78 78 79 79 80 80 81 81 82 82 83 83 84 84 85 85 86 86 87 87 88 88 89 89 90 90 31 91 92 93 91 94 95 1 2 3 96 97 4 38 98 99 100 101 37 39 40 41 46 102 47 44 22 23 24 103 17 17 18 18 19 19 20 20 29 1 2 3 4 7 10 5 30
https://copykat.com/wingstop-garlic-parmesan-wings/
50:  50 50 50 50 1 2 3 4 5 0 6 6 7 5 8 9 10 11 12 13 14 15 16 0 9 36 7 50 104 105 106 50 50 107 50 50 50 50 50 50 50 108 109 110 111 112 113 114 115 116 117 118 119 120 121 31 122 123 107 124 50 125 125 7 126 127 128 104 105 106 31 36 38 22 122 129 130 131 132 133 132 50 7 133 50 133 50 133 50 133 50 133 50 7 133 50 133 7 133 133 50 133 50 133 50 133 50 133 50 133 50 133 50 7 133 50 133 50 7 133 50 133 50 7 133 50 133 50 133 50 133 50 133 50 6 133 50 134 50 94 95 1 2 3 96 97 4 38 98 99 100 101 37 39 40 41 46 102 47 44 22 23 24 103 17 17 18 18 19 19 20 20 29 1 2 3 4 7 10 5 30 104 105 106 104 105 106
https://copykat.com/olive-garden-tiramisu-dessert/
130:  130 130 130 130 1 2 3 4 5 0 6 6 7 5 8 9 10 11 12 13 14 15 16 0 38 23 7 130 104 105 106 130 135 130 130 130 130 130 130 130 130 130 136 137 138 139 140 141 142 26 143 144 145 146 147 148 11 108 149 135 124 130 125 125 7 150 127 128 104 105 106 23 38 148 42 11 129 151 50 130 130 130 130 130 130 130 130 130 130 6 130 130 130 130 152 130 130 130 130 130 130 130 130 130 6 130 130 153 130 130 6 130 130 130 94 95 1 2 3 96 97 4 38 98 99 100 101 37 39 40 41 46 102 47 44 22 23 24 103 17 17 18 18 19 19 20 20 29 1 2 3 4 7 10 5 30 104 105 106 104 105 106
https://copykat.com/wprm_print/recipe/25162
135:  130 149 125 125 135 124 7 150 127 154 130
https://copykat.com/olive-garden-lemon-cream-cake/
136:  136 136 136 136 1 2 3 4 5 0 6 6 7 5 8 9 10 11 12 13 14 15 16 0 38 7 136 104 105 106 136 155 130 11 136 136 136 136 136 115 156 157 158 137 159 160 143 145 161 162 163 164 42 165 155 124 136 125 125 7 166 167 167 167 127 128 104 105 106 164 23 38 98 168 42 11 129 169 170 136 136 7 136 136 171 136 136 7 136 136 136 136 136 136 6 136 136 136 136 6 136 136 6 136 136 6 136 136 136 136 136 136 136 6 136 136 136 136 136 136 136 136 136 136 136 136 6 136 136 136 136 136 136 136 136 136 136 136 172 136 136 136 136 136 136 136 136 173 136 136 6 136 136 136 136 136 136 136 136 136 94 95 1 2 3 96 97 4 38 98 99 100 101 37 39 40 41 46 102 47 44 22 23 24 103 17 17 18 18 19 19 20 20 29 1 2 3 4 7 10 5 30 104 105 106 104 105 106
https://copykat.com/olive-garden-green-apple-moscato/
160:  160 160 160 160 1 2 3 4 5 0 6 6 7 5 8 9 10 11 12 13 14 15 16 0 174 7 160 104 105 106 160 175 176 177 160 160 160 160 160 160 159 178 179 180 181 182 183 184 185 186 187 188 189 174 38 190 175 124 160 125 125 7 127 128 104 105 106 23 191 38 174 42 11 129 192 193 160 160 7 160 160 160 160 7 160 160 160 160 7 160 160 160 160 160 160 160 160 7 160 160 160 160 6 160 160 160 160 160 160 6 160 160 160 160 160 160 6 160 160 160 160 6 160 160 160 160 160 160 6 160 160 160 6 160 160 160 94 95 1 2 3 96 97 4 38 98 99 100 101 37 39 40 41 46 102 47 44 22 23 24 103 17 17 18 18 19 19 20 20 29 1 2 3 4 7 10 5 30 104 105 106 104 105 106
https://copykat.com/irish-coffee/
192:  192 192 192 192 1 2 3 4 5 0 6 6 7 5 8 9 10 11 12 13 14 15 16 0 38 7 192 104 105 106 192 194 192 192 192 192 192 195 196 197 198 199 200 201 202 194 124 192 125 125 7 127 128 104 105 106 191 38 174 129 203 160 192 192 7 192 192 6 192 192 192 94 95 1 2 3 96 97 4 38 98 99 100 101 37 39 40 41 46 102 47 44 22 23 24 103 17 17 18 18 19 19 20 20 29 1 2 3 4 7 10 5 30 104 105 106 104 105 106
https://copykat.com/wprm_print/recipe/29774
194:  192 202 125 125 194 124 7 127 154 192
https://copykat.com/taste-of-texas-cinnamon-coffee/
198:  198 198 198 198 1 2 3 4 5 0 6 6 7 5 8 9 10 11 12 13 14 15 16 0 38 7 198 104 105 106 198 204 185 205 206 207 204 124 198 125 125 7 127 128 104 105 106 38 174 129 208 185 198 198 198 94 95 1 2 3 96 97 4 38 98 99 100 101 37 39 40 41 46 102 47 44 22 23 24 103 17 17 18 18 19 19 20 20 29 1 2 3 4 7 10 5 30 104 105 106 104 105 106
https://copykat.com/wprm_print/recipe/25428
204:  198 207 125 125 204 124 7 127 154 198
https://copykat.com/amaretto-coffee-creamer/
205:  205 205 205 205 1 2 3 4 5 0 6 6 7 5 8 9 10 11 12 13 14 15 16 0 209 7 205 104 105 106 205 205 210 205 205 205 205 205 205 211 212 213 201 214 215 216 210 124 205 125 125 7 217 214 127 128 192 218 219 104 105 106 209 174 129 220 221 205 205 7 205 205 205 205 7 205 205 205 205 205 205 7 205 205 205 205 7 205 205 205 205 205 205 7 205 205 205 205 7 205 205 205 205 205 205 6 205 205 222 205 205 7 205 205 205 205 205 205 6 205 205 205 205 6 205 205 223 205 205 205 205 205 94 95 1 2 3 96 97 4 38 98 99 100 101 37 39 40 41 46 102 47 44 22 23 24 103 17 17 18 18 19 19 20 20 29 1 2 3 4 7 10 5 30 104 105 106 104 105 106
https://copykat.com/category/diy-recipes/
209:  209 209 209 209 1 2 3 4 5 0 6 6 7 5 8 9 10 11 12 13 14 15 16 5 224 225 226 70 227 228 224 225 226 70 227 228 27 27 229 229 230 230 231 231 224 224 215 215 232 232 233 233 70 70 234 234 235 235 226 226 76 76 225 225 227 227 236 236 219 219 237 237 238 238 239 239 203 203 240 240 228 228 241 241 242 242 243 243 205 205 244 244 245 245 246 246 247 247 206 206 248 248 249 249 250 250 251 251 209 252 252 94 95 1 2 3 96 97 4 38 98 99 100 101 37 39 40 41 46 102 47 44 22 23 24 103 17 17 18 18 19 19 20 20 29 1 2 3 4 7 10 5 30
https://copykat.com/bisquick-mix-substitute/
224:  224 224 224 224 1 2 3 4 5 0 6 6 7 5 8 9 10 11 12 13 14 15 16 0 253 7 224 104 105 106 224 254 255 256 224 224 224 224 224 224 224 224 257 258 259 260 255 226 70 219 251 239 248 235 27 232 215 261 259 262 209 263 264 254 124 224 125 125 7 127 128 104 105 106 263 209 129 265 266 224 224 7 224 224 224 224 7 224 224 224 7 224 224 224 224 224 224 94 95 1 2 3 96 97 4 38 98 99 100 101 37 39 40 41 46 102 47 44 22 23 24 103 17 17 18 18 19 19 20 20 29 1 2 3 4 7 10 5 30 104 105 106 104 105 106
https://copykat.com/bisquick-mix-brownies/
257:  257 257 257 257 1 2 3 4 5 0 6 6 7 5 8 9 10 11 12 13 14 15 16 0 148 267 7 257 104 105 106 257 268 257 257 257 257 257 257 257 257 257 269 126 224 270 271 272 144 273 274 275 276 233 277 278 279 170 280 281 267 148 282 268 124 257 125 125 7 126 127 128 104 105 106 267 129 283 284 257 257 257 94 95 1 2 3 96 97 4 38 98 99 100 101 37 39 40 41 46 102 47 44 22 23 24 103 17 17 18 18 19 19 20 20 29 1 2 3 4 7 10 5 30 104 105 106 104 105 106
https://copykat.com/category/dessert/cookies/
267:  267 267 267 267 1 2 3 4 5 0 6 6 7 5 8 9 10 11 12 13 14 15 16 5 276 280 285 140 286 275 287 276 280 285 140 286 275 287 288 288 140 140 289 289 290 290 291 291 144 144 292 292 233 233 293 293 294 294 295 295 296 296 257 257 280 280 281 281 276 276 279 279 297 297 242 242 298 298 170 170 286 286 278 278 299 299 300 300 301 301 285 285 302 302 303 303 304 304 271 271 305 305 306 306 307 307 308 308 309 309 267 310 310 94 95 1 2 3 96 97 4 38 98 99 100 101 37 39 40 41 46 102 47 44 22 23 24 103 17 17 18 18 19 19 20 20 29 1 2 3 4 7 10 5 30
https://copykat.com/frosted-pineapple-cookies/
285:  285 285 285 285 1 2 3 4 5 0 6 6 7 5 8 9 10 11 12 13 14 15 16 0 311 312 7 285 104 105 106 285 285 313 314 161 315 316 313 124 285 125 125 7 166 127 128 104 105 106 312 267 129 317 318 285 285 7 285 285 319 285 285 285 285 285 285 320 285 285 6 285 285 285 94 95 1 2 3 96 97 4 38 98 99 100 101 37 39 40 41 46 102 47 44 22 23 24 103 17 17 18 18 19 19 20 20 29 1 2 3 4 7 10 5 30 104 105 106 104 105 106
https://copykat.com/category/seasonal-recipes/
311:  311 311 311 311 1 2 3 4 5 0 6 6 7 5 8 9 10 11 12 13 14 15 16 5 321 322 298 312 323 324 98 122 325 326 168 327 328 329 330 321 322 298 26 26 331 331 332 332 333 333 56 56 334 334 335 335 336 336 337 337 338 338 288 288 339 339 340 340 341 341 58 58 342 342 343 343 344 344 345 345 346 346 347 347 348 348 349 349 350 350 351 351 61 61 140 140 352 352 353 353 265 265 354 354 355 355 289 289 356 356 357 357 358 358 311 359 360 361 359 94 95 1 2 3 96 97 4 38 98 99 100 101 37 39 40 41 46 102 47 44 22 23 24 103 17 17 18 18 19 19 20 20 29 1 2 3 4 7 10 5 30
https://copykat.com/boston-market-sweet-potato-casserole-2/
321:  321 321 321 321 1 2 3 4 5 0 6 6 7 5 8 9 10 11 12 13 14 15 16 0 8 362 7 321 104 105 106 321 321 363 321 321 321 321 321 321 321 321 364 365 366 367 368 369 370 371 372 131 117 373 374 375 376 377 38 378 363 124 321 125 125 7 217 127 128 104 105 106 362 312 379 38 22 324 328 380 129 381 382 383 321 384 383 321 383 321 383 321 6 383 321 6 383 321 383 321 383 321 383 321 6 383 321 383 321 383 321 383 321 383 321 383 321 6 383 321 383 321 385 321 94 95 1 2 3 96 97 4 38 98 99 100 101 37 39 40 41 46 102 47 44 22 23 24 103 17 17 18 18 19 19 20 20 29 1 2 3 4 7 10 5 30 104 105 106 104 105 106
https://copykat.com/boston-market-sweet-potato-casserole-2/comment-page-3/
385:  385 385 385 385 1 2 3 4 5 0 6 6 7 5 8 9 10 11 12 13 14 15 16 0 8 362 7 321 104 105 106 385 385 363 385 385 385 385 385 385 385 385 364 365 366 367 368 369 370 371 372 131 117 373 374 375 376 377 38 378 363 124 385 125 125 7 217 127 128 104 105 106 362 312 379 38 22 324 328 380 129 381 382 385 385 385 385 385 385 6 385 385 385 385 385 385 6 385 385 385 385 385 385 6 385 385 385 385 6 385 385 385 385 6 385 385 385 385 385 385 385 385 385 385 385 385 6 385 385 385 385 6 385 385 385 385 6 385 385 385 385 385 6 385 385 385 385 6 385 385 385 385 6 385 385 385 385 385 385 385 385 6 385 385 385 385 6 385 385 385 385 6 385 385 385 385 385 385 385 6 385 385 385 385 6 385 385 385 385 6 385 385 386 321 385 94 95 1 2 3 96 97 4 38 98 99 100 101 37 39 40 41 46 102 47 44 22 23 24 103 17 17 18 18 19 19 20 20 29 1 2 3 4 7 10 5 30 104 105 106 104 105 106
https://copykat.com/boston-market-sweet-potato-casserole-2/comment-page-2/
386:  386 386 386 386 1 2 3 4 5 0 6 6 7 5 8 9 10 11 12 13 14 15 16 0 8 362 7 321 104 105 106 386 386 363 386 386 386 386 386 386 386 386 364 365 366 367 368 369 370 371 372 131 117 373 374 375 376 377 38 378 363 124 386 125 125 7 217 127 128 104 105 106 362 312 379 38 22 324 328 380 129 381 382 386 386 386 386 386 386 6 386 386 386 386 6 386 386 386 386 6 386 386 386 386 6 386 386 386 386 6 386 386 386 386 6 386 386 386 386 6 386 386 386 386 6 386 386 387 386 386 6 386 386 386 386 6 386 386 386 386 386 388 386 386 386 6 386 386 6 386 386 386 386 386 386 386 386 386 386 386 386 386 6 386 386 386 386 386 386 6 386 386 386 386 386 386 389 385 386 94 95 1 2 3 96 97 4 38 98 99 100 101 37 39 40 41 46 102 47 44 22 23 24 103 17 17 18 18 19 19 20 20 29 1 2 3 4 7 10 5 30 104 105 106 104 105 106
https://copykat.com/boston-market-sweet-potato-casserole-2/comment-page-1/
389:  389 389 389 389 1 2 3 4 5 0 6 6 7 5 8 9 10 11 12 13 14 15 16 0 8 362 7 321 104 105 106 389 389 363 389 389 389 389 389 389 389 389 364 365 366 367 368 369 370 371 372 131 117 373 374 375 376 377 38 378 363 124 389 125 125 7 217 127 128 104 105 106 362 312 379 38 22 324 328 380 129 381 382 389 389 389 389 389 389 390 389 389 389 389 389 389 6 389 389 389 389 389 389 389 389 389 389 389 389 389 389 389 389 389 389 389 389 391 389 389 389 389 6 389 6 389 389 389 389 389 389 389 389 389 389 6 389 389 389 389 389 389 389 389 389 389 389 389 6 389 389 389 389 389 389 389 389 389 389 386 389 94 95 1 2 3 96 97 4 38 98 99 100 101 37 39 40 41 46 102 47 44 22 23 24 103 17 17 18 18 19 19 20 20 29 1 2 3 4 7 10 5 30 104 105 106 104 105 106
https://copykat.com/category/cuisine/american/
362:  362 362 362 362 1 2 3 4 5 0 6 6 7 5 8 9 10 11 12 13 14 15 16 5 392 393 394 395 396 392 393 394 395 396 338 338 397 397 339 339 398 398 399 399 400 400 401 401 402 402 403 403 404 404 405 405 406 406 407 407 392 392 408 408 409 409 395 395 410 410 411 411 394 394 412 412 413 413 414 414 371 371 415 415 416 416 417 417 393 393 418 418 419 419 420 420 421 421 422 422 423 423 321 321 424 424 362 425 425 94 95 1 2 3 96 97 4 38 98 99 100 101 37 39 40 41 46 102 47 44 22 23 24 103 17 17 18 18 19 19 20 20 29 1 2 3 4 7 10 5 30
https://copykat.com/burger-king-whopper/
392:  392 392 392 392 1 2 3 4 5 0 6 6 7 5 8 9 10 11 12 13 14 15 16 0 38 392 104 105 106 392 426 392 392 392 392 392 392 392 413 427 428 429 430 431 432 433 434 435 436 437 421 32 38 438 426 124 392 125 125 7 127 128 104 105 106 362 32 439 38 22 323 440 376 392 392 392 392 7 392 392 392 392 441 392 392 392 392 392 392 392 392 392 392 392 392 392 392 392 392 392 392 392 392 392 392 392 392 392 94 95 1 2 3 96 97 4 38 98 99 100 101 37 39 40 41 46 102 47 44 22 23 24 103 17 17 18 18 19 19 20 20 29 1 2 3 4 7 10 5 30 104 105 106 104 105 106
https://copykat.com/wprm_print/recipe/28658
426:  392 438 125 125 426 124 7 127 154 392
https://copykat.com/burger-king-lucky-charms-milkshake/
427:  427 427 427 427 1 2 3 4 5 0 6 6 7 5 8 9 10 11 12 13 14 15 16 0 38 22 7 427 104 105 106 427 442 443 217 444 445 446 447 448 449 450 442 124 427 125 125 7 217 217 127 128 104 105 106 38 174 22 129 451 452 453 427 427 454 427 427 427 427 427 94 95 1 2 3 96 97 4 38 98 99 100 101 37 39 40 41 46 102 47 44 22 23 24 103 17 17 18 18 19 19 20 20 29 1 2 3 4 7 10 5 30 104 105 106 104 105 106
https://copykat.com/fatburger-banana-shake/
448:  448 448 448 448 1 2 3 4 5 0 6 6 7 5 8 9 10 11 12 13 14 15 16 0 38 22 7 448 104 105 106 448 455 456 455 124 448 125 125 7 217 127 128 104 105 106 38 148 174 22 129 457 458 448 459 448 460 448 448 448 448 448 448 461 448 448 448 448 6 448 448 462 448 448 448 94 95 1 2 3 96 97 4 38 98 99 100 101 37 39 40 41 46 102 47 44 22 23 24 103 17 17 18 18 19 19 20 20 29 1 2 3 4 7 10 5 30 104 105 106 104 105 106
https://copykat.com/wp-content/uploads/2010/05/fatburger-banana-shake.jpg
456: 
https://copykat.com/mandarin-magic-cake-2/
457:  457 457 457 457 1 2 3 4 5 0 6 6 7 5 8 9 10 11 12 13 14 15 16 0 148 7 457 104 105 106 457 463 464 463 124 457 125 125 7 127 128 104 105 106 148 129 465 448 457 457 466 457 457 457 457 467 457 457 468 457 457 457 457 468 457 457 6 457 457 457 457 457 457 6 457 457 468 457 457 6 457 457 457 457 457 6 457 469 457 457 457 457 6 457 457 468 457 457 457 94 95 1 2 3 96 97 4 38 98 99 100 101 37 39 40 41 46 102 47 44 22 23 24 103 17 17 18 18 19 19 20 20 29 1 2 3 4 7 10 5 30 104 105 106 104 105 106
https://copykat.com/wp-content/uploads/2010/05/mandarin-magic-cake.jpg
464: 
https://copykat.com/copykat-answers-what-is-oleo/
465:  465 465 465 465 1 2 3 4 5 0 6 6 7 5 8 9 10 11 12 13 14 15 16 0 470 7 465 104 105 106 471 465 465 465 465 465 465 472 473 474 475 476 477 478 432 233 145 479 104 105 106 470 129 480 457 481 465 481 465 6 481 465 481 465 481 465 481 465 481 465 482 465 94 95 1 2 3 96 97 4 38 98 99 100 101 37 39 40 41 46 102 47 44 22 23 24 103 17 17 18 18 19 19 20 20 29 1 2 3 4 7 10 5 30 104 105 106 104 105 106
https://copykat.com/chocolate-pistachio-bundt-cake/
480:  480 480 480 480 1 2 3 4 5 0 6 6 7 5 8 9 10 11 12 13 14 15 16 0 148 164 7 480 104 105 106 480 483 480 480 480 480 480 480 480 167 484 485 136 161 486 487 162 163 488 489 490 280 26 148 379 108 491 483 124 480 125 125 7 167 127 128 104 105 106 164 312 148 129 492 465 480 480 480 480 480 480 480 480 480 480 480 480 480 480 480 480 480 480 480 480 480 480 480 480 480 480 480 480 480 480 480 480 480 480 493 480 480 480 480 494 480 480 480 480 6 480 480 480 480 480 480 495 480 480 468 480 480 496 480 480 468 480 480 480 480 6 480 480 94 95 1 2 3 96 97 4 38 98 99 100 101 37 39 40 41 46 102 47 44 22 23 24 103 17 17 18 18 19 19 20 20 29 1 2 3 4 7 10 5 30 104 105 106 104 105 106
https://copykat.com/wprm_print/recipe/24060
483:  480 491 125 125 483 124 7 127 154 480
https://copykat.com/best-ever-peach-dump-cake/
484:  484 484 484 484 1 2 3 4 5 0 6 6 7 5 8 9 10 11 12 13 14 15 16 0 148 164 7 484 104 105 106 484 497 484 484 484 484 484 484 498 499 500 501 497 124 484 125 125 7 127 128 104 105 106 164 379 323 129 502 416 484 484 7 484 484 484 484 7 484 484 484 484 7 484 484 503 484 484 7 484 484 484 484 7 484 484 484 94 95 1 2 3 96 97 4 38 98 99 100 101 37 39 40 41 46 102 47 44 22 23 24 103 17 17 18 18 19 19 20 20 29 1 2 3 4 7 10 5 30 104 105 106 104 105 106
https://copykat.com/wprm_print/recipe/37924
497:  484 501 125 125 497 124 7 127 154 484
https://copykat.com/pumpkin-dump-cake/
499:  499 499 499 499 1 2 3 4 5 0 6 6 7 5 8 9 10 11 12 13 14 15 16 0 148 7 499 104 105 106 499 504 499 499 499 499 505 484 506 507 508 504 124 499 125 125 7 127 128 104 105 106 164 148 324 509 129 510 511 499 499 499 499 499 499 499 499 499 499 499 499 499 499 512 499 499 499 499 499 499 499 499 513 499 499 499 499 6 499 499 499 499 499 94 95 1 2 3 96 97 4 38 98 99 100 101 37 39 40 41 46 102 47 44 22 23 24 103 17 17 18 18 19 19 20 20 29 1 2 3 4 7 10 5 30 104 105 106 104 105 106
https://copykat.com/wprm_print/recipe/24180
504:  499 508 125 125 504 124 7 127 154 499
https://copykat.com/dump-cake/
505:  505 505 505 505 1 2 3 4 5 0 6 6 7 5 8 9 10 11 12 13 14 15 16 0 148 164 7 505 104 105 106 505 514 505 505 505 505 458 143 515 484 499 516 514 124 505 125 125 7 127 128 104 105 106 164 98 129 517 518 505 505 505 505 6 505 505 519 505 505 505 505 520 505 505 505 505 505 505 505 505 505 505 505 94 95 1 2 3 96 97 4 38 98 99 100 101 37 39 40 41 46 102 47 44 22 23 24 103 17 17 18 18 19 19 20 20 29 1 2 3 4 7 10 5 30 104 105 106 104 105 106
https://copykat.com/wprm_print/recipe/25224
514:  505 516 125 125 514 124 7 127 154 505
https://copykat.com/applesauce-cake-2/
515:  515 515 515 515 1 2 3 4 5 0 6 6 7 5 8 9 10 11 12 13 14 15 16 0 148 164 7 515 104 105 106 515 521 522 521 124 515 125 125 7 127 128 104 105 106 164 148 523 129 524 260 515 515 515 515 515 515 515 94 95 1 2 3 96 97 4 38 98 99 100 101 37 39 40 41 46 102 47 44 22 23 24 103 17 17 18 18 19 19 20 20 29 1 2 3 4 7 10 5 30 104 105 106 104 105 106
https://copykat.com/wprm_print/recipe/24961
521:  515 522 125 125 521 124 7 127 154 515
https://copykat.com/wp-content/uploads/2010/12/applesauce.jpg
522: 
https://copykat.com/category/featured/family-recipe/
523:  523 523 523 523 1 2 3 4 5 0 6 6 7 5 8 9 10 11 12 13 14 15 16 5 525 526 527 528 488 529 525 526 527 528 488 529 340 340 530 530 531 531 163 163 292 292 532 532 533 533 488 488 161 161 146 146 534 534 535 535 536 536 537 537 538 538 262 262 539 539 540 540 541 541 281 281 486 486 542 542 543 543 143 143 544 544 527 527 545 545 546 546 525 525 547 547 548 548 549 549 550 550 551 551 552 552 553 553 523 554 555 556 554 94 95 1 2 3 96 97 4 38 98 99 100 101 37 39 40 41 46 102 47 44 22 23 24 103 17 17 18 18 19 19 20 20 29 1 2 3 4 7 10 5 30
https://copykat.com/fried-zucchini/
525:  525 525 525 525 1 2 3 4 5 0 6 6 7 5 8 9 10 11 12 13 14 15 16 0 557 523 7 525 104 105 106 525 525 558 559 548 560 525 525 525 525 525 525 525 525 525 525 561 88 562 563 564 548 560 565 566 119 567 568 569 570 571 572 56 573 48 31 574 558 124 525 125 125 7 126 127 128 104 105 106 523 323 48 129 575 576 577 525 578 525 94 95 1 2 3 96 97 4 38 98 99 100 101 37 39 40 41 46 102 47 44 22 23 24 103 17 17 18 18 19 19 20 20 29 1 2 3 4 7 10 5 30 104 105 106 104 105 106
https://copykat.com/category/featured/
557:  557 557 557 557 1 2 3 4 5 0 6 6 7 5 8 9 10 11 12 13 14 15 16 5 112 579 580 581 582 523 583 379 584 112 579 580 581 582 585 585 335 335 586 586 567 567 340 340 587 587 530 530 266 266 531 531 588 588 401 401 163 163 292 292 589 589 590 590 532 532 402 402 533 533 69 69 591 591 488 488 592 592 593 593 161 161 74 74 146 146 534 534 594 594 535 535 536 536 537 537 407 407 595 595 538 538 563 563 596 596 557 597 598 599 597 94 95 1 2 3 96 97 4 38 98 99 100 101 37 39 40 41 46 102 47 44 22 23 24 103 17 17 18 18 19 19 20 20 29 1 2 3 4 7 10 5 30
https://copykat.com/how-to-make-cooked-carrots/
579:  579 579 579 579 1 2 3 4 5 0 6 6 7 5 8 9 10 11 12 13 14 15 16 0 311 98 7 579 104 105 106 579 600 601 579 579 579 579 601 602 603 415 604 528 605 162 606 227 607 608 609 610 48 98 611 600 124 579 125 125 7 127 128 104 105 106 98 601 48 328 129 612 613 579 579 7 579 579 579 579 6 579 579 579 579 579 94 95 1 2 3 96 97 4 38 98 99 100 101 37 39 40 41 46 102 47 44 22 23 24 103 17 17 18 18 19 19 20 20 29 1 2 3 4 7 10 5 30 104 105 106 104 105 106
https://copykat.com/air-fryer-brussel-sprouts/
608:  608 608 608 608 1 2 3 4 5 0 6 6 7 5 8 9 10 11 12 13 14 15 16 0 614 509 7 608 104 105 106 608 615 608 608 608 608 608 608 608 616 617 618 619 116 372 620 117 417 532 621 622 623 67 48 100 624 615 124 608 125 125 7 127 128 104 105 106 100 625 328 509 129 417 619 608 608 7 608 608 608 608 7 608 608 608 94 95 1 2 3 96 97 4 38 98 99 100 101 37 39 40 41 46 102 47 44 22 23 24 103 17 17 18 18 19 19 20 20 29 1 2 3 4 7 10 5 30 104 105 106 104 105 106
https://copykat.com/category/special-diet/
614:  614 614 614 614 1 2 3 4 5 0 6 6 7 5 8 9 10 11 12 13 14 15 16 5 626 116 627 628 629 509 630 631 625 626 116 627 25 25 229 229 632 632 335 335 633 633 586 586 341 341 587 587 58 58 634 634 347 347 607 607 635 635 636 636 356 356 64 64 358 358 637 637 65 65 621 621 638 638 639 639 640 640 641 641 642 642 402 402 643 643 644 644 71 71 645 645 646 646 235 235 593 593 647 647 648 648 534 534 614 649 650 651 649 94 95 1 2 3 96 97 4 38 98 99 100 101 37 39 40 41 46 102 47 44 22 23 24 103 17 17 18 18 19 19 20 20 29 1 2 3 4 7 10 5 30
https://copykat.com/vegan-burger/
640:  640 640 640 640 1 2 3 4 5 0 6 6 7 5 8 9 10 11 12 13 14 15 16 0 614 629 7 640 104 105 106 640 652 653 654 549 640 640 640 640 640 640 640 217 217 648 116 655 656 657 658 659 660 579 610 661 609 662 629 509 663 652 124 640 125 125 7 217 127 128 104 105 106 439 664 629 509 129 665 666 640 94 95 1 2 3 96 97 4 38 98 99 100 101 37 39 40 41 46 102 47 44 22 23 24 103 17 17 18 18 19 19 20 20 29 1 2 3 4 7 10 5 30 104 105 106 104 105 106
https://copykat.com/wprm_print/recipe/53493
652:  640 663 125 125 652 124 7 127 154 640
https://copykat.com/chipotle-mexican-grill-spicy-corn-salsa/
655:  655 655 655 655 1 2 3 4 5 0 6 6 7 5 8 9 10 11 12 13 14 15 16 0 38 22 7 655 104 105 106 655 667 655 655 655 655 655 655 668 669 670 131 662 622 671 672 332 673 674 675 659 676 677 678 667 124 655 125 125 7 127 128 104 105 106 38 677 22 676 629 129 679 680 655 655 655 655 655 655 655 655 655 655 655 655 655 94 95 1 2 3 96 97 4 38 98 99 100 101 37 39 40 41 46 102 47 44 22 23 24 103 17 17 18 18 19 19 20 20 29 1 2 3 4 7 10 5 30 104 105 106 104 105 106
https://copykat.com/lubys-spanish-indian-baked-corn/
672:  672 672 672 672 1 2 3 4 5 0 6 6 7 5 8 9 10 11 12 13 14 15 16 0 38 23 7 672 104 105 106 672 672 681 682 603 683 684 685 686 681 124 672 125 125 7 127 128 104 105 106 377 23 38 48 129 687 603 672 672 7 672 672 672 672 6 672 672 672 672 672 672 672 94 95 1 2 3 96 97 4 38 98 99 100 101 37 39 40 41 46 102 47 44 22 23 24 103 17 17 18 18 19 19 20 20 29 1 2 3 4 7 10 5 30 104 105 106 104 105 106
https://copykat.com/wprm_print/recipe/24538
681:  672 686 125 125 681 124 7 127 154 672
https://copykat.com/lubys-coconut-meringue-pie/
682:  682 682 682 682 1 2 3 4 5 0 6 6 7 5 8 9 10 11 12 13 14 15 16 0 38 23 7 682 104 105 106 682 688 689 690 688 124 682 125 125 7 127 128 104 105 106 23 38 148 98 691 129 692 693 682 682 682 682 6 682 694 682 682 682 682 682 682 682 6 682 682 94 95 1 2 3 96 97 4 38 98 99 100 101 37 39 40 41 46 102 47 44 22 23 24 103 17 17 18 18 19 19 20 20 29 1 2 3 4 7 10 5 30 104 105 106 104 105 106
https://copykat.com/wprm_print/recipe/25092
688:  682 690 125 125 688 124 7 127 154 682
https://copykat.com/tag/lubys-recipes/
689:  689 689 689 689 1 2 3 4 5 0 6 6 7 5 8 9 10 11 12 13 14 15 16 695 695 406 406 696 696 697 697 698 698 684 684 699 699 700 700 701 701 683 683 702 702 603 603 672 672 703 703 704 705 705 706 706 707 707 682 708 708 94 95 1 2 3 96 97 4 38 98 99 100 101 37 39 40 41 46 102 47 44 22 23 24 103 17 17 18 18 19 19 20 20 29 1 2 3 4 7 10 5 30
https://copykat.com/lubys-butternut-brownie-pie/
704:  704 704 704 704 1 2 3 4 5 0 6 6 7 5 8 9 10 11 12 13 14 15 16 0 38 23 7 704 104 105 106 704 709 710 709 124 704 125 125 7 127 128 104 105 106 23 38 148 691 129 711 712 713 704 704 704 704 704 94 95 1 2 3 96 97 4 38 98 99 100 101 37 39 40 41 46 102 47 44 22 23 24 103 17 17 18 18 19 19 20 20 29 1 2 3 4 7 10 5 30 104 105 106 104 105 106
https://copykat.com/grandmas-oatmeal-cookies/
712:  712 712 712 712 1 2 3 4 5 0 6 6 7 5 8 9 10 11 12 13 14 15 16 0 148 267 7 712 104 105 106 712 714 715 714 124 712 125 125 7 127 128 104 105 106 267 148 523 129 704 716 712 712 712 94 95 1 2 3 96 97 4 38 98 99 100 101 37 39 40 41 46 102 47 44 22 23 24 103 17 17 18 18 19 19 20 20 29 1 2 3 4 7 10 5 30 104 105 106 104 105 106
https://copykat.com/wprm_print/recipe/24845
714:  712 715 125 125 714 124 7 127 154 712
https://copykat.com/wp-content/uploads/2010/11/oatmeal-cookies.jpg
715: 
https://copykat.com/coconut-macaroons/
716:  716 716 716 716 1 2 3 4 5 0 6 6 7 5 8 9 10 11 12 13 14 15 16 0 311 312 7 716 104 105 106 716 717 710 717 124 716 125 125 7 127 128 104 105 106 312 267 98 523 129 712 718 716 716 716 716 716 716 716 94 95 1 2 3 96 97 4 38 98 99 100 101 37 39 40 41 46 102 47 44 22 23 24 103 17 17 18 18 19 19 20 20 29 1 2 3 4 7 10 5 30 104 105 106 104 105 106
https://copykat.com/wprm_print/recipe/24842
717:  716 710 125 125 717 124 7 127 154 716
https://copykat.com/lemon-cream-cheese-cookies/
718:  718 718 718 718 1 2 3 4 5 0 6 6 7 5 8 9 10 11 12 13 14 15 16 0 148 267 7 718 104 105 106 718 719 710 719 124 718 125 125 7 127 128 104 105 106 267 129 716 720 718 718 6 718 718 718 94 95 1 2 3 96 97 4 38 98 99 100 101 37 39 40 41 46 102 47 44 22 23 24 103 17 17 18 18 19 19 20 20 29 1 2 3 4 7 10 5 30 104 105 106 104 105 106
https://copykat.com/marbled-brownies/
720:  720 720 720 720 1 2 3 4 5 0 6 6 7 5 8 9 10 11 12 13 14 15 16 0 148 267 7 720 104 105 106 720 721 274 272 722 723 721 124 720 125 125 7 127 128 104 105 106 267 523 129 718 724 720 720 720 94 95 1 2 3 96 97 4 38 98 99 100 101 37 39 40 41 46 102 47 44 22 23 24 103 17 17 18 18 19 19 20 20 29 1 2 3 4 7 10 5 30 104 105 106 104 105 106
https://copykat.com/wprm_print/recipe/24837
721:  720 723 125 125 721 124 7 127 154 720
https://copykat.com/sara-lee-kalhua-white-russian-brownies/
722:  722 722 722 722 1 2 3 4 5 0 6 6 7 5 8 9 10 11 12 13 14 15 16 0 148 267 7 722 104 105 106 722 725 726 725 124 722 125 125 7 127 128 104 105 106 267 148 129 727 728 722 722 722 722 722 722 722 722 722 6 722 722 722 722 94 95 1 2 3 96 97 4 38 98 99 100 101 37 39 40 41 46 102 47 44 22 23 24 103 17 17 18 18 19 19 20 20 29 1 2 3 4 7 10 5 30 104 105 106 104 105 106
https://copykat.com/shoneys-strawberry-pie-ii/
728:  728 728 728 728 1 2 3 4 5 0 6 6 7 5 8 9 10 11 12 13 14 15 16 0 38 7 728 104 105 106 728 729 728 728 728 728 728 728 487 229 730 731 452 581 732 539 541 733 734 336 735 736 691 38 737 729 124 728 125 125 7 127 128 104 105 106 23 38 148 168 691 129 722 738 739 728 7 739 728 739 728 739 728 739 728 7 739 728 739 728 739 728 7 739 728 739 728 739 728 739 739 728 7 739 728 739 728 739 728 739 728 739 728 7 739 728 740 728 94 95 1 2 3 96 97 4 38 98 99 100 101 37 39 40 41 46 102 47 44 22 23 24 103 17 17 18 18 19 19 20 20 29 1 2 3 4 7 10 5 30 104 105 106 104 105 106
https://copykat.com/kreamy-kool-aid-pie/
736:  736 736 736 736 1 2 3 4 5 0 6 6 7 5 8 9 10 11 12 13 14 15 16 0 148 691 7 736 104 105 106 736 741 736 736 736 736 736 736 742 108 743 733 704 543 582 744 741 124 736 125 125 7 127 128 104 105 106 148 691 129 745 746 736 736 736 736 736 736 6 736 736 736 94 95 1 2 3 96 97 4 38 98 99 100 101 37 39 40 41 46 102 47 44 22 23 24 103 17 17 18 18 19 19 20 20 29 1 2 3 4 7 10 5 30 104 105 106 104 105 106
https://copykat.com/wprm_print/recipe/24232
741:  736 744 125 125 741 124 7 127 154 736
https://copykat.com/ruby-tuesdays-killer-kool-aide/
742:  742 742 742 742 1 2 3 4 5 0 6 6 7 5 8 9 10 11 12 13 14 15 16 0 174 191 7 742 104 105 106 742 747 742 742 742 742 742 742 742 748 749 750 751 736 160 752 753 754 755 756 180 159 351 510 757 758 759 191 23 760 747 124 742 125 125 7 127 128 104 105 106 23 191 38 174 129 622 341 742 742 7 742 742 742 742 742 742 742 742 742 742 742 94 95 1 2 3 96 97 4 38 98 99 100 101 37 39 40 41 46 102 47 44 22 23 24 103 17 17 18 18 19 19 20 20 29 1 2 3 4 7 10 5 30 104 105 106 104 105 106
https://copykat.com/wprm_print/recipe/25316
747:  742 760 125 125 747 124 7 127 154 742
https://copykat.com/slick-willys-colorado-bull-dog/
752:  752 752 752 752 1 2 3 4 5 0 6 6 7 5 8 9 10 11 12 13 14 15 16 0 38 7 752 104 105 106 752 761 752 752 752 752 752 752 752 752 762 763 754 764 765 753 766 192 767 768 769 180 770 771 772 773 191 174 774 761 124 752 125 125 7 127 128 104 105 106 23 191 38 174 129 764 66 752 752 752 752 752 752 752 752 7 752 752 752 752 7 752 752 752 752 752 752 752 752 752 752 752 752 752 752 752 94 95 1 2 3 96 97 4 38 98 99 100 101 37 39 40 41 46 102 47 44 22 23 24 103 17 17 18 18 19 19 20 20 29 1 2 3 4 7 10 5 30 104 105 106 104 105 106
https://copykat.com/copycat-red-lobster-dew-garita/
768:  768 768 768 768 1 2 3 4 5 0 6 6 7 5 8 9 10 11 12 13 14 15 16 0 38 7 768 104 105 106 768 768 775 768 768 768 768 768 768 776 777 777 84 778 779 780 781 782 783 784 785 786 753 766 183 191 787 788 775 124 768 125 125 7 777 127 128 104 105 106 23 191 38 787 129 789 488 768 768 768 94 95 1 2 3 96 97 4 38 98 99 100 101 37 39 40 41 46 102 47 44 22 23 24 103 17 17 18 18 19 19 20 20 29 1 2 3 4 7 10 5 30 104 105 106 104 105 106
https://copykat.com/pina-colada-moscato-wine-cocktail/
769:  769 769 769 769 1 2 3 4 5 0 6 6 7 5 8 9 10 11 12 13 14 15 16 0 174 191 7 351 104 105 106 769 790 1 769 769 769 769 769 769 769 505 791 792 793 161 285 314 794 160 179 795 178 159 191 323 796 790 124 769 125 125 7 127 128 104 105 106 191 174 323 129 607 797 351 94 95 1 2 3 96 97 4 38 98 99 100 101 37 39 40 41 46 102 47 44 22 23 24 103 17 17 18 18 19 19 20 20 29 1 2 3 4 7 10 5 30 104 105 106 104 105 106
https://copykat.com/starbucks-caramel-macchiato/
770:  770 770 770 770 1 2 3 4 5 0 6 6 7 5 8 9 10 11 12 13 14 15 16 0 38 22 7 770 104 105 106 770 798 770 770 770 770 770 799 800 801 802 803 771 773 804 772 805 757 806 807 261 317 234 808 809 34 174 810 798 124 770 125 125 7 127 128 104 105 106 38 174 22 14 129 811 812 770 770 813 770 770 6 770 770 6 770 770 770 770 770 770 770 770 6 770 770 770 6 770 770 770 770 6 770 770 770 770 6 770 770 814 770 815 770 770 6 770 770 816 770 770 6 770 770 770 770 770 770 6 770 770 6 770 770 770 770 6 770 770 94 95 1 2 3 96 97 4 38 98 99 100 101 37 39 40 41 46 102 47 44 22 23 24 103 17 17 18 18 19 19 20 20 29 1 2 3 4 7 10 5 30 104 105 106 104 105 106
https://copykat.com/how-to-make-your-favorite-starbucks-flat-white/
771:  771 771 771 771 1 2 3 4 5 0 6 6 7 5 8 9 10 11 12 13 14 15 16 0 174 7 771 104 105 106 771 817 771 771 771 771 771 771 771 771 818 819 799 820 821 822 286 805 823 824 770 213 825 772 826 647 827 218 201 14 174 828 817 124 771 125 125 7 127 128 104 105 106 38 174 22 14 129 829 830 771 771 771 771 771 771 7 771 771 771 771 771 771 771 771 7 771 771 771 771 7 771 771 771 771 6 771 771 771 771 771 771 771 94 95 1 2 3 96 97 4 38 98 99 100 101 37 39 40 41 46 102 47 44 22 23 24 103 17 17 18 18 19 19 20 20 29 1 2 3 4 7 10 5 30 104 105 106 104 105 106
https://copykat.com/starbucks-cafe-mocha/
772:  772 772 772 772 1 2 3 4 5 0 6 6 7 5 8 9 10 11 12 13 14 15 16 0 38 22 7 772 104 105 106 772 831 832 167 167 833 834 772 772 772 772 835 286 805 773 757 234 226 219 188 206 581 218 187 174 38 836 831 124 772 125 125 7 127 128 104 105 106 38 174 22 14 129 170 485 837 772 837 772 838 772 94 95 1 2 3 96 97 4 38 98 99 100 101 37 39 40 41 46 102 47 44 22 23 24 103 17 17 18 18 19 19 20 20 29 1 2 3 4 7 10 5 30 104 105 106 104 105 106
https://copykat.com/starbucks-white-chocolate-mocha/
773:  773 773 773 773 1 2 3 4 5 0 6 6 7 5 8 9 10 11 12 13 14 15 16 0 38 22 7 773 104 105 106 773 773 839 840 833 841 771 770 842 200 186 843 844 119 845 160 251 174 38 846 839 124 773 125 125 7 127 128 104 105 106 38 174 22 14 129 847 848 849 773 849 773 849 773 849 773 849 773 849 773 7 849 773 849 773 849 773 849 773 849 773 849 773 850 849 773 6 849 773 849 773 849 773 849 773 849 773 849 773 849 773 851 773 94 95 1 2 3 96 97 4 38 98 99 100 101 37 39 40 41 46 102 47 44 22 23 24 103 17 17 18 18 19 19 20 20 29 1 2 3 4 7 10 5 30 104 105 106 104 105 106
https://copykat.com/wp-content/uploads/2020/12/Colorado-Bulldog-Pin2.jpg
774: 
https://copykat.com/wprm_print/recipe/25331
761:  752 774 125 125 761 124 7 127 154 752
https://copykat.com/kalhua-white-russian/
764:  764 764 764 764 1 2 3 4 5 0 6 6 7 5 8 9 10 11 12 13 14 15 16 0 253 7 764 104 105 106 764 852 764 764 764 764 764 764 764 764 764 764 751 752 753 396 853 754 767 854 180 771 826 218 772 647 191 41 855 852 124 764 125 125 7 127 128 104 105 106 191 174 129 856 752 764 764 6 764 764 764 764 764 94 95 1 2 3 96 97 4 38 98 99 100 101 37 39 40 41 46 102 47 44 22 23 24 103 17 17 18 18 19 19 20 20 29 1 2 3 4 7 10 5 30 104 105 106 104 105 106
https://copykat.com/redneck-margaritas-the-best-beer-margaritas/
765:  765 765 765 765 1 2 3 4 5 0 6 6 7 5 8 9 10 11 12 13 14 15 16 0 174 7 765 104 105 106 765 857 765 765 765 765 765 765 765 765 765 765 217 768 858 181 859 159 160 179 753 767 180 754 396 182 752 191 174 860 857 124 765 125 125 7 127 128 104 105 106 191 174 323 129 861 731 765 765 7 765 765 765 765 765 765 7 765 765 765 765 94 95 1 2 3 96 97 4 38 98 99 100 101 37 39 40 41 46 102 47 44 22 23 24 103 17 17 18 18 19 19 20 20 29 1 2 3 4 7 10 5 30 104 105 106 104 105 106
https://copykat.com/fleur-de-lis-cocktail/
766:  766 766 766 766 1 2 3 4 5 0 6 6 7 5 8 9 10 11 12 13 14 15 16 0 174 191 7 766 104 105 106 766 862 863 182 864 865 866 862 124 766 125 125 7 127 128 104 105 106 191 38 174 168 629 129 867 868 766 766 6 766 766 766 766 766 766 6 766 766 869 766 766 766 94 95 1 2 3 96 97 4 38 98 99 100 101 37 39 40 41 46 102 47 44 22 23 24 103 17 17 18 18 19 19 20 20 29 1 2 3 4 7 10 5 30 104 105 106 104 105 106
https://copykat.com/kalhua-mudslide/
767:  767 767 767 767 1 2 3 4 5 0 6 6 7 5 8 9 10 11 12 13 14 15 16 0 174 7 767 104 105 106 767 870 767 767 767 767 767 767 767 767 871 217 217 754 872 873 730 186 187 874 791 451 764 875 270 732 308 174 253 876 870 124 767 125 125 7 127 128 104 105 106 191 174 129 75 877 767 767 767 767 767 767 767 767 767 94 95 1 2 3 96 97 4 38 98 99 100 101 37 39 40 41 46 102 47 44 22 23 24 103 17 17 18 18 19 19 20 20 29 1 2 3 4 7 10 5 30 104 105 106 104 105 106
https://copykat.com/dole-whip-with-rum-float/
753:  753 753 753 753 1 2 3 4 5 0 6 6 7 5 8 9 10 11 12 13 14 15 16 0 253 7 753 104 105 106 753 878 217 753 753 753 753 753 753 879 217 880 186 805 791 218 872 881 730 842 187 161 792 314 174 323 882 878 124 753 125 125 7 217 127 128 104 105 106 191 38 174 22 323 129 877 595 753 753 753 753 753 753 7 753 753 753 94 95 1 2 3 96 97 4 38 98 99 100 101 37 39 40 41 46 102 47 44 22 23 24 103 17 17 18 18 19 19 20 20 29 1 2 3 4 7 10 5 30 104 105 106 104 105 106
https://copykat.com/simon-and-seaforts-brandy-ice/
880:  880 880 880 880 1 2 3 4 5 0 6 6 7 5 8 9 10 11 12 13 14 15 16 0 38 23 7 880 104 105 106 880 883 710 883 124 880 125 125 7 217 127 128 104 105 106 23 191 38 174 129 884 445 880 880 880 94 95 1 2 3 96 97 4 38 98 99 100 101 37 39 40 41 46 102 47 44 22 23 24 103 17 17 18 18 19 19 20 20 29 1 2 3 4 7 10 5 30 104 105 106 104 105 106
https://copykat.com/starbucks-horchata-frappuccino/
881:  881 881 881 881 1 2 3 4 5 0 6 6 7 5 8 9 10 11 12 13 14 15 16 0 38 22 7 881 104 105 106 881 885 186 805 306 806 886 823 804 757 887 885 124 881 125 125 7 217 127 128 104 105 106 38 174 22 14 129 888 889 881 881 7 881 881 881 881 881 881 881 881 881 881 881 881 881 881 881 94 95 1 2 3 96 97 4 38 98 99 100 101 37 39 40 41 46 102 47 44 22 23 24 103 17 17 18 18 19 19 20 20 29 1 2 3 4 7 10 5 30 104 105 106 104 105 106
https://copykat.com/wp-content/uploads/2020/06/Disney-Dole-Whip-Rum-Float-Pin4.jpg
882: 
https://copykat.com/wprm_print/recipe/47104
878:  753 882 125 125 878 124 7 127 154 753
https://copykat.com/kahlua-coffee-liqueur/
754:  754 754 754 754 1 2 3 4 5 0 6 6 7 5 8 9 10 11 12 13 14 15 16 0 174 191 7 754 104 105 106 754 754 890 754 754 754 754 754 754 754 754 754 754 396 854 180 891 767 765 179 188 757 892 529 893 722 174 148 894 890 124 754 125 125 7 127 128 104 105 106 191 209 174 129 199 178 754 754 754 754 6 754 754 754 754 754 94 95 1 2 3 96 97 4 38 98 99 100 101 37 39 40 41 46 102 47 44 22 23 24 103 17 17 18 18 19 19 20 20 29 1 2 3 4 7 10 5 30 104 105 106 104 105 106
https://copykat.com/wprm_print/recipe/25435
890:  754 894 125 125 890 124 7 127 154 754
https://copykat.com/harrys-bar-bellini-a-freshing-drink-with-peach-puree-and-champange/
891:  891 891 891 891 1 2 3 4 5 0 6 6 7 5 8 9 10 11 12 13 14 15 16 0 38 7 853 104 105 106 891 895 896 897 891 891 891 891 891 217 160 159 768 181 765 767 396 754 753 180 510 452 758 191 174 898 895 124 891 125 125 7 217 127 128 104 105 106 191 38 174 24 129 141 294 853 891 7 853 891 853 891 899 853 891 853 94 95 1 2 3 96 97 4 38 98 99 100 101 37 39 40 41 46 102 47 44 22 23 24 103 17 17 18 18 19 19 20 20 29 1 2 3 4 7 10 5 30 104 105 106 104 105 106
https://copykat.com/sonic-strawberry-limeade/
892:  892 892 892 892 1 2 3 4 5 0 6 6 7 5 8 9 10 11 12 13 14 15 16 0 38 7 892 104 105 106 892 892 900 901 892 892 892 892 892 902 903 449 451 187 758 893 757 581 212 647 791 510 174 22 904 900 124 892 125 125 7 127 128 104 105 106 38 174 22 168 129 905 906 892 892 7 892 892 892 892 907 892 892 6 892 892 892 892 892 892 892 892 892 94 95 1 2 3 96 97 4 38 98 99 100 101 37 39 40 41 46 102 47 44 22 23 24 103 17 17 18 18 19 19 20 20 29 1 2 3 4 7 10 5 30 104 105 106 104 105 106
https://copykat.com/chick-fil-a-frosted-lemonade/
893:  893 893 893 893 1 2 3 4 5 0 6 6 7 5 8 9 10 11 12 13 14 15 16 0 38 22 7 893 104 105 106 893 908 844 909 218 187 910 188 909 911 908 124 893 125 125 7 167 127 128 104 105 106 38 174 22 380 129 864 912 893 893 913 893 893 6 893 893 893 893 6 893 893 914 893 893 893 893 893 893 893 893 893 893 893 893 6 893 893 893 893 893 893 6 893 893 893 893 6 893 893 893 94 95 1 2 3 96 97 4 38 98 99 100 101 37 39 40 41 46 102 47 44 22 23 24 103 17 17 18 18 19 19 20 20 29 1 2 3 4 7 10 5 30 104 105 106 104 105 106
https://copykat.com/wp-content/uploads/2020/05/Homemade-Kahlua-Recipe-Pin.jpg
894: 
https://copykat.com/olive-garden-italian-margarita/
755:  755 755 755 755 1 2 3 4 5 0 6 6 7 5 8 9 10 11 12 13 14 15 16 0 38 11 7 755 104 105 106 755 915 755 755 755 755 755 755 755 751 179 916 917 666 157 918 156 765 753 396 767 181 180 11 191 919 915 124 755 125 125 7 127 128 104 105 106 23 191 38 174 11 129 920 61 755 94 95 1 2 3 96 97 4 38 98 99 100 101 37 39 40 41 46 102 47 44 22 23 24 103 17 17 18 18 19 19 20 20 29 1 2 3 4 7 10 5 30 104 105 106 104 105 106
https://copykat.com/wprm_print/recipe/57880
915:  755 919 125 125 915 124 7 127 154 755
https://copykat.com/olive-garden-soup-recipes-copycat/
916:  916 916 916 916 1 2 3 4 5 0 6 6 7 5 8 9 10 11 12 13 14 15 16 0 38 7 916 104 105 106 916 916 916 916 921 922 923 924 925 926 156 927 928 666 929 930 115 566 931 932 933 934 935 136 159 160 99 38 104 105 106 23 38 42 11 99 129 437 936 916 916 916 916 916 916 6 916 916 916 916 916 94 95 1 2 3 96 97 4 38 98 99 100 101 37 39 40 41 46 102 47 44 22 23 24 103 17 17 18 18 19 19 20 20 29 1 2 3 4 7 10 5 30 104 105 106 104 105 106
https://copykat.com/olive-garden-chicken-margarita/
917:  917 917 917 917 1 2 3 4 5 0 6 6 7 5 8 9 10 11 12 13 14 15 16 0 9 36 7 917 104 105 106 917 937 917 917 917 917 917 917 917 917 938 666 939 939 940 941 942 933 923 943 944 158 945 634 946 266 947 948 42 11 949 937 124 917 125 125 7 939 940 127 128 104 105 106 23 36 38 42 628 11 129 757 218 917 917 7 917 917 917 917 7 917 917 917 917 7 917 917 917 917 6 917 917 917 917 917 917 917 917 917 917 917 917 917 917 6 917 939 917 917 917 950 917 917 917 917 6 917 917 917 917 6 917 917 917 6 917 917 917 6 917 923 917 917 94 95 1 2 3 96 97 4 38 98 99 100 101 37 39 40 41 46 102 47 44 22 23 24 103 17 17 18 18 19 19 20 20 29 1 2 3 4 7 10 5 30 104 105 106 104 105 106
https://copykat.com/olive-garden-steak-gorgonzola-alfredo/
918:  918 918 918 918 1 2 3 4 5 0 6 6 7 5 8 9 10 11 12 13 14 15 16 0 38 7 918 104 105 106 918 951 952 953 930 944 936 566 916 954 510 955 571 956 957 958 11 959 960 951 124 918 125 125 7 127 128 104 105 106 32 23 38 42 11 959 129 961 962 963 918 964 918 94 95 1 2 3 96 97 4 38 98 99 100 101 37 39 40 41 46 102 47 44 22 23 24 103 17 17 18 18 19 19 20 20 29 1 2 3 4 7 10 5 30 104 105 106 104 105 106
https://copykat.com/wp-content/uploads/2021/01/Olive-Garden-Italian-Margarita-Pin-5.jpg
919: 
https://copykat.com/sonic-drive-in-fritos-chili-cheese-wrap/
920:  920 920 920 920 1 2 3 4 5 0 6 6 7 5 8 9 10 11 12 13 14 15 16 0 38 7 920 104 105 106 920 965 966 967 968 969 920 920 920 920 920 903 188 905 759 451 789 432 970 971 972 639 973 392 99 22 974 965 124 920 125 125 7 127 128 104 105 106 38 22 664 129 142 755 920 920 975 920 920 920 920 6 920 920 920 920 920 94 95 1 2 3 96 97 4 38 98 99 100 101 37 39 40 41 46 102 47 44 22 23 24 103 17 17 18 18 19 19 20 20 29 1 2 3 4 7 10 5 30 104 105 106 104 105 106
https://copykat.com/applebees-perfect-margarita/
756:  756 756 756 756 1 2 3 4 5 0 6 6 7 5 8 9 10 11 12 13 14 15 16 0 174 191 7 756 104 105 106 756 976 756 756 756 756 756 756 756 756 217 217 167 977 978 969 979 980 981 431 982 983 984 752 753 396 767 754 854 180 38 985 976 124 756 125 125 7 127 128 104 105 106 23 191 38 174 129 348 347 756 756 756 756 756 94 95 1 2 3 96 97 4 38 98 99 100 101 37 39 40 41 46 102 47 44 22 23 24 103 17 17 18 18 19 19 20 20 29 1 2 3 4 7 10 5 30 104 105 106 104 105 106
https://copykat.com/wprm_print/recipe/58659
976:  756 985 125 125 976 124 7 127 154 756
https://copykat.com/web-stories/web-stories/applebees-perfect-margarita/
979:  979 979 979 979 1 2 3 4 5 0 6 6 7 5 8 9 10 11 12 13 14 15 16 0 174 191 7 756 104 105 106 979 976 979 979 979 979 979 979 979 979 217 217 167 977 978 969 979 980 981 431 982 983 984 752 753 396 767 754 854 180 38 985 976 124 979 125 125 7 127 128 104 105 106 23 191 38 174 129 348 347 756 979 756 979 756 94 95 1 2 3 96 97 4 38 98 99 100 101 37 39 40 41 46 102 47 44 22 23 24 103 17 17 18 18 19 19 20 20 29 1 2 3 4 7 10 5 30 104 105 106 104 105 106
https://copykat.com/applebees-grilled-chicken-oriental-salad/
980:  980 980 980 980 1 2 3 4 5 0 6 6 7 5 8 9 10 11 12 13 14 15 16 0 38 23 7 980 104 105 106 980 986 980 980 980 980 980 980 980 982 940 987 988 989 990 929 991 992 993 994 981 431 983 984 46 23 995 986 124 980 125 125 7 982 940 127 128 104 105 106 23 36 38 996 129 997 998 980 980 7 980 980 980 980 6 980 982 980 980 980 980 980 6 980 980 980 980 6 980 980 980 980 980 980 980 980 980 980 6 980 980 980 980 980 980 980 980 980 980 980 980 980 980 980 94 95 1 2 3 96 97 4 38 98 99 100 101 37 39 40 41 46 102 47 44 22 23 24 103 17 17 18 18 19 19 20 20 29 1 2 3 4 7 10 5 30 104 105 106 104 105 106
https://copykat.com/applebees-bourbon-st-steak/
981:  981 981 981 981 1 2 3 4 5 0 6 6 7 5 8 9 10 11 12 13 14 15 16 0 9 32 7 981 104 105 106 981 999 1000 918 958 1001 999 124 981 125 125 7 127 128 104 105 106 32 23 38 664 129 1002 308 981 981 981 981 981 981 981 981 981 981 981 981 981 1003 981 981 981 981 981 981 981 981 907 981 981 94 95 1 2 3 96 97 4 38 98 99 100 101 37 39 40 41 46 102 47 44 22 23 24 103 17 17 18 18 19 19 20 20 29 1 2 3 4 7 10 5 30 104 105 106 104 105 106
https://copykat.com/applebees-oriental-salad-dressing/
982:  982 982 982 982 1 2 3 4 5 0 6 6 7 5 8 9 10 11 12 13 14 15 16 0 38 23 7 982 104 105 106 982 982 1004 982 982 982 982 982 982 982 982 982 1005 1006 1007 1008 1009 930 1010 646 1011 981 431 983 984 102 38 897 108 1012 1004 124 982 125 125 7 127 128 104 105 106 23 38 102 129 1013 997 1014 982 1014 982 1014 982 7 1014 982 1014 982 1014 982 1014 982 7 1014 982 1014 982 1014 982 7 1014 1014 982 1014 982 1015 982 94 95 1 2 3 96 97 4 38 98 99 100 101 37 39 40 41 46 102 47 44 22 23 24 103 17 17 18 18 19 19 20 20 29 1 2 3 4 7 10 5 30 104 105 106 104 105 106
https://copykat.com/applebees-queso-blanco/
983:  983 983 983 983 1 2 3 4 5 0 6 6 7 5 8 9 10 11 12 13 14 15 16 0 38 7 983 104 105 106 983 1016 1017 1018 1019 511 1020 1021 994 981 982 980 984 1022 80 1023 57 1024 31 677 1017 1016 124 983 125 125 7 127 128 104 105 106 31 23 38 676 129 1025 475 983 983 983 983 983 983 6 983 983 983 983 983 983 6 983 983 983 983 983 983 6 983 983 983 983 983 983 6 983 983 983 983 6 983 983 983 983 983 6 983 983 983 983 94 95 1 2 3 96 97 4 38 98 99 100 101 37 39 40 41 46 102 47 44 22 23 24 103 17 17 18 18 19 19 20 20 29 1 2 3 4 7 10 5 30 104 105 106 104 105 106
https://copykat.com/applebees-triple-chocolate-meltdown/
984:  984 984 984 984 1 2 3 4 5 0 6 6 7 5 8 9 10 11 12 13 14 15 16 0 38 23 7 984 104 105 106 984 1026 355 984 984 984 984 984 1027 981 1020 980 982 983 287 1028 872 1029 538 275 144 147 148 23 1030 1026 124 984 125 125 7 127 128 104 105 106 23 38 148 129 188 1031 984 984 984 984 984 984 1032 984 984 1033 984 984 1034 984 984 984 94 95 1 2 3 96 97 4 38 98 99 100 101 37 39 40 41 46 102 47 44 22 23 24 103 17 17 18 18 19 19 20 20 29 1 2 3 4 7 10 5 30 104 105 106 104 105 106
https://copykat.com/wp-content/uploads/2021/01/Applebees-Perfect-Margarita-Pin-3.jpg
985: 
https://copykat.com/copycat-starbucks-hibiscus-refresher-recipe/
757:  757 757 757 757 1 2 3 4 5 0 6 6 7 5 8 9 10 11 12 13 14 15 16 0 38 7 757 104 105 106 757 1035 1036 773 1037 1038 758 772 842 200 805 825 771 804 186 824 791 452 759 174 323 1039 1035 124 757 125 125 7 127 128 104 105 106 38 174 22 323 584 14 129 1040 917 757 757 7 757 757 757 757 757 757 757 757 757 757 7 757 757 757 757 757 757 757 757 757 757 7 757 757 757 757 7 757 757 757 757 7 757 757 1041 757 757 757 757 6 757 757 757 757 757 757 757 757 757 757 757 94 95 1 2 3 96 97 4 38 98 99 100 101 37 39 40 41 46 102 47 44 22 23 24 103 17 17 18 18 19 19 20 20 29 1 2 3 4 7 10 5 30 104 105 106 104 105 106
https://copykat.com/dennys-pancake-puppies/
1040:  1040 1040 1040 1040 1 2 3 4 5 0 6 6 7 5 8 9 10 11 12 13 14 15 16 0 38 7 1040 104 105 106 1040 1042 1040 1040 1040 1040 1040 1040 1040 1040 1031 1043 1044 1045 1046 1047 1048 1049 1050 1051 1052 404 1053 1054 1055 551 731 34 23 1056 1042 124 1040 125 125 7 127 128 104 105 106 34 23 38 129 511 757 1040 1040 1040 1040 1040 1040 6 1040 1040 1040 1040 1040 1040 7 1040 1040 1040 1040 1040 1040 1040 1040 6 1040 1040 1040 1040 94 95 1 2 3 96 97 4 38 98 99 100 101 37 39 40 41 46 102 47 44 22 23 24 103 17 17 18 18 19 19 20 20 29 1 2 3 4 7 10 5 30 104 105 106 104 105 106
https://copykat.com/wprm_print/recipe/29300
1035:  757 1039 125 125 1035 124 7 127 154 757
https://copykat.com/starbucks-maple-pecan-latte/
1036:  1036 1036 1036 1036 1 2 3 4 5 0 6 6 7 5 8 9 10 11 12 13 14 15 16 0 38 7 1036 104 105 106 1036 1057 1058 1059 1060 771 886 881 805 842 1061 1057 124 1036 125 125 7 127 128 104 105 106 38 174 22 14 129 1062 941 1036 1036 1036 1036 7 1036 1036 1036 1036 1036 1036 1036 1036 1036 1036 1036 1036 6 1036 1036 94 95 1 2 3 96 97 4 38 98 99 100 101 37 39 40 41 46 102 47 44 22 23 24 103 17 17 18 18 19 19 20 20 29 1 2 3 4 7 10 5 30 104 105 106 104 105 106
https://copykat.com/wp-content/uploads/2018/09/Starbucks-hibiscus-refresher-recipe-2.jpg
1039: 
https://copykat.com/22576/
758:  758 758 758 758 1 2 3 4 5 0 6 6 7 5 8 9 10 11 12 13 14 15 16 0 38 7 758 104 105 106 758 1063 1058 186 1064 1064 1065 730 770 1066 757 1067 823 806 1068 452 909 759 854 1069 1063 124 758 125 125 7 127 128 104 105 106 38 174 22 323 14 129 240 1070 1071 758 1071 758 1071 758 1071 758 1071 758 1071 758 1072 758 94 95 1 2 3 96 97 4 38 98 99 100 101 37 39 40 41 46 102 47 44 22 23 24 103 17 17 18 18 19 19 20 20 29 1 2 3 4 7 10 5 30 104 105 106 104 105 106
https://copykat.com/wprm_print/recipe/23473
1063:  758 1069 125 125 1063 124 7 127 154 758
https://copykat.com/starbucks-egg-and-cheese-protein-box/
1067:  1067 1067 1067 1067 1 2 3 4 5 0 6 6 7 5 8 9 10 11 12 13 14 15 16 0 38 7 1067 104 105 106 1067 1073 1067 1067 1067 1067 1067 1067 1067 1067 770 1074 317 1075 1076 1077 1078 1079 1080 1081 1082 200 807 825 14 1083 1073 124 1067 125 125 7 1084 127 128 104 105 106 34 38 22 14 129 1049 1085 1067 1067 1067 1067 6 1067 1067 1067 1067 1067 1067 1067 1067 1067 1067 1067 1067 1067 94 95 1 2 3 96 97 4 38 98 99 100 101 37 39 40 41 46 102 47 44 22 23 24 103 17 17 18 18 19 19 20 20 29 1 2 3 4 7 10 5 30 104 105 106 104 105 106
https://copykat.com/fruit-infused-water-2/
1068:  1068 1068 1068 1068 1 2 3 4 5 0 6 6 7 5 8 9 10 11 12 13 14 15 16 0 311 323 7 1068 104 105 106 1068 1086 1087 1088 1087 1086 124 1068 125 125 7 127 128 104 105 106 174 323 629 129 1089 220 1068 1068 1068 1068 6 1068 1068 1068 1068 1068 1068 1068 1068 1068 1068 1068 1090 1068 1068 1068 94 95 1 2 3 96 97 4 38 98 99 100 101 37 39 40 41 46 102 47 44 22 23 24 103 17 17 18 18 19 19 20 20 29 1 2 3 4 7 10 5 30 104 105 106 104 105 106
https://copykat.com/wp-content/uploads/2018/03/copycat-starbucks-passion-fruit-lemonade-recipe.jpg
1069: 
https://copykat.com/homemade-kfc-potato-wedges/
1070:  1070 1070 1070 1070 1 2 3 4 5 0 6 6 7 5 8 9 10 11 12 13 14 15 16 0 38 22 7 1070 104 105 106 1070 1070 1091 1092 572 1070 1070 1070 1070 1070 1093 580 1094 1095 970 912 1096 1097 121 1098 1099 1100 1101 38 48 1102 1091 124 1070 125 125 7 126 126 126 127 128 104 105 106 38 22 48 129 758 435 1070 1070 1070 1070 7 1070 1070 1070 1070 6 1070 1070 1070 1070 1070 1070 1070 1070 1070 1070 1070 1070 1070 1070 1070 1070 1070 1070 1070 1070 1070 1070 1070 1070 6 1070 1070 1070 1070 1070 1070 6 1070 1070 1070 1070 1070 94 95 1 2 3 96 97 4 38 98 99 100 101 37 39 40 41 46 102 47 44 22 23 24 103 17 17 18 18 19 19 20 20 29 1 2 3 4 7 10 5 30 104 105 106 104 105 106
https://copykat.com/22576/comment-page-2/
1071:  1071 1071 1071 1071 1 2 3 4 5 0 6 6 7 5 8 9 10 11 12 13 14 15 16 0 38 7 758 104 105 106 1071 1063 1058 186 1064 1064 1065 730 770 1066 757 1067 823 806 1068 452 909 759 854 1069 1063 124 1071 125 125 7 127 128 104 105 106 38 174 22 323 14 129 240 1070 1071 1071 1071 1071 1071 1071 1071 1071 1071 1071 1071 1071 1072 1071 94 95 1 2 3 96 97 4 38 98 99 100 101 37 39 40 41 46 102 47 44 22 23 24 103 17 17 18 18 19 19 20 20 29 1 2 3 4 7 10 5 30 104 105 106 104 105 106
https://copykat.com/22576/comment-page-1/
1072:  1072 1072 1072 1072 1 2 3 4 5 0 6 6 7 5 8 9 10 11 12 13 14 15 16 0 38 7 758 104 105 106 1072 1063 1058 186 1064 1064 1065 730 770 1066 757 1067 823 806 1068 452 909 759 854 1069 1063 124 1072 125 125 7 127 128 104 105 106 38 174 22 323 14 129 240 1070 1072 1072 1072 1072 1072 1072 1072 1072 1072 1072 1072 1072 1072 1072 1072 1072 1072 1072 1072 1072 1103 1072 1072 1072 1072 6 1072 1072 1072 1072 1072 1072 1104 1072 1072 1105 1072 1072 1106 1072 1072 1072 1072 1107 1072 1072 1108 1072 1072 758 1072 94 95 1 2 3 96 97 4 38 98 99 100 101 37 39 40 41 46 102 47 44 22 23 24 103 17 17 18 18 19 19 20 20 29 1 2 3 4 7 10 5 30 104 105 106 104 105 106
https://copykat.com/sonic-strawberry-lemonade/
759:  759 759 759 759 1 2 3 4 5 0 6 6 7 5 8 9 10 11 12 13 14 15 16 0 38 22 7 759 104 105 106 759 1109 759 759 759 759 759 759 759 759 909 892 1110 905 903 188 1111 1109 124 759 125 125 7 127 128 104 105 106 38 174 22 168 129 1112 188 759 759 759 759 1113 759 759 1114 759 759 759 94 95 1 2 3 96 97 4 38 98 99 100 101 37 39 40 41 46 102 47 44 22 23 24 103 17 17 18 18 19 19 20 20 29 1 2 3 4 7 10 5 30 104 105 106 104 105 106
https://copykat.com/oven-baked-sriracha-honey-wings/
1112:  1112 1112 1112 1112 1 2 3 4 5 0 6 6 7 5 8 9 10 11 12 13 14 15 16 0 9 36 7 1112 104 105 106 1112 1112 1115 549 126 79 1116 50 1117 109 1112 1118 1115 124 1112 125 125 7 126 127 128 104 105 106 31 36 380 129 1119 759 1112 1112 1112 1112 1120 1112 1112 1112 1112 1112 1112 1121 1112 1112 6 1112 1112 1112 94 95 1 2 3 96 97 4 38 98 99 100 101 37 39 40 41 46 102 47 44 22 23 24 103 17 17 18 18 19 19 20 20 29 1 2 3 4 7 10 5 30 104 105 106 104 105 106
https://copykat.com/wprm_print/recipe/23533
1109:  759 1111 125 125 1109 124 7 127 154 759
https://copykat.com/wp-content/uploads/2017/04/Strawberry-Sonic-Lemonade.jpg
1111: 
https://copykat.com/wp-content/uploads/2021/02/Killer-Kool-Aid-Cocktail-Pin-14.jpg
760: 
https://copykat.com/colonia-cottage-buttermilk-pie-try-this-old-fashioned-easy-to-make-pie/
743:  743 743 743 743 1 2 3 4 5 0 6 6 7 5 8 9 10 11 12 13 14 15 16 0 38 23 7 743 104 105 106 743 743 1122 743 743 743 743 582 1123 539 1124 1125 1122 124 743 125 125 7 127 128 104 105 106 23 38 148 691 129 1126 1127 743 743 743 743 743 94 95 1 2 3 96 97 4 38 98 99 100 101 37 39 40 41 46 102 47 44 22 23 24 103 17 17 18 18 19 19 20 20 29 1 2 3 4 7 10 5 30 104 105 106 104 105 106
https://copykat.com/wprm_print/recipe/24281
1122:  743 1125 125 125 1122 124 7 127 154 743
https://copykat.com/cherry-o-cheese-pie-2/
1123:  1123 1123 1123 1123 1 2 3 4 5 0 6 6 7 5 8 9 10 11 12 13 14 15 16 0 148 7 1123 104 105 106 1123 1128 1123 1123 1123 1123 1123 1123 458 1129 1130 1131 868 1132 410 1133 720 1134 139 446 1135 148 379 1136 1128 124 1123 125 125 7 127 128 104 105 106 148 523 691 129 1137 1138 1123 1123 1123 1123 7 1123 1123 1123 1123 1123 1123 7 1123 1123 1123 1123 1123 1123 1123 1123 1123 1123 1123 94 95 1 2 3 96 97 4 38 98 99 100 101 37 39 40 41 46 102 47 44 22 23 24 103 17 17 18 18 19 19 20 20 29 1 2 3 4 7 10 5 30 104 105 106 104 105 106
https://copykat.com/wprm_print/recipe/24001
1128:  1123 1136 125 125 1128 124 7 127 154 1123
https://copykat.com/cheesecake-factory-cheesecake/
1129:  1129 1129 1129 1129 1 2 3 4 5 0 6 6 7 5 8 9 10 11 12 13 14 15 16 0 38 7 1129 104 105 106 1129 1139 1129 1129 1129 1129 1129 1129 1129 1140 1141 1140 1142 1143 1144 287 1130 1145 458 1146 287 137 1147 458 1131 1123 582 736 148 164 1148 1139 124 1129 125 125 7 167 127 128 104 105 106 23 38 148 129 80 1149 1129 1129 1129 1129 7 1129 1129 1129 1129 7 1129 1129 1129 1129 1129 1129 7 1129 1129 1129 7 1129 1129 1129 1129 7 1129 1129 1129 1129 7 1129 1129 1129 7 1129 1129 1129 1129 1129 1129 1129 1129 1129 1129 1129 1129 1129 1129 1129 1129 1129 1129 1129 1129 7 1129 1129 1129 1150 1129 1129 1129 1129 1129 94 95 1 2 3 96 97 4 38 98 99 100 101 37 39 40 41 46 102 47 44 22 23 24 103 17 17 18 18 19 19 20 20 29 1 2 3 4 7 10 5 30 104 105 106 104 105 106
https://copykat.com/lindys-cheesecake-ii/
1130:  1130 1130 1130 1130 1 2 3 4 5 0 6 6 7 5 8 9 10 11 12 13 14 15 16 0 38 23 7 1130 104 105 106 1130 1151 868 138 1131 1152 1151 124 1130 125 125 7 167 127 128 104 105 106 23 38 148 129 1153 1154 1130 1130 1130 1130 1130 1130 1130 1130 1130 1130 1130 1130 1130 1130 6 1130 1130 1130 1155 1130 1130 1130 1130 6 1130 1130 1130 1130 6 1130 1130 1130 94 95 1 2 3 96 97 4 38 98 99 100 101 37 39 40 41 46 102 47 44 22 23 24 103 17 17 18 18 19 19 20 20 29 1 2 3 4 7 10 5 30 104 105 106 104 105 106
https://copykat.com/mandarin-orange-cheesecake/
1131:  1131 1131 1131 1131 1 2 3 4 5 0 6 6 7 5 8 9 10 11 12 13 14 15 16 0 148 7 1131 104 105 106 1131 1156 410 314 457 1157 1158 1156 124 1131 125 125 7 167 127 128 104 105 106 148 129 1159 1160 1131 1131 1131 1131 1131 1131 1131 1131 1131 1131 1131 1131 6 1131 1131 1131 1131 6 1131 1131 1131 1131 6 1131 1131 1131 1131 6 1131 1161 1131 1131 1131 6 1131 1131 1131 94 95 1 2 3 96 97 4 38 98 99 100 101 37 39 40 41 46 102 47 44 22 23 24 103 17 17 18 18 19 19 20 20 29 1 2 3 4 7 10 5 30 104 105 106 104 105 106
https://copykat.com/courthouse-inn-deluxe-cheesecake/
1132:  1132 1132 1132 1132 1 2 3 4 5 0 6 6 7 5 8 9 10 11 12 13 14 15 16 0 38 23 7 1132 104 105 106 1132 1162 1163 1162 124 1132 125 125 7 167 127 128 104 105 106 23 38 148 129 1164 1165 1132 1132 1132 94 95 1 2 3 96 97 4 38 98 99 100 101 37 39 40 41 46 102 47 44 22 23 24 103 17 17 18 18 19 19 20 20 29 1 2 3 4 7 10 5 30 104 105 106 104 105 106
https://copykat.com/cheesecake-factory-bakery-oreo-cheesecake/
1134:  1134 1134 1134 1134 1 2 3 4 5 0 6 6 7 5 8 9 10 11 12 13 14 15 16 0 38 23 7 1134 104 105 106 1134 1134 1166 1167 1134 1134 1134 1134 1134 1134 1134 1134 1134 167 167 1129 868 1168 947 161 489 258 1169 486 287 542 231 237 23 148 1170 1166 124 1134 125 125 7 167 127 128 104 105 106 23 38 148 129 1171 1172 1173 1134 1173 1134 7 1173 1134 1173 1134 1173 1134 1173 1134 1173 1134 1173 1134 1173 1134 7 1173 1134 1173 1134 7 1173 1134 1173 1134 1173 1134 1173 1134 1173 1134 1173 1134 1121 1173 1134 1173 1134 1173 1134 1174 1134 94 95 1 2 3 96 97 4 38 98 99 100 101 37 39 40 41 46 102 47 44 22 23 24 103 17 17 18 18 19 19 20 20 29 1 2 3 4 7 10 5 30 104 105 106 104 105 106
https://copykat.com/ci-cis-cherry-pizza/
1135:  1135 1135 1135 1135 1 2 3 4 5 0 6 6 7 5 8 9 10 11 12 13 14 15 16 0 38 23 7 1135 104 105 106 1135 1175 1176 1175 124 1135 125 125 7 127 128 104 105 106 23 38 148 42 129 1177 315 1135 1135 1135 1135 1135 1135 1135 94 95 1 2 3 96 97 4 38 98 99 100 101 37 39 40 41 46 102 47 44 22 23 24 103 17 17 18 18 19 19 20 20 29 1 2 3 4 7 10 5 30 104 105 106 104 105 106
https://copykat.com/wp-content/uploads/2019/08/slice-of-cherry-o-cheese-pie.jpg
1136: 
https://copykat.com/products-that-frustrate-individually-wrapped-hot-dogs/
1137:  1137 1137 1137 1137 1 2 3 4 5 0 6 6 7 5 8 9 10 11 12 13 14 15 16 0 470 7 1137 104 105 106 1178 104 105 106 470 129 1179 1123 1180 1137 1180 1137 1180 1137 1180 1137 1180 1137 1180 1137 1180 1137 1181 1137 94 95 1 2 3 96 97 4 38 98 99 100 101 37 39 40 41 46 102 47 44 22 23 24 103 17 17 18 18 19 19 20 20 29 1 2 3 4 7 10 5 30 104 105 106 104 105 106
https://copykat.com/buffalo-chicken-pizza/
1138:  1138 1138 1138 1138 1 2 3 4 5 0 6 6 7 5 8 9 10 11 12 13 14 15 16 0 9 36 7 1138 104 105 106 1138 1182 1138 1138 1138 1138 1138 1183 1184 1185 1186 1182 124 1138 125 125 7 127 128 104 105 106 36 42 129 1123 1187 1188 1138 1188 1138 1188 1138 1189 1188 1138 1190 1138 94 95 1 2 3 96 97 4 38 98 99 100 101 37 39 40 41 46 102 47 44 22 23 24 103 17 17 18 18 19 19 20 20 29 1 2 3 4 7 10 5 30 104 105 106 104 105 106
https://copykat.com/wp-content/uploads/2019/03/buttermilk-pie.jpg
1125: 
https://copykat.com/calico-beans-a-hearty-bean-dish-you-can-serve-as-a-whole-meal/
1126:  1126 1126 1126 1126 1 2 3 4 5 0 6 6 7 5 8 9 10 11 12 13 14 15 16 0 8 362 7 1126 104 105 106 1126 1191 1126 1126 1126 1126 1192 1191 124 1126 125 125 7 1193 1194 127 128 1195 420 338 104 105 106 362 664 129 1196 743 6 1126 1126 1126 94 95 1 2 3 96 97 4 38 98 99 100 101 37 39 40 41 46 102 47 44 22 23 24 103 17 17 18 18 19 19 20 20 29 1 2 3 4 7 10 5 30 104 105 106 104 105 106
https://copykat.com/wprm_print/recipe/24284
1191:  1126 1192 125 125 1191 124 7 1193 1194 127 154 1126
https://copykat.com/wp-content/uploads/2019/04/calico-bean-recipe-pin.jpg
1192: 
https://copykat.com/wp-content/uploads/2019/04/saute-ground-beef-bacon.jpg
1193: 
https://copykat.com/wp-content/uploads/2019/04/cooking-beans-calico-beans.jpg
1194: 
https://copykat.com/baked-beans-quintet/
1195:  1195 1195 1195 1195 1 2 3 4 5 0 6 6 7 5 8 9 10 11 12 13 14 15 16 0 377 7 1195 104 105 106 1195 1197 1198 1197 124 1195 125 125 7 127 128 104 105 106 377 129 1199 1200 1195 1195 1195 94 95 1 2 3 96 97 4 38 98 99 100 101 37 39 40 41 46 102 47 44 22 23 24 103 17 17 18 18 19 19 20 20 29 1 2 3 4 7 10 5 30 104 105 106 104 105 106
https://copykat.com/dans-baby-back-ribs-you-can-make-tasty-ribs/
1196:  1196 1196 1196 1196 1 2 3 4 5 0 6 6 7 5 8 9 10 11 12 13 14 15 16 0 9 1201 7 1196 104 105 106 1196 1202 710 1202 124 1196 125 125 7 127 128 104 105 106 1201 129 1203 1126 6 1196 1196 1196 94 95 1 2 3 96 97 4 38 98 99 100 101 37 39 40 41 46 102 47 44 22 23 24 103 17 17 18 18 19 19 20 20 29 1 2 3 4 7 10 5 30 104 105 106 104 105 106
https://copykat.com/brennans-oyster-soup-have-a-taste-of-new-orleans-any-night-of-the-week/
1127:  1127 1127 1127 1127 1 2 3 4 5 0 6 6 7 5 8 9 10 11 12 13 14 15 16 0 38 24 7 1127 104 105 106 1127 1204 1205 1206 1204 124 1127 125 125 7 127 128 1207 1208 1209 104 105 106 38 24 99 129 743 1210 1127 1127 1127 1127 6 1127 1127 1127 1127 6 1127 1127 1127 1127 94 95 1 2 3 96 97 4 38 98 99 100 101 37 39 40 41 46 102 47 44 22 23 24 103 17 17 18 18 19 19 20 20 29 1 2 3 4 7 10 5 30 104 105 106 104 105 106
https://copykat.com/wprm_print/recipe/24279
1204:  1127 1206 125 125 1204 124 7 127 154 1127
https://copykat.com/brennans-banana-foster/
1205:  1205 1205 1205 1205 1 2 3 4 5 0 6 6 7 5 8 9 10 11 12 13 14 15 16 0 38 7 1205 104 105 106 1205 1211 1205 1205 1205 1205 1205 1205 1205 1205 269 1212 1213 448 581 1214 1215 414 1216 1217 1218 1219 1220 1221 148 24 1222 1211 124 1205 125 125 7 127 128 104 105 106 38 148 24 1223 129 73 72 1205 1205 7 1205 1205 1205 1205 1205 1205 1205 1205 1205 1205 6 1205 1205 1205 1205 1205 1205 1205 94 95 1 2 3 96 97 4 38 98 99 100 101 37 39 40 41 46 102 47 44 22 23 24 103 17 17 18 18 19 19 20 20 29 1 2 3 4 7 10 5 30 104 105 106 104 105 106
https://copykat.com/wp-content/uploads/2009/09/oyster.jpg
1206: 
https://copykat.com/wille-gs-oyster-bar-trash/
1207:  1207 1207 1207 1207 1 2 3 4 5 0 6 6 7 5 8 9 10 11 12 13 14 15 16 0 38 24 7 1207 104 105 106 1207 1224 1206 1224 124 1207 125 125 7 940 127 128 104 105 106 31 24 959 1225 129 1226 1227 899 1207 1207 1207 94 95 1 2 3 96 97 4 38 98 99 100 101 37 39 40 41 46 102 47 44 22 23 24 103 17 17 18 18 19 19 20 20 29 1 2 3 4 7 10 5 30 104 105 106 104 105 106
https://copykat.com/commanders-oysters-rockefeller/
1208:  1208 1208 1208 1208 1 2 3 4 5 0 6 6 7 5 8 9 10 11 12 13 14 15 16 0 38 24 7 1208 104 105 106 1208 1228 1229 1230 1228 124 1208 125 125 7 127 128 1127 1231 1209 104 105 106 31 38 24 1225 129 1232 1233 1208 1208 1208 1208 1208 1208 1208 1208 1208 1208 1208 94 95 1 2 3 96 97 4 38 98 99 100 101 37 39 40 41 46 102 47 44 22 23 24 103 17 17 18 18 19 19 20 20 29 1 2 3 4 7 10 5 30 104 105 106 104 105 106
https://copykat.com/pappadeaux-blackened-oyster-and-shrimp-fondeaux/
1209:  1209 1209 1209 1209 1 2 3 4 5 0 6 6 7 5 8 9 10 11 12 13 14 15 16 0 38 23 7 1209 104 105 106 1209 1234 710 1234 124 1209 125 125 7 127 128 104 105 106 31 23 38 1225 129 1233 1235 1209 1209 6 1209 1209 6 1209 1209 1209 1209 1209 1209 1209 94 95 1 2 3 96 97 4 38 98 99 100 101 37 39 40 41 46 102 47 44 22 23 24 103 17 17 18 18 19 19 20 20 29 1 2 3 4 7 10 5 30 104 105 106 104 105 106
https://copykat.com/wp-content/uploads/2020/02/Kool-Aid-Pie-Recipe-Pin.jpg
744: 
https://copykat.com/peaches-and-cream-salsa/
745:  745 745 745 745 1 2 3 4 5 0 6 6 7 5 8 9 10 11 12 13 14 15 16 0 8 676 7 745 104 105 106 745 1236 1237 745 745 745 745 994 1238 1236 124 745 125 125 7 1239 127 128 1240 1241 655 104 105 106 677 676 129 573 736 745 745 745 94 95 1 2 3 96 97 4 38 98 99 100 101 37 39 40 41 46 102 47 44 22 23 24 103 17 17 18 18 19 19 20 20 29 1 2 3 4 7 10 5 30 104 105 106 104 105 106
https://copykat.com/wprm_print/recipe/24233
1236:  745 1238 125 125 1236 124 7 1239 127 154 745
https://copykat.com/wp-content/uploads/2019/05/Peaches-and-cream-homemade-salsa.jpg
1238: 
https://copykat.com/wp-content/uploads/2019/05/peaches-cream-salsa-ingredients.jpg
1239: 
https://copykat.com/saltgrass-steakhouse-boiled-shrimp-and-avocado-salsa/
1240:  1240 1240 1240 1240 1 2 3 4 5 0 6 6 7 5 8 9 10 11 12 13 14 15 16 0 38 23 7 1240 104 105 106 1240 1242 1243 1243 1242 124 1240 125 125 7 127 128 104 105 106 31 23 38 129 52 1244 1240 1240 1240 1240 1240 1240 1240 1240 1240 1240 1240 94 95 1 2 3 96 97 4 38 98 99 100 101 37 39 40 41 46 102 47 44 22 23 24 103 17 17 18 18 19 19 20 20 29 1 2 3 4 7 10 5 30 104 105 106 104 105 106
https://copykat.com/wprm_print/recipe/23878
1242:  1240 1243 125 125 1242 124 7 127 154 1240
https://copykat.com/white-cheddar-cheese-beer-soup/
1244:  1244 1244 1244 1244 1 2 3 4 5 0 6 6 7 5 8 9 10 11 12 13 14 15 16 0 557 379 7 1244 104 105 106 1244 1245 1246 1246 1245 124 1244 125 125 7 127 128 104 105 106 379 327 99 129 1240 428 1244 1244 1244 1244 1244 1244 1244 1244 1244 94 95 1 2 3 96 97 4 38 98 99 100 101 37 39 40 41 46 102 47 44 22 23 24 103 17 17 18 18 19 19 20 20 29 1 2 3 4 7 10 5 30 104 105 106 104 105 106
