https://www.food.com/
0:  1 2 3 4 5 6 7 8 9 10 11 12 0 13 14 15 16 17 18 19 18 20 21 22 23 24 25 26 27 28 29 30 31 32 31 33 0 0 0 6 34 35
https://www.food.com
1:  1 2 3 4 5 6 7 8 9 10 11 12 1 13 14 15 16 17 18 19 18 20 21 22 23 24 25 26 27 28 29 30 31 32 31 33 1 1 1 6 34 35
https://www.food.com/recipes
2:  1 2 3 4 5 6 36 2 13 14 15 16 17 18 19 18 20 21 22 23 24 25 26 27 28 29 30 31 32 31 33 2 2 2 6 34 35
https://www.food.com/app
36:  1 2 3 4 5 6 7 8 9 10 11 12 36 13 14 15 16 17 18 19 18 20 21 22 23 24 25 26 27 28 29 30 31 32 31 33 36 36 36 6 34 35
https://www.food.com/ideas/community-6816
3:  1 2 3 4 5 6 10 10 10 10 10 10 10 10 37 38 38 38 38 38 38 38 38 39 40 40 41 41 41 41 41 41 41 41 12 42 42 42 42 42 42 42 42 10 10 43 44 44 44 44 44 44 44 44 10 10 44 12 12 12 12 12 12 12 12 42 10 10 39 39 39 39 39 39 39 39 41 37 37 37 37 37 37 37 37 37 37 10 43 43 43 43 43 43 43 43 38 44 44 3 13 14 15 16 17 18 19 18 20 21 22 23 24 25 26 27 28 29 30 31 32 31 33 3 3 3 6 34 35
https://www.food.com/ideas/75-top-rated-recipes-of-all-time-6719
37:  1 2 3 4 5 6 45 46 47 48 49 50 51 52 53 54 55 56 57 58 59 60 61 62 63 64 65 66 67 68 69 70 71 72 73 74 75 76 77 78 79 80 81 82 83 84 85 86 87 88 89 90 91 92 93 94 95 96 97 98 99 100 101 102 103 104 105 106 107 108 109 110 111 112 113 114 115 116 117 118 119 37 13 14 15 16 17 18 19 18 20 21 22 23 24 25 26 27 28 29 30 31 32 31 33 37 37 37 6 34 35
https://www.food.com/recipe/best-banana-bread-2886
45:  1 120 3 4 5 6 121 122 123 120 124 125 126 45 45 126 45 45 45 45 127 128 129 130 131 132 133 134 45 135 135 135 136 136 137 137 138 137 139 139 140 139 120 45 13 141 142 16 17 18 23 24 25 26 27 28 143 144 30 145 32 33
https://www.food.com/about/sugar-139
128:  1 2 3 4 5 6 146 128 13 14 15 16 17 18 19 18 20 21 22 23 24 25 26 27 28 29 30 31 32 31 33 128 128 128 6 34 35
https://www.food.com/about
146:  1 2 3 4 5 6 36 146 13 14 15 16 17 18 19 18 20 21 22 23 24 25 26 27 28 29 30 31 32 31 33 146 146 146 6 34 35
https://www.food.com/about/egg-142
129:  1 2 3 4 5 6 146 147 129 13 14 15 16 17 18 19 18 20 21 22 23 24 25 26 27 28 29 30 31 32 31 33 129 129 129 6 34 35
https://www.food.com/19402
147:  1 120 3 4 5 121 122 123 120 148 149 147 147 149 147 147 147 147 150 151 147 152 152 153 152 154 154 155 154 156 156 157 157 120 147 13 141 142 16 17 18 23 24 25 26 27 28 143 144 30 145 32 33
https://www.food.com/topic/grains
148:  1 2 3 4 5 6 36 158 159 160 161 162 161 163 164 165 164 166 167 168 167 169 170 171 170 172 173 174 173 175 176 177 176 178 179 180 179 181 182 162 182 183 184 162 184 185 186 168 186 187 148 13 14 15 16 17 18 19 18 20 21 22 23 24 25 26 27 28 29 30 31 32 31 33 148 148 148 6 34 35
https://www.food.com/topic/grains/popular
158:  1 2 3 4 5 6 36 188 159 160 189 162 189 190 191 192 191 193 194 165 194 195 196 162 196 197 198 165 198 199 200 168 200 201 202 192 202 193 203 165 203 204 205 162 205 183 206 207 206 208 158 13 14 15 16 17 18 19 18 20 21 22 23 24 25 26 27 28 29 30 31 32 31 33 158 158 158 6 34 35
https://www.food.com/topic/grains/recommended
188:  1 2 3 4 5 6 36 158 159 160 161 162 161 163 164 165 164 166 167 168 167 169 170 171 170 172 173 174 173 175 176 177 176 178 179 180 179 181 182 162 182 183 184 162 184 185 186 168 186 187 188 13 14 15 16 17 18 19 18 20 21 22 23 24 25 26 27 28 29 30 31 32 31 33 188 188 188 6 34 35
https://www.food.com/recipe/whole-grain-pancake-mix-73505
189:  1 120 3 4 5 6 121 122 123 120 209 190 189 189 190 189 189 189 189 210 211 212 131 213 214 132 133 129 213 134 189 205 205 183 205 156 156 157 157 215 215 120 189 13 141 142 16 17 18 23 24 25 26 27 28 143 144 30 145 32 33
https://www.food.com/topic/breakfast
209:  1 2 3 4 5 6 4 216 36 217 218 219 4 216 91 171 91 220 221 168 221 222 56 171 56 223 224 168 224 225 226 227 226 228 229 168 229 230 80 207 80 231 232 162 232 233 209 13 14 15 16 17 18 19 18 20 21 22 23 24 25 26 27 28 29 30 31 32 31 33 209 209 209 6 34 35
https://www.food.com/recipe/crepes-18410
224:  1 120 3 4 5 121 122 123 120 209 234 225 224 224 225 224 224 224 224 131 213 129 133 224 235 235 235 236 236 237 237 238 237 239 239 240 239 120 224 13 141 142 16 17 18 23 24 25 26 27 28 143 144 30 145 32 33
https://www.food.com/recipe/all/editor-pick
234:  1 2 3 4 5 6 36 234 13 14 15 16 17 18 19 18 20 21 22 23 24 25 26 27 28 29 30 31 32 31 33 234 234 234 6 34 35
https://www.food.com/ideas/most-popular-recipes-of-the-year-6920
235:  1 2 3 4 5 6 241 45 242 243 65 62 61 54 244 245 56 97 224 103 50 101 53 246 77 105 247 94 248 249 67 49 250 88 76 251 252 253 115 106 254 255 256 58 257 64 48 258 66 259 59 260 261 93 262 137 263 235 13 14 15 16 17 18 19 18 20 21 22 23 24 25 26 27 28 29 30 31 32 31 33 235 235 235 6 34 35
https://www.food.com/recipe/banana-chocolate-chip-muffins-19424
256:  1 120 3 4 5 6 121 122 123 120 124 125 264 256 256 264 256 256 256 256 130 129 265 213 128 212 131 132 133 266 267 256 135 135 135 268 268 269 268 270 270 271 270 272 272 273 272 120 256 13 141 142 16 17 18 23 24 25 26 27 28 143 144 30 145 32 33
https://www.food.com/user/27395
264:  1 2 3 4 5 6 264 264 36 264 13 14 15 16 17 18 19 18 20 21 22 23 24 25 26 27 28 29 30 31 32 31 33 264 264 264 6 34 35
https://www.food.com/about/buttermilk-143
265:  1 2 3 4 5 6 146 265 13 14 15 16 17 18 19 18 20 21 22 23 24 25 26 27 28 29 30 31 32 31 33 265 265 265 6 34 35
https://www.food.com/about/chocolate-224
266:  1 2 3 4 5 6 146 266 13 14 15 16 17 18 19 18 20 21 22 23 24 25 26 27 28 29 30 31 32 31 33 266 266 266 6 34 35
https://www.food.com/about/walnut-314
267:  1 2 3 4 5 6 146 267 13 14 15 16 17 18 19 18 20 21 22 23 24 25 26 27 28 29 30 31 32 31 33 267 267 267 6 34 35
https://www.food.com/recipe/totally-decadent-banana-chocolate-chip-muffins-light-216598
268:  1 120 3 4 5 6 121 122 123 120 124 269 268 268 269 268 268 268 268 130 274 128 275 129 211 131 131 214 132 268 276 276 277 276 156 156 157 157 215 215 120 268 13 141 142 16 17 18 23 24 25 26 27 28 143 144 30 145 32 33
https://www.food.com/about/applesauce-439
274:  1 2 3 4 5 6 146 274 13 14 15 16 17 18 19 18 20 21 22 23 24 25 26 27 28 29 30 31 32 31 33 274 274 274 6 34 35
https://www.food.com/about/yogurt-315
275:  1 2 3 4 5 6 146 275 13 14 15 16 17 18 19 18 20 21 22 23 24 25 26 27 28 29 30 31 32 31 33 275 275 275 6 34 35
https://www.food.com/recipe/double-decadent-muffins-97518
276:  1 120 3 4 5 6 121 122 123 120 124 277 276 276 277 278 212 134 213 129 133 214 131 266 267 279 276 268 268 269 268 156 156 157 157 215 215 120 276 13 141 142 16 17 18 23 24 25 26 27 28 143 144 30 145 32 33
https://www.food.com/about/margarine-421
278:  1 2 3 4 5 6 146 278 13 14 15 16 17 18 19 18 20 21 22 23 24 25 26 27 28 29 30 31 32 31 33 278 278 278 6 34 35
https://www.food.com/about/pecan-276
279:  1 2 3 4 5 6 146 279 13 14 15 16 17 18 19 18 20 21 22 23 24 25 26 27 28 29 30 31 32 31 33 279 279 279 6 34 35
https://www.food.com/user/151133
277:  1 2 3 4 5 6 277 277 36 277 13 14 15 16 17 18 19 18 20 21 22 23 24 25 26 27 28 29 30 31 32 31 33 277 277 277 6 34 35
https://www.food.com/user/226066
269:  1 2 3 4 5 6 269 269 36 269 13 14 15 16 17 18 19 18 20 21 22 23 24 25 26 27 28 29 30 31 32 31 33 269 269 269 6 34 35
https://www.food.com/recipe/banana-chocolate-chip-daylight-in-the-swamp-breakfast-muffins-250648
270:  1 120 3 4 5 6 121 122 123 120 124 271 270 270 271 270 270 270 127 131 128 214 132 133 129 213 130 270 156 156 157 157 215 215 280 280 120 270 13 141 142 16 17 18 23 24 25 26 27 28 143 144 30 145 32 33
https://www.food.com/ideas/quick-easy-pasta-recipes-6078
280:  1 2 3 4 5 6 281 282 283 284 285 286 287 288 289 290 291 292 293 294 295 296 297 298 299 300 301 302 303 304 305 306 307 308 309 310 311 312 313 314 315 316 317 318 319 320 321 322 323 324 280 13 14 15 16 17 18 19 18 20 21 22 23 24 25 26 27 28 29 30 31 32 31 33 280 280 280 6 34 35
